0 0.393052094141 0.461015300694 0.0257812319444 0.0210937351562
0 0.373276716406 0.469218419444 0.0468749666667 0.0369140359375
0 0.364048207813 0.483280910417 0.0468749680556 0.01845701875
0 0.340976934766 0.483280911111 0.0609374583333 0.0435058304688
0 0.315928123438 0.500859024306 0.0585937097222 0.0408691125
0 0.583554892578 0.4797652875 0.0304687277778 0.0329589617187
0 0.602011911328 0.497343400694 0.0468749680556 0.0329589617188
0 0.619150571094 0.503202772222 0.0539062138889 0.0408691125
0 0.274399831641 0.50671839375 0.0843749402778 0.0685546398438
0 0.646836099219 0.519609011111 0.0726562 0.0619628484375
0 0.478745394531 0.659062040278 0.4359372 0.292675579688
0 0.862387708984 0.654374543056 0.520312141667 0.274218561719
