0 0.363227944922 0.659326088194 0.0234374958333 0.0140624976562
0 0.353559977344 0.660888588889 0.0265624972222 0.0105468734375
0 0.425190827734 0.660107340972 0.0156250013889 0.0131835914062
0 0.439253326172 0.666357339583 0.0281249986111 0.0184570289062
0 0.456831448437 0.666357336806 0.0374999930556 0.025488278125
0 0.336860760156 0.661669838889 0.021875 0.0228515609375
0 0.311372482422 0.664013588889 0.0328124972222 0.0281249960938
0 0.2709428 0.666357338194 0.0562499930556 0.05273436875
0 0.203706480859 0.660888590278 0.104687488889 0.0870117085937
0 0.375556582812 0.659374915972 0.0156249986111 0.0096679671875
1 0.485400483594 0.667894740278 0.0639473694444 0.0479605265625
