0 0.433236951563 0.449676944444 0.0293833166667 0.012855203125
0 0.420840864063 0.449676944444 0.0293833166667 0.011936971875
0 0.411199464453 0.448860740278 0.0342805333333 0.0146916585938
0 0.39926249375 0.452125554167 0.0375453472222 0.0165281140625
0 0.390080204297 0.454574163194 0.0457073791667 0.0183645679688
0 0.381816150391 0.457022775 0.0473397888889 0.0202010289062
0 0.354269291016 0.463552397222 0.0538694083333 0.0459114289063
0 0.306521405859 0.471714429861 0.0701934736111 0.0404020570312
0 0.248213891406 0.483957477778 0.104474008333 0.100086915625
0 0.189447261328 0.502730150694 0.106106418056 0.0982504585938
0 0.0893603457031 0.528848652083 0.145284165278 0.122124402344
0 0.0150673015625 0.536194479861 0.137122134722 0.030134603125
0 0.536996780469 0.444779723611 0.0293833166667 0.007345828125
0 0.546179066406 0.448044536111 0.0359129416667 0.009182284375
0 0.557656924219 0.447228334028 0.0408101625 0.0119369703125
0 0.568216552734 0.456206569444 0.0489721916667 0.0110187445313
0 0.592549610547 0.457838974306 0.0359129375 0.0192828007812
