0 0.434379535547 0.381814579861 0.0149584569444 0.00841413203125
0 0.425439520703 0.382749484028 0.0243074902778 0.0115694304688
0 0.416499505078 0.387424000694 0.0261772986111 0.0126211976562
0 0.367066483594 0.396773038889 0.0486149833333 0.027345928125
0 0.356548817969 0.40238245625 0.0448753680556 0.0315529921875
0 0.337617023437 0.408926781944 0.0542244027778 0.0315529921875
0 0.459096045703 0.384619290278 0.0168282611111 0.00736236484375
0 0.465406644922 0.386489098611 0.0205678777778 0.00946589765625
0 0.487493740234 0.397707938889 0.046745175 0.0136729648438
0 0.503270236328 0.400512651389 0.0560942083333 0.0347082914063
0 0.564798573047 0.433234273611 0.114058227778 0.0399671242187
0 0.746754164062 0.357507088889 0.0299169111111 0.0357600578125
0 0.777781274219 0.399577745833 0.110318608333 0.0957107453125
0 0.264519256641 0.454830549306 0.175761856944 0.156713197656
0 0.405455957812 0.391257111111 0.0261772972222 0.0178800296875
0 0.451207798047 0.382842980556 0.0205678777778 0.00841413359375
0 0.443319548828 0.381908077778 0.0149584555556 0.00736236484375
0 0.514313784375 0.408085372917 0.0635734375 0.046277721875
0 0.650517536719 0.441741898611 0.246814522222 0.17564499375
0 0.471717242969 0.389854754861 0.0224376847222 0.009465896875
