0 0.0330495964844 0.493359036806 0.0445312208333 0.0660991929687
0 0.0687359109375 0.479296545139 0.0445312180556 0.0659179234375
0 0.163657719922 0.452343438889 0.0937499361111 0.121288978906
0 0.244077586719 0.467577804167 0.0257812305556 0.0369140359375
0 0.255942812891 0.447655942361 0.0328124763889 0.0316406039063
0 0.347568727734 0.455859061111 0.0257812305556 0.0276855273438
0 0.324497453906 0.449999689583 0.0281249819444 0.0210937359375
0 0.374413805469 0.446484048611 0.0257812305556 0.0210937359375
0 0.357934324219 0.43476530625 0.0117187402778 0.0145019421875
0 0.0711913570312 0.425390315278 0.0164062361111 0.0342773203125
0 0.0402099332031 0.42421844375 0.0140624930556 0.0171386601563
0 0.0204345554687 0.428905938194 0.0140624930556 0.0171386578125
0 0.00527343398438 0.426562189583 0.0187499847222 0.0105468679688
0 0.981039971094 0.51093715 0.131249911111 0.0369140375
0 0.404076870703 0.445898129861 0.0164062402778 0.0197753773437
0 0.444286803906 0.434179389583 0.0164062402778 0.0158203015625
0 0.457470388672 0.436523136806 0.0117187402778 0.0105468679688
0 0.517785289453 0.451757502778 0.037499975 0.0250488117188
0 0.592470288672 0.463359065972 0.0679687041667 0.0448241882812
0 0.566894140625 0.455468424306 0.0374999736111 0.0210937359375
0 0.549755481641 0.442577807639 0.0304687291667 0.0131835851563
0 0.538549434375 0.432030940972 0.0234374847222 0.009228509375
0 0.634789603516 0.462499670833 0.0562499611111 0.0382323960937
0 0.665111847266 0.449609054167 0.0304687277778 0.0197753773438
0 0.486474274609 0.42890595625 0.0117187402778 0.0105468664062
