0 0.244515416016 0.344387908333 0.0367347111111 0.0318558820313
0 0.165736680469 0.344387907639 0.0459183875 0.049936246875
0 0.674946492578 0.361224653472 0.0551020680556 0.0430484882812
0 0.751572802734 0.356632811111 0.107142902778 0.0585459445312
0 0.608275146094 0.342857297917 0.0183673569444 0.0086096984375
0 0.600095932422 0.350510363194 0.0336734875 0.0163584257812
0 0.632382297656 0.356632813889 0.079591875 0.049936246875
0 0.544563382422 0.382653234028 0.186734779167 0.120535766406
0 0.296173601953 0.360459347222 0.0719388083333 0.0766263070313
0 0.868929229687 0.401080377778 0.802041177778 0.257811060938
