0 0.520201915234 0.474094619444 0.02125985 0.00956693046875
0 0.439879563672 0.459921393056 0.0255118194444 0.0155462648438
0 0.43210643125 0.467362340972 0.0361417430556 0.019133865625
0 0.301557669141 0.488622189583 0.0488976541667 0.0251131945312
0 0.272258939844 0.486496203472 0.0616535597222 0.047834659375
0 0.245949878125 0.497126127083 0.0574015902778 0.0406594609375
0 0.197915902344 0.495000143056 0.0871653777778 0.060989190625
0 0.529370231641 0.475866279167 0.0403937111111 0.0143503976563
0 0.5371433625 0.4779922625 0.0446456777778 0.0131545296875
0 0.544916496484 0.480118247917 0.0446456791667 0.0191338664063
0 0.555679293359 0.483307225694 0.0510236347222 0.0191338632813
1 0.479741772266 0.450354461111 0.159448863889 0.0753395867187
0 0.111813515234 0.505984392361 0.119055151389 0.118390780469
0 0.369921375391 0.518385977083 0.176456740278 0.129153578906
1 0.778673502734 0.357165453472 0.714330906944 0.440078861719
