0 0.214034468359 0.534764796528 0.127146876389 0.152506132031
0 0.525883213672 0.497806895833 0.0552177416667 0.0399671242187
0 0.479175227344 0.489889429167 0.033656525 0.0306924640625
0 0.454458715234 0.488954527083 0.0280471069444 0.0191230320312
0 0.439638367188 0.480540394444 0.0149584555556 0.00841413125
0 0.419654805859 0.479605491667 0.00934903611111 0.0126211992187
0 0.406507724609 0.477735685417 0.0130886541667 0.0115694304688
0 0.395990060547 0.478670588194 0.0149584597222 0.0115694304687
0 0.378635915234 0.480540395833 0.0112188444444 0.0105176664063
0 0.385998279688 0.4814753 0.0130886527778 0.00841413125
0 0.366540599219 0.484280010417 0.00747922916667 0.0136729640625
0 0.356548819531 0.484280009722 0.0112188444444 0.0105176640625
0 0.326047594141 0.491759239583 0.00747922916667 0.0147247320312
0 0.33814290625 0.485214914583 0.0168282680556 0.0136729625
0 0.311322864453 0.484280010417 0.0186980736111 0.0126211992187
0 0.287658118359 0.483345106944 0.0130886527778 0.0136729648438
0 0.293968718359 0.491759238194 0.0149584569444 0.0157764976562
0 0.267148673047 0.491759239583 0.0224376875 0.0210353289063
0 0.497485520703 0.482410203472 0.0299169152778 0.0189317945313
0 0.475924309375 0.474930975694 0.0149584597222 0.032604759375
0 0.456466630469 0.461842325694 0.00747923472222 0.01472473125
