0 0.704843871875 0.57187460625 0.0281249791667 0.011865225
0 0.659360505078 0.569530858333 0.0187499861111 0.0158203007813
0 0.636948410547 0.570702732639 0.0257812319444 0.0237304523437
1 0.611240420703 0.553124619444 0.0187499861111 0.0171386601563
0 0.614536316016 0.569530858333 0.0328124777778 0.0158203007813
0 0.593442581641 0.567187109028 0.0374999736111 0.0237304539063
0 0.561142799219 0.594140216667 0.0820311944444 0.0566894140625
0 0.655405429297 0.767577595833 0.391405980556 0.258398260156
0 0.981039971094 0.618749575 0.0890624388889 0.0369140375
1 0.0370953082031 0.614062078472 0.117187420833 0.0738280742187
