0 0.0883974351563 0.553430397222 0.106106413889 0.11386034375
0 0.174710923047 0.529760504167 0.0620314444444 0.0624395429688
0 0.236691351562 0.525679488194 0.102841601389 0.0853952578125
0 0.414368583203 0.528944301389 0.0571342222222 0.0422385148438
0 0.621888244531 0.517517454861 0.0767230958333 0.0385656
0 0.683409559766 0.506090615278 0.0897823527778 0.0422385148437
0 0.936381535156 0.537922535417 0.140386948611 0.123960860937
0 0.297753553516 0.548533179167 0.187726733333 0.159771774219
0 0.070827346875 0.617094246528 0.210580423611 0.14165469375
0 0.468544069141 0.548533177778 0.155078605556 0.0973322304688
0 0.562203387109 0.599137775694 0.223639676389 0.157935317969
