0 0.386570030078 0.568549821528 0.0326283986111 0.0160592882812
0 0.365922371484 0.569569458333 0.0428247722222 0.0298243945313
0 0.354451451563 0.57466764375 0.0407854958333 0.025236025
0 0.336671523828 0.576706920139 0.0489425958333 0.0332656695313
0 0.267845999609 0.575687283333 0.0469033222222 0.0355598539063
0 0.403202864453 0.56854981875 0.0285498458333 0.0263831179688
0 0.432303158984 0.570079269444 0.0365030222222 0.0278313179688
0 0.451954276953 0.567530183333 0.0387462222222 0.0275302101562
0 0.466866474609 0.575687283333 0.0387462222222 0.0206476570312
0 0.480631579297 0.577726556944 0.0469033222222 0.0206476585937
0 0.501852783594 0.579765832639 0.0672960680556 0.047030775
0 0.302832308984 0.580785470833 0.0693353444444 0.0527662351562
