0 0.417417553906 0.861787680556 0.05098925 0.0300472375
0 0.406491285547 0.865429770833 0.0437050722222 0.0245841023438
0 0.403759717969 0.869071857639 0.0412770125 0.0163894015625
0 0.382590075391 0.873927975694 0.0655576069444 0.0368761539063
0 0.373712483594 0.878784095139 0.0607014875 0.0273156703125
0 0.360737539844 0.882426184722 0.0679856666667 0.0259498859375
0 0.3422994625 0.887976049306 0.0825540236111 0.0245841046875
0 0.307471983594 0.889190079861 0.123831034722 0.0614602546875
0 0.248743294141 0.917112763889 0.131115213889 0.110628460156
0 0.505510587891 0.858492465278 0.03884895 0.0150236179688
0 0.514388180859 0.860920522222 0.0582734277778 0.0191209679687
0 0.52463155625 0.869418730556 0.0752698444444 0.0314130203125
0 0.534192041016 0.863348584722 0.0922662583333 0.0259498867188
0 0.577897110937 0.876702911806 0.138399393056 0.09970219375
0 0.48024359375 0.864562613194 0.0704137263889 0.040973503125
