0 0.629704944141 0.5054703125 0.0332819972222 0.0175510539062
0 0.641405645703 0.5085905 0.0270416222222 0.0152109117187
0 0.653691381641 0.50443025 0.0395223694444 0.0210612617187
0 0.672997540625 0.517951060417 0.0291217458333 0.0315918953125
0 0.685868311328 0.4992299375 0.0208012472222 0.0152109117187
0 0.56008576875 0.490909438194 0.0249614986111 0.0163809828125
0 0.528493875781 0.502350126389 0.0228813722222 0.0187211234375
0 0.495731910156 0.500270000694 0.0312018708333 0.0210612640625
0 0.469990365625 0.501310063194 0.0249614986111 0.0187211234375
0 0.278098858203 0.542912556944 0.0790447388889 0.0280816835937
0 0.239486542969 0.527311623611 0.0395223722222 0.044462665625
0 0.0563705617188 0.530431809722 0.0790447388889 0.0479728765625
0 0.324316629297 0.527311620139 0.0977658625 0.0900954023437
0 0.434888260937 0.510670626389 0.0561633694444 0.04680280625
0 0.574711646094 0.497149813889 0.0124807472222 0.012870771875
0 0.131840088281 0.524191434028 0.0998459875 0.135728139062
0 0.733841188281 0.617797048611 0.245454719444 0.190721435937
