0 0.0922201257812 0.463021880556 0.0217741944444 0.0172912734375
0 0.1127535125 0.465583552083 0.0217741958333 0.026657378125
0 0.143373476953 0.464302718056 0.0166508555556 0.0345825492187
0 0.326733023828 0.463982508333 0.0358633833333 0.0144093945313
0 0.335378660547 0.4678250125 0.0486717333333 0.0201731523437
0 0.340782183594 0.471667518056 0.0537950722222 0.013688925
0 0.347626646094 0.4710271 0.0525142361111 0.0172912734375
0 0.355191578125 0.472948354861 0.0614800875 0.01801174375
0 0.378606844531 0.469746264583 0.0653225902778 0.0446691234375
0 0.397339057812 0.48127378125 0.0806926097222 0.05907851875
0 0.646557261328 0.48260036875 0.108870981944 0.190924478906
