0 0.475098783594 0.544380745833 0.0336734861111 0.0172193953125
0 0.452713569531 0.547441969444 0.0520408388889 0.029272971875
0 0.594343097656 0.543615438194 0.0658163569444 0.0473533375
0 0.416983324609 0.545911356944 0.08877555 0.0594069148438
0 0.218960276563 0.578054228472 0.293877681944 0.260873842187
0 0.0507189507813 0.574993002778 0.101020455556 0.101437901563
0 0.527187455469 0.549737888194 0.148469454167 0.092123765625
0 0.761371233594 0.565302748611 0.239788769444 0.176498803125
0 0.886790946484 0.613775786806 0.551020656944 0.223836299219
0 0.0833156421875 0.722491155556 0.381122619444 0.164445226562
