0 0.0565388550781 0.611746078472 0.1490372875 0.111128094531
0 0.136473098828 0.592683170139 0.100513520833 0.0584884710937
0 0.174003200391 0.590083682639 0.0745186430556 0.0302190429687
0 0.192524549609 0.573620261111 0.0277278666667 0.0126725023437
0 0.225180612109 0.600481632639 0.1230424125 0.115027325781
0 0.288543122656 0.575353254167 0.0346598361111 0.0272946203125
0 0.607792691797 0.569287782639 0.105712495833 0.0692113570312
0 0.565388550391 0.571887269444 0.0693196694444 0.0292442351562
0 0.545892394141 0.564955302083 0.0658536847222 0.0175465414062
0 0.549304221094 0.55109136875 0.0727856513889 0.0497152
0 0.518597773437 0.554557352083 0.0346598347222 0.021445771875
0 0.501051232422 0.545025897917 0.0363928263889 0.0233953882813
0 0.476193632812 0.558023335417 0.0554557347222 0.039967121875
0 0.939227359766 0.515565038194 0.0571887263889 0.0653121257812
0 0.661894527344 0.581418725 0.105712497222 0.09553116875
0 0.431352471875 0.570154277778 0.0901155694444 0.06141289375
0 0.34167015 0.570154278472 0.0381258180556 0.0419167375
0 0.387973522656 0.557156839583 0.0259948763889 0.0233953890625
0 0.367989961719 0.554557352778 0.0207959027778 0.0146221171875
