0 0.509807333594 0.47432424375 0.1131080875 0.08209458125
0 0.713504513281 0.425979657639 0.0310135069444 0.0277069203125
0 0.250696313672 0.446047222222 0.0674999888889 0.0625971179688
0 0.574456816797 0.433276953472 0.0310135069444 0.0266807382812
0 0.623200474219 0.421418848611 0.0182432416667 0.021549828125
0 0.344932009766 0.437577817361 0.0351562263889 0.0382323960937
0 0.783286200781 0.411796584722 0.0257812333333 0.0210937359375
0 0.754282314453 0.422343452778 0.0281249805556 0.0184570179688
0 0.6956153625 0.424687201389 0.0234374833333 0.0118652265625
0 0.683750136328 0.418827829861 0.0210937347222 0.0118652257812
0 0.656064608594 0.416484081944 0.0210937361111 0.0118652265625
0 0.59542011875 0.41648408125 0.0304687291667 0.027685528125
0 0.455014941797 0.431718445833 0.0234374833333 0.0237304523438
