0 0.399093978906 0.565165500694 0.0127961986111 0.00959715
0 0.378700035547 0.565165500694 0.0127961986111 0.0143957257813
0 0.308520874609 0.572629950694 0.0362559013889 0.0203939445312
0 0.281528891406 0.572629951389 0.0277251 0.0263921625
0 0.255136728906 0.575829001389 0.0511848 0.0287914515625
0 0.227544921875 0.579028050694 0.0490521013889 0.043187175
0 0.181358637109 0.586492501389 0.0554502 0.0731782679687
0 0.435683112891 0.565165500694 0.0213270013889 0.0107967929687
0 0.453077947656 0.568364550694 0.0191942986111 0.0167950125
0 0.464474562891 0.567298201389 0.0170616 0.0179946570313
0 0.476471000781 0.58329345 0.0575829 0.05638325625
0 0.537652833594 0.590757902083 0.0810426013889 0.05638325625
0 0.746990666797 0.593956950694 0.0575828986111 0.0935722132812
0 0.900545067578 0.588625201389 0.0511848 0.122363663281
0 0.904143998828 0.640876352083 0.0874407013889 0.148755825781
0 0.730795476953 0.711255452778 0.211137302778 0.269919846094
0 0.922080905078 0.770971052083 0.356160901389 0.155838189844
