0 0.496728930469 0.523789382639 0.3184383125 0.195520003125
0 0.302109940625 0.49784018125 0.0627906541667 0.0592867109375
0 0.667711327344 0.482142515972 0.0583056069444 0.0538205671875
0 0.031535484375 0.513537845139 0.152491584722 0.06307096875
1 0.384732910156 0.464202329861 0.127823831944 0.0731623234375
0 0.335537554688 0.492233872222 0.0560630833333 0.0252283875
0 0.595705301953 0.467005486806 0.0470929902778 0.0277512273437
0 0.603273817969 0.478218102083 0.0426079430556 0.01009135625
0 0.613995880859 0.478218102083 0.0470929902778 0.00882993359375
0 0.636386075781 0.476536208333 0.0605481277778 0.031535484375
