0 0.62461548125 0.546111896528 0.0202531569444 0.0104430328125
0 0.614172448438 0.545268014583 0.0320674958333 0.010443034375
0 0.608001564062 0.545268014583 0.0320674958333 0.0113924
0 0.599931946875 0.550331304861 0.0388185486111 0.0142405
0 0.584267396875 0.544424134028 0.0573839430556 0.0189873328125
0 0.567653480078 0.544424134722 0.0607594694444 0.0332278367187
0 0.561007912109 0.55370683125 0.0691982847222 0.0313291007813
0 0.535849694531 0.55708235625 0.0759493347222 0.0645569359375
0 0.496450976562 0.563833408333 0.0894514388889 0.0560126359375
0 0.425723157812 0.565521172222 0.180590644444 0.132911339062
0 0.313697885547 0.606027484722 0.214345905556 0.222151808594
0 0.146677155859 0.664616979167 0.423628519444 0.293354311719
0 0.662115480469 0.540566397917 0.0236286819444 0.01518986875
0 0.67493193125 0.547317450694 0.0236286819444 0.0123417671875
0 0.726197733203 0.551536856944 0.0286919722222 0.0370253007812
0 0.757526835156 0.554068502083 0.0405063152778 0.0408227671875
0 0.787431885938 0.576009422917 0.104641306944 0.06075946875
0 0.843919204297 0.579384948611 0.131645516667 0.112974636719
0 0.929362207813 0.609764683333 0.195780513889 0.139556904687
