0 0.512256739453 0.366101953472 0.0166409958333 0.00702042109375
0 0.506406389453 0.366101953472 0.0249614958333 0.00936056171875
0 0.497045828125 0.36818208125 0.0249614958333 0.0117007015625
0 0.485930161719 0.369222142361 0.0395223708333 0.017551053125
0 0.475984564844 0.374422453472 0.0416024958333 0.0140408421875
0 0.433277002734 0.375462516667 0.0520031194444 0.0386123164062
0 0.427426653906 0.385863138889 0.0561633666667 0.03159189375
0 0.616041943359 0.370262203472 0.0416024930556 0.0222313335937
0 0.551103047656 0.366101954861 0.0124807486111 0.0117007015625
0 0.397706860937 0.392103514583 0.0603236180556 0.0596735796875
0 0.53846630625 0.36714201875 0.0228813708333 0.011700703125
0 0.563037777734 0.36506189375 0.0187211208333 0.0117007023437
0 0.575908550781 0.368182078472 0.0208012458333 0.011700703125
0 0.736208162891 0.375462515278 0.0894453638889 0.0702042101563
0 0.692330532031 0.378582702083 0.0499229930556 0.0222313328125
0 0.654582351562 0.382742953472 0.0915254902778 0.0754426921875
0 0.00956775625 0.6001159875 0.135208108333 0.017551053125
0 0.0540304222656 0.405624325 0.0873652388889 0.101796103906
