0 0.552745210156 0.407842209028 0.0568421208333 0.0567533046875
0 0.858093975 0.40002641875 0.112263190278 0.171858596875
0 0.468514500781 0.408451225694 0.0227368486111 0.0199835578125
0 0.435341794531 0.434030179861 0.0738947569444 0.0751381765625
0 0.390578626953 0.434030179861 0.0511579069444 0.0383684320313
0 0.350611509375 0.43971439375 0.0568421208333 0.043164484375
0 0.145222175391 0.448342222917 0.0326842208333 0.0255789539063
1 0.0748800527344 0.451894857639 0.0284210569444 0.0127894757813
0 0.057294521875 0.46255275 0.0213157944444 0.0175855296875
0 0.0409080046875 0.461842225 0.0198947444444 0.01039145
0 0.029317540625 0.461131701389 0.0156315833333 0.01119079375
0 0.0107281378906 0.472499677778 0.0515624638889 0.0210937351562
