0 0.355643137109 0.320274210417 0.0255198597222 0.0251211101562
0 0.330880901172 0.315808234722 0.0191398916667 0.0200968867188
0 0.381123120312 0.315808235417 0.0293478375 0.017225903125
0 0.490220508984 0.308662675 0.0140359222222 0.0129194273438
0 0.463663908594 0.308024679861 0.0229678708333 0.047371234375
0 0.464022781641 0.313766647917 0.0267958486111 0.0366050460938
0 0.453615464844 0.3156806375 0.0382797861111 0.043064759375
0 0.444284766797 0.320784606944 0.0382797861111 0.0574196789062
0 0.393683674219 0.320146611806 0.0395557763889 0.0107661890625
0 0.531132031641 0.306748686806 0.0204158847222 0.0143549195313
0 0.544769205078 0.315042640972 0.0293478347222 0.0114839351562
0 0.556970886719 0.323336593056 0.0433837583333 0.0157904125
0 0.580656504297 0.320146613194 0.0650756375 0.0387582835937
0 0.584604107422 0.327164572917 0.0663516291667 0.0251211085938
0 0.594293678516 0.334182535417 0.0727315958333 0.0258388554687
0 0.612955074609 0.345028472917 0.0791115597222 0.0344518070313
0 0.626592247656 0.359064394444 0.0995274444444 0.0416292671875
0 0.762553856641 0.3867169875 0.202882866667 0.177180749219
0 0.6732457375 0.358426399306 0.146739181944 0.0918714875
0 0.211017321094 0.339414104167 0.0318998222222 0.022250125
0 0.239727159766 0.333672134028 0.0586956708333 0.0423470148438
0 0.173694530078 0.331758145833 0.0497637222222 0.0222501257812
0 0.144625816016 0.332396142361 0.0484877291667 0.0330163148438
0 0.302171062109 0.335586125 0.0676276194444 0.101919930469
0 0.428135481641 0.322188199306 0.0459357430556 0.0653148835937
0 0.509599652734 0.304962295833 0.0165879083333 0.0129194289062
0 0.882109819531 0.477859328472 0.338138109722 0.233267446875
0 0.00430647617188 0.343242082639 0.0255198569444 0.00789520703125
0 0.0656737566406 0.366847950694 0.149291165278 0.116274849219
