0 0.611486401953 0.397559167361 0.0255118180556 0.0167421320313
0 0.634805799609 0.401811131944 0.0552756055556 0.0466387929688
0 0.669485927734 0.409252078472 0.0659055291667 0.0538139914062
0 0.715925416406 0.418819014583 0.102047273611 0.0621850546875
0 0.503858419922 0.394370188889 0.0233858333333 0.0167421320313
0 0.486518353906 0.396496172917 0.0233858291667 0.015546265625
0 0.471570025391 0.398622161111 0.0233858333333 0.0191338648438
0 0.450044427734 0.402874127083 0.0276378013889 0.0191338664063
0 0.368725506641 0.417756015972 0.0446456819444 0.0263090617187
0 0.346601976953 0.4188190125 0.0425196944444 0.0298966632813
0 0.325076382422 0.424133977083 0.0446456819444 0.0370718617187
0 0.29517971875 0.429448934028 0.0510236375 0.0394635921875
0 0.251131960156 0.43547256875 0.0616535597222 0.0669685203125
0 0.427920898047 0.406771772222 0.0340157611111 0.0275049273438
0 0.535748180078 0.398267836806 0.0637795513889 0.0358759929687
0 0.780502208984 0.431220597917 0.1424409875 0.119586649219
