0 0.0456073539062 0.404787515972 0.0595275763889 0.08849411875
0 0.0408238882813 0.380644465972 0.0384540847222 0.0813189203125
0 0.107194476953 0.398622157639 0.0446456819444 0.0251131945312
0 0.180142332813 0.404347875694 0.0603490875 0.051422259375
0 0.368491301562 0.397969921528 0.0731049958333 0.052618125
0 0.380449966797 0.382677271528 0.0595275763889 0.0430511929687
0 0.418119760547 0.375236325 0.0233858333333 0.0203297304688
0 0.414532160938 0.35503946875 0.0127559097222 0.0107627984375
0 0.426490825781 0.352913482639 0.0127559069444 0.01315453125
0 0.465356486328 0.369921363194 0.0297637902778 0.0191338632813
0 0.49405728125 0.375236325694 0.0276378041667 0.014350396875
0 0.506015946094 0.374383836806 0.0301847986111 0.0191338640625
0 0.6106542625 0.380362884722 0.0889145583333 0.060989190625
0 0.656097188672 0.387992234028 0.104173256944 0.0896899851562
0 0.538304341016 0.365669392361 0.0255118180556 0.0215255960937
0 0.578365867578 0.365669392361 0.0255118180556 0.0131545304688
0 0.342182239453 0.375236325 0.0233858333333 0.0191338632813
