0 0.534199031641 0.425624849306 0.0168749958333 0.0137109335937
0 0.613494335156 0.430861800694 0.0135021041667 0.0142405
0 0.625361418359 0.430017920139 0.0185653930556 0.0132911351562
0 0.630582933984 0.44605166875 0.0405063125 0.0199367007813
0 0.577893083203 0.435081210417 0.0286919736111 0.0132911335938
0 0.563177899609 0.437612852083 0.0303797347222 0.0180379679688
0 0.547038665234 0.44689555 0.0455696027778 0.0256329007813
0 0.477260212109 0.430861800694 0.0270042097222 0.0246835335937
0 0.41934884375 0.445207786806 0.0388185486111 0.0265822671875
0 0.447829844531 0.438456734028 0.0421940763889 0.0398734015625
0 0.379950126562 0.448583313889 0.0455696027778 0.0332278359375
0 0.341975458203 0.457866011111 0.0641349972222 0.0655063023438
0 0.655537709375 0.453164373611 0.0590717055556 0.04082276875
0 0.599999757813 0.461603188889 0.0759493361111 0.0531645359375
0 0.506487136719 0.470885884028 0.141772093056 0.0806961703125
0 0.891862222656 0.535503111111 0.172151827778 0.212658140625
0 0.950316069922 0.670885804167 0.303797341667 0.0958860367188
1 0.182441194531 0.419009810417 0.0840566791667 0.0945637640625
