0 0.229605596094 0.558572679861 0.0304928013889 0.0319654640625
0 0.186335271484 0.562730788889 0.0415810916667 0.0561344757812
0 0.383975403906 0.559958716667 0.0249486555556 0.00545751875
0 0.455312966406 0.561344752778 0.0304928 0.0155929109375
0 0.369162138672 0.556493624306 0.0457392041667 0.0272875914063
1 0.292756882422 0.541247226389 0.018018475 0.0194911382813
1 0.308739614453 0.545405334028 0.0180184736111 0.0124743273437
1 0.0526260707031 0.539514679861 0.119199131944 0.105252141406
0 0.0191013148438 0.586986425 0.0540554166667 0.0382026296875
0 0.348891357031 0.571509034722 0.0443531638889 0.0382026296875
0 0.277163971875 0.597150708333 0.0956365111111 0.0865406484375
0 0.474544226563 0.561806777778 0.0498973111111 0.03118581875
0 0.417500159766 0.566542391667 0.103952733333 0.0647105757813
0 0.760933998828 0.630646573611 0.340964961111 0.291587413281
