0 0.139993592578 0.580714171528 0.0899999791667 0.0526913164063
0 0.0759374839844 0.615612122222 0.123061197222 0.112614771094
0 0.305816261719 0.534183579861 0.0165306069444 0.01239795625
0 0.287735908984 0.553469288194 0.0514285597222 0.0361607070313
0 0.361607066797 0.539693781944 0.0422448888889 0.0309948914063
0 0.400867261328 0.522244806944 0.014693875 0.0103316304688
0 0.397767773437 0.531428475694 0.0183673430556 0.0103316296875
0 0.388985886328 0.532346842361 0.0202040763889 0.0113647929688
0 0.379687419531 0.527755009722 0.0220408111111 0.01136479375
0 0.201983375 0.594183547917 0.181836695833 0.145675989062
0 0.327512686719 0.547652954167 0.0753061055556 0.051658153125
0 0.41533154375 0.524693776389 0.0183673416667 0.0144642828125
0 0.429795828125 0.521938674306 0.0238775458333 0.0144642828125
0 0.43754455 0.526530510417 0.0183673430556 0.007232140625
0 0.441677202734 0.526530509028 0.0146938763889 0.00929846640625
0 0.446843016797 0.53112234375 0.0238775458333 0.0113647929687
0 0.457174648437 0.532959078472 0.0275510152778 0.0154974453125
0 0.464406788672 0.535714182639 0.0367346875 0.0134311195312
0 0.484036886328 0.530203978472 0.0587754986111 0.0361607070313
0 0.502978220313 0.505408066667 0.0275510138889 0.0196300984375
0 0.516925920703 0.545816219444 0.078979575 0.0557908039063
0 0.547404230469 0.558673361806 0.0863265125 0.054757640625
0 0.601128708984 0.57244886875 0.110204059722 0.0981504882813
0 0.843405475 0.659693746528 0.279795879167 0.312015240625
0 0.0108482125 0.653877411806 0.102857120833 0.021696425
