0 0.0922850925781 0.773046333333 0.241406083333 0.184570185156
0 0.284765428516 0.734374486111 0.0937499388889 0.0949218101562
0 0.355297607422 0.714452622917 0.0726562013889 0.0487792632812
0 0.39023410625 0.708593252083 0.0421874708333 0.02636716875
0 0.437035833594 0.708593252083 0.0421874708333 0.0329589625
0 0.458788746875 0.70273388125 0.0257812347222 0.0105468671875
0 0.489110991016 0.723827615972 0.0820311930556 0.0606444898438
0 0.527524655469 0.710155761111 0.0421874722222 0.0158203015625
0 0.546640855859 0.707812013889 0.0562499611111 0.0224120929688
0 0.574985561719 0.712499511806 0.0656249569444 0.0369140375
0 0.612558779297 0.730077622222 0.0679687055556 0.0487792632812
0 0.699570437891 0.720702629167 0.0679687027778 0.0540526976563
0 0.754282315625 0.705468265278 0.0703124527778 0.0369140375
0 0.842612332813 0.725390126389 0.0773436972222 0.081738225
0 0.950058547266 0.730077624306 0.100781181944 0.0804198695312
0 0.410849932813 0.706640140278 0.0304687305556 0.017138659375
