0 0.0706228132813 0.601405836111 0.393749727778 0.141245626563
0 0.163657720312 0.468749677778 0.0609374583333 0.0659179234375
0 0.242100049219 0.463280926389 0.0812499583333 0.0698729984375
0 0.363207757813 0.4519528 0.0445312194444 0.0408691125
0 0.392211644531 0.443749685417 0.0234374819444 0.0171386609375
0 0.400121795312 0.442577811806 0.0210937347222 0.01450194375
0 0.414623738672 0.441405932639 0.0234374847222 0.0145019429688
0 0.435058295703 0.441405932639 0.0234374847222 0.0105468679687
0 0.473290689453 0.432030938889 0.0234374833333 0.0131835851563
0 0.481860019922 0.429687192361 0.0374999736111 0.00922850859375
0 0.518114878125 0.445312195139 0.117187420833 0.0711913578125
0 0.562279886328 0.434765325694 0.0257812319444 0.0276855273438
0 0.615014225781 0.434374688194 0.0281249819444 0.0171386609375
0 0.642040573438 0.434374688194 0.0281249819444 0.01845701875
0 0.626220272266 0.430859065972 0.0210937375 0.0131835835938
0 0.582055264453 0.429687191667 0.0187499888889 0.0118652273438
0 0.593261310156 0.432030938889 0.0234374833333 0.013183584375
0 0.657860875781 0.435546563889 0.0210937361111 0.00791015
0 0.673021997266 0.4367184375 0.0234374833333 0.0197753773438
