0 0.913725490234 0.668358142361 0.0647601680556 0.0602456367188
0 0.338356306641 0.549216033333 0.0224169805556 0.0182137976563
0 0.403505657031 0.546725257639 0.0473247375 0.011208490625
1 0.518626202344 0.554197584722 0.0622693916667 0.0462350234375
0 0.446938557813 0.560424524306 0.1345018875 0.084063678125
0 0.589379798437 0.594465125 0.0498155138889 0.0308233484375
0 0.621604208594 0.599446676389 0.0647601666667 0.047636084375
0 0.686053029297 0.607334139583 0.122048009722 0.106480660156
0 0.795335810938 0.647186549306 0.186808173611 0.179335848438
0 0.0707535964844 0.513930046528 0.0880074041667 0.0742562507813
1 0.1471114375 0.518496470833 0.08717715 0.0728551875
0 0.0196148582031 0.519326725 0.0722324944444 0.0392297164062
0 0.234677769531 0.526176358333 0.0398524111111 0.049037146875
0 0.299827120312 0.534894074306 0.0323800847222 0.0448339625
