0 0.148247763672 0.485799695833 0.173898272222 0.165603782031
0 0.510345153125 0.485799696528 0.195254198611 0.11755294375
1 0.824391703125 0.520884434722 0.283728758333 0.282298676563
0 0.691393846875 0.479698002778 0.140338958333 0.059205496875
0 0.637336653906 0.46978275 0.111355911111 0.0832309171875
0 0.257220201172 0.455291227778 0.118983030556 0.0832309164062
0 0.388930982031 0.430884452778 0.0488135527778 0.03947033125
0 0.415101526563 0.429359028472 0.0366101625 0.0163029625
0 0.437410844922 0.420969199306 0.0259321986111 0.0163029632813
0 0.452855757031 0.415630218056 0.024406775 0.0145868609375
0 0.465726516797 0.413342081944 0.0167796555556 0.0111546585938
0 0.57727310625 0.430121740278 0.0533898194444 0.0351800796875
0 0.967686167969 0.418681065278 0.0457627055556 0.059205496875
0 0.948380027734 0.408765813194 0.0411864319444 0.0755084601563
