2 0.425991028906 0.53289495625 0.0294608597222 0.009748078125
0 0.0414293335937 0.587484195139 0.197561056944 0.0828586671875
0 0.333871686719 0.542426410417 0.0554557347222 0.047765584375
0 0.387973523437 0.525962988889 0.0329268416667 0.0311938515625
0 0.446949396484 0.517298029861 0.0363928263889 0.0224205804688
0 0.803241665234 0.563222310417 0.287676626389 0.278795044531
0 0.666768566406 0.53549444375 0.197561059722 0.0994304
0 0.607305289063 0.54069341875 0.114377454167 0.0467907765625
0 0.594145382422 0.531161963889 0.102246511111 0.0536144304688
0 0.567825569922 0.522497005556 0.0814506111111 0.0263198117188
0 0.547842009375 0.52769598125 0.0571887291667 0.015596925
0 0.540043546094 0.520764014583 0.0502567597222 0.0233953875
0 0.525908833594 0.516431534028 0.0277278680556 0.0146221171875
0 0.517622965625 0.512965551389 0.0207959027778 0.0116976953125
0 0.504950463281 0.512965551389 0.0207959027778 0.0136473078125
0 0.491303155078 0.512099054167 0.0190629083333 0.0116976945312
0 0.406982275781 0.525962988889 0.0225288916667 0.0087732703125
0 0.412831121875 0.520764013889 0.0225288916667 0.0126725015625
