0 0.476767856641 0.47156216875 0.0328124763889 0.0197753773437
0 0.465561809766 0.480937163194 0.0328124791667 0.0184570179688
0 0.451719046484 0.490312155556 0.0421874694444 0.0171386601563
0 0.432602848047 0.490312154861 0.0609374597222 0.0263671695312
0 0.416782546484 0.492655904861 0.0562499625 0.0290038867187
0 0.387778659375 0.497343399306 0.0749999486111 0.050097621875
0 0.356138057031 0.513749640278 0.0796874444444 0.0527343390625
0 0.318564840234 0.527812129861 0.0984374319444 0.0540526960938
0 0.562461156641 0.468046546528 0.0304687291667 0.0171386601563
0 0.570371308594 0.478593413889 0.0468749666667 0.0171386609375
0 0.594101760938 0.485624659028 0.0749999486111 0.038232396875
0 0.615195495703 0.506718394444 0.0749999472222 0.0303222445313
0 0.631015797266 0.511405892361 0.0937499375 0.0408691117187
0 0.676499164844 0.539530872222 0.135937405556 0.0975585265625
0 0.230234823047 0.547733991667 0.166406136111 0.148974507031
