0 0.349811272266 0.529143527083 0.0607014875 0.0450708554688
0 0.579945786328 0.535213675694 0.101978498611 0.106531110156
0 0.422880686719 0.518217259722 0.0388489527778 0.0218525359375
0 0.0541191488281 0.490294575 0.0267086555556 0.0382419367187
0 0.207769791016 0.483010397222 0.0218525361111 0.0150236179688
0 0.181819904297 0.489080545139 0.0194244763889 0.0232183195312
0 0.159967368359 0.48543845625 0.0267086541667 0.0232183179688
1 0.182502795312 0.470870099306 0.0315647736111 0.0300472375
1 0.236451242969 0.4745121875 0.0291367138889 0.02321831875
1 0.379858507422 0.510933079861 0.0339928319444 0.0150236179688
0 0.395565017969 0.52064531875 0.0242805958333 0.0109262671875
0 0.705597866797 0.526715468056 0.0461331305556 0.0437050710938
0 0.254889319922 0.480582336806 0.0218525347222 0.0136578351563
