0 0.167365093359 0.518333659722 0.0816203166667 0.0661124585937
0 0.371211840625 0.474258688889 0.0228536916667 0.0128552
0 0.359274867969 0.478339704861 0.0310157236111 0.0128552
0 0.348256126172 0.482420720833 0.0424425638889 0.0146916570312
0 0.334023580859 0.489766549306 0.0538694125 0.0358109148438
0 0.404771865234 0.470545776389 0.0146916611111 0.00918228515625
0 0.416249721875 0.47544299375 0.0212212847222 0.013773428125
0 0.427268465625 0.489318447222 0.019588875 0.0137734296875
0 0.390998434766 0.47544299375 0.0212212847222 0.0146916570312
0 0.295043548438 0.513136742361 0.0669286625 0.0541754875
0 0.451142408984 0.50089369375 0.0326481291667 0.0266286304688
0 0.438746321094 0.491915459722 0.0244860972222 0.0128552
0 0.0939514882813 0.521966577083 0.120798070833 0.125797315625
0 0.0227887714844 0.488650645139 0.0408101569444 0.0257104007813
1 0.730283898047 0.503193902778 0.275876677778 0.296587832031
0 0.599436323828 0.544820264583 0.1632406375 0.139570744531
0 0.91526521875 0.504010104861 0.0783555069444 0.107432745312
0 0.951609983984 0.532164478472 0.0685610680556 0.0752947429688
0 0.980075069922 0.541958917361 0.0652962541667 0.0367291429687
0 0.956794968359 0.757436556944 0.300362775 0.0838282554688
