0 0.556989619531 0.425306590972 0.0234273236111 0.0181195703125
0 0.650881941016 0.429699215278 0.0292841583333 0.0461225429688
0 0.515808778125 0.41652134375 0.0175704930556 0.0164723375
0 0.490276655469 0.424574489583 0.0190347069444 0.0247085046875
0 0.474627935547 0.436288147917 0.0307483625 0.0247085054688
0 0.452390281641 0.442144980556 0.0366051916667 0.0214140382813
0 0.434270709766 0.439948666667 0.0234273222222 0.0197668039063
0 0.396796142969 0.455322850694 0.0307483625 0.0288265890625
0 0.375793913672 0.459715470833 0.0336767777778 0.0230612726562
0 0.348202749609 0.4626438875 0.042462025 0.0551823304687
0 0.607230249219 0.44529519375 0.0830162430556 0.0543587125
0 0.535575583594 0.439216564583 0.0541756847222 0.031297440625
0 0.230425539062 0.471429133333 0.0863882555556 0.114482742187
0 0.0517006828125 0.524872717361 0.105422956944 0.10295210625
