0 0.0582187460938 0.593999952778 0.0869999916667 0.10462499375
1 0.370265604297 0.501999968056 0.0689999944444 0.0531562445312
0 0.396281234766 0.570999961806 0.0599999930556 0.0421874960937
0 0.373921863672 0.560999954861 0.0479999958333 0.0227812492188
0 0.352406238672 0.560999954861 0.0689999930556 0.0303749976563
1 0.148078113281 0.545499965278 0.155999988889 0.0835312453125
0 0.892265553906 0.582999961111 0.0419999972222 0.06159374375
0 0.822656184375 0.570749955556 0.0404999972222 0.07593749375
0 0.759796813672 0.560999955556 0.0419999944444 0.0396562476562
0 0.691453069141 0.555749954861 0.0434999958333 0.0430312460937
0 0.0194062480469 0.70499994375 0.131999990278 0.0388124960937
0 0.494919614844 0.662249946528 0.334499973611 0.205874982813
