0 0.254965843359 0.502728340972 0.0823434347222 0.0865418664062
0 0.526170989844 0.502728340972 0.112680490278 0.073133971875
1 0.407937735156 0.486476347222 0.132182883333 0.0999497609375
0 0.349430556641 0.484309414583 0.0628410430556 0.0292535882812
0 0.298236777344 0.48864328125 0.0585071791667 0.04631818125
0 0.465226013281 0.486476347222 0.0671749083333 0.0390047859375
0 0.576145871094 0.476725150694 0.0303370541667 0.021940190625
0 0.587115966797 0.469140886806 0.0238362569444 0.0195023914062
0 0.0891955066406 0.501644875694 0.0108346625 0.0329102867188
0 0.127590841797 0.501644875694 0.0108346625 0.0316913882812
0 0.155016080859 0.495144078472 0.0151685291667 0.0207212929688
0 0.0211339371094 0.50706220625 0.0173354597222 0.0422678742188
