0 0.471147231641 0.527689146528 0.0280188930556 0.0128950585937
0 0.485475075391 0.531509904861 0.0254717208333 0.0128950601562
0 0.495504564453 0.539151420833 0.0305660638889 0.0186261960938
0 0.506250447266 0.541698593056 0.0356604083333 0.0200589804687
0 0.516279937109 0.545519349306 0.0382075791667 0.0257901179687
0 0.542786447656 0.549340107639 0.0407547513889 0.0329540375
0 0.423148958203 0.536604249306 0.0254717208333 0.0171934132812
0 0.395209664453 0.541698592361 0.0254717208333 0.0186261960937
0 0.367270370313 0.548066521528 0.0382075791667 0.03152125625
0 0.3314507625 0.5467929375 0.0458490972222 0.040117959375
0 0.187455939844 0.572264658333 0.0967925388889 0.0902654125
0 0.266259076563 0.567170315278 0.0967925416667 0.08739984375
0 0.0549233902344 0.602830722222 0.157924666667 0.108891605469
0 0.450371859766 0.530660840972 0.0305660652778 0.0171934132812
1 0.433894841016 0.518774040972 0.0254717208333 0.0128950585937
