0 0.809661841016 0.432443364583 0.152464006944 0.155149452344
0 0.0764052578125 0.599460754167 0.292453686111 0.152810515625
0 0.183606512891 0.52530780625 0.205133390278 0.0990149773438
0 0.255333897266 0.498973113889 0.110882913889 0.0569141195313
0 0.298994045313 0.47818256875 0.0665297513889 0.0257283015625
0 0.325112168359 0.458085038194 0.0540554208333 0.0249486554688
0 0.599547381641 0.551642497917 0.185728881944 0.171522008594
0 0.492443569922 0.489963886806 0.117813095833 0.0873202945313
0 0.436309095313 0.460857122222 0.08177615 0.05301589375
0 0.405902921875 0.452540904167 0.0374229805556 0.023389365625
0 0.391479479687 0.440066575694 0.0180184736111 0.0116946828125
0 0.375106925391 0.435908466667 0.0180184777778 0.0132539742188
0 0.347721889844 0.444917692361 0.0221765847222 0.0140336203125
0 0.952088424219 0.425063194444 0.119017694444 0.0946828265625
