0 0.924124125781 0.462218526389 0.126953638889 0.148857610937
0 0.646524798438 0.447913890972 0.0411258263889 0.0221274828125
0 0.806949046875 0.455066208333 0.109072844444 0.0915273140625
0 0.609310394922 0.439867532639 0.0178807930556 0.0100579460937
0 0.619871238672 0.439867532639 0.0178807930556 0.00905215234375
0 0.346295091016 0.4774172 0.0357615861111 0.0231332773437
0 0.311092277344 0.480099320139 0.0482781430556 0.0492839390625
0 0.264825722266 0.489039716667 0.0482781444444 0.0372144023437
0 0.377474726172 0.471158924306 0.0375496680556 0.0291680445313
0 0.409660154687 0.465794686111 0.0339735083333 0.031179634375
0 0.446371660156 0.460430445139 0.0303973486111 0.0221274828125
0 0.465481758203 0.45417216875 0.0321854291667 0.0120695351563
0 0.499678778125 0.448807930556 0.0286092694444 0.0221274828125
0 0.761185389453 0.447019852778 0.0822516527778 0.0362086070313
0 0.740063702344 0.441655613194 0.0786754958333 0.0502897328125
0 0.702346402344 0.445231770833 0.0464900666667 0.0211216890625
0 0.682733407031 0.443443692361 0.0357615875 0.02011589375
0 0.668149383594 0.440761573611 0.03039735 0.0191100984375
0 0.52230915625 0.447019851389 0.0250331111111 0.0150869203125
