0 0.562461157031 0.557108984722 0.035156225 0.02241209375
0 0.59146504375 0.57234335 0.0468749694444 0.069873
0 0.787241275781 0.572343348611 0.0890624361111 0.131835846875
0 0.802402398437 0.589921461806 0.0867186902778 0.133154204687
0 0.878208010937 0.555937111111 0.0328124777778 0.0210937359375
0 0.393052094141 0.573515223611 0.0585937083333 0.0316406039063
1 0.380527689062 0.547733990278 0.0585937083333 0.0355956796875
0 0.331089246094 0.611015197917 0.166406134722 0.123925696875
0 0.6995704375 0.561796482639 0.0398437208333 0.0382323953125
0 0.910507792969 0.591093336806 0.103124929167 0.175341676563
0 0.0389822105469 0.5524214875 0.0304687277778 0.0779644210937
1 0.147178239453 0.561796481944 0.0445312194444 0.0382323960937
0 0.0799419578125 0.65320266875 0.208593606944 0.159521375
0 0.981039970703 0.629765185417 0.0820311930556 0.0369140367187
