0 0.0362535152344 0.458085038889 0.134445533333 0.0725070304687
0 0.187114917578 0.476796529861 0.163552295833 0.148132642969
0 0.290807767578 0.452540892361 0.0790040736111 0.0639309304688
0 0.564853157031 0.511447440972 0.138603643056 0.116167178125
0 0.643987174609 0.499666130556 0.0706878555556 0.0654902210937
0 0.671664589063 0.502438204861 0.0540554208333 0.0288468828125
1 0.722731369141 0.486498784722 0.0831621833333 0.0857610039063
0 0.0608123480469 0.421355073611 0.0498973111111 0.0452194382813
0 0.122794164453 0.428978273611 0.0512833472222 0.0459990835938
0 0.263130352344 0.391555290278 0.0263346916667 0.013253971875
0 0.291587412891 0.388783216667 0.0346509083333 0.0296265289062
0 0.408924059375 0.614014136111 0.390862272222 0.275214857812
0 0.862287911328 0.528772896528 0.0429671291667 0.0514566023437
0 0.835000319141 0.530158933333 0.0346509111111 0.0436601476563
0 0.877101175391 0.493428968056 0.0360369472222 0.0233893632813
0 0.860338798047 0.490656895139 0.0332648736111 0.0101353914062
0 0.482990380859 0.29106765 0.0138603666667 0.0179318460938
0 0.85449145625 0.478182567361 0.0194045097222 0.0124743265625
0 0.964811293359 0.511447440972 0.0194045097222 0.0179318460938
0 0.978844912109 0.508675368056 0.0249486555556 0.0179318460938
0 0.334857737891 0.392941327083 0.0152464013889 0.00857610078125
0 0.341094901562 0.391555290278 0.0124743277778 0.0085761
