0 0.0179318457031 0.794198870833 0.202361316667 0.0358636914062
0 0.169962717188 0.6069616625 0.540798788889 0.339925434375
1 0.795234135547 0.473127384722 0.938754769444 0.408525708594
0 0.344213484375 0.603618863194 0.231468081944 0.108370723437
0 0.399958136328 0.576591152083 0.152464006944 0.0732866757812
0 0.436601474219 0.573126061806 0.0900923680556 0.0233893640625
0 0.446736865625 0.566195879861 0.0651437125 0.0187114921875
0 0.456092611328 0.559265697917 0.0651437125 0.0218300742187
0 0.468177117188 0.567581914583 0.0429671291667 0.010135390625
0 0.474804103125 0.550949477778 0.0512833472222 0.0171522015625
0 0.48727843125 0.550256461111 0.0304928027778 0.009355746875
0 0.640088946875 0.597381699306 0.0776180402778 0.02494865625
0 0.620987632813 0.567581915278 0.0762320027778 0.0366433390625
0 0.599157558594 0.565502863194 0.0498973125 0.02260971875
0 0.59292039375 0.559265697917 0.0623716402778 0.0272875921875
0 0.580835890234 0.557186641667 0.063757675 0.0296265289063
0 0.565632801953 0.553028534028 0.0498973125 0.0288468835937
0 0.549260246484 0.54817740625 0.0401950569444 0.0257283007813
0 0.518074428516 0.541940243056 0.0554414583333 0.0304061742188
1 0.536396096484 0.524614786111 0.0401950555556 0.0265079460937
0 0.468566938672 0.521149695833 0.0194045083333 0.0202707835937
0 0.489617367187 0.519763659028 0.0221765819444 0.01403361875
0 0.493905417188 0.501745185417 0.0110882930556 0.0085761015625
0 0.520413364453 0.498973115278 0.0166324388889 0.0116946820313
0 0.517294782031 0.49204293125 0.0110882902778 0.0148132640625
0 0.5056001 0.49204293125 0.0110882902778 0.010135390625
