0 0.324155121484 0.348979747917 0.0122449041667 0.0111926070312
0 0.291438268359 0.351275666667 0.0137755138889 0.0146364851563
0 0.238058143359 0.359694036806 0.0214285819444 0.0111926085938
0 0.229448444922 0.359694036806 0.0214285819444 0.0111926085938
0 0.256138507031 0.357398121528 0.0198979680556 0.024968121875
0 0.212229048828 0.361224652778 0.01836735 0.0146364851562
0 0.196301110547 0.362755267361 0.0214285791667 0.0206632757813
0 0.177790257031 0.368112411111 0.0168367472222 0.016358425
0 0.1648757125 0.365816490972 0.0214285819444 0.0111926078125
0 0.151100195703 0.367347102778 0.0183673583333 0.0198023039062
0 0.35945488125 0.352806283333 0.0229591944444 0.00947066875
0 0.349123244922 0.355867504167 0.0198979666667 0.0111926070312
0 0.341805000391 0.361989955556 0.0260204194444 0.0120535773438
0 0.324155119531 0.364285875 0.0306122583333 0.023246184375
0 0.294451663281 0.37040833125 0.0367347069444 0.0309949125
0 0.0809311589844 0.410969572222 0.136224552778 0.144642921094
0 0.453731071484 0.352040972917 0.0168367458333 0.0120535773438
0 0.490752771094 0.35433689375 0.0244898069444 0.01549745625
0 0.476546770313 0.361989959722 0.0336734833333 0.02324618125
0 0.435220220312 0.367347105556 0.0520408388889 0.0370216984375
0 0.520025744531 0.378061390972 0.0826530986111 0.0637117640625
0 0.401211914844 0.352806281944 0.0290816472222 0.01549745625
0 0.383777278906 0.357780772222 0.0298469527778 0.0228156984375
0 0.367634093359 0.358163422917 0.0290816458333 0.0146364851562
