0 0.598851371094 0.569999799306 0.134999951389 0.09070309375
0 0.740917710156 0.5637498125 0.067499975 0.0622265421875
0 0.718945083203 0.542499829861 0.0712499736111 0.0379687382813
0 0.645644327734 0.541249821528 0.0374999875 0.0221484304688
0 0.695741966016 0.537499822917 0.0224999958333 0.0210937445313
0 0.0174023378906 0.543249815278 0.0977499611111 0.0348046757813
0 0.473378750391 0.535624822222 0.0374999861111 0.0369140476563
0 0.536308405469 0.530937323611 0.0281249888889 0.0242578046875
0 0.369316282031 0.537499821528 0.0262499930556 0.0242578046875
0 0.328610377734 0.539156065278 0.0264375027778 0.0304352554688
0 0.0627538847656 0.536812320139 0.0693749763889 0.0537890445312
0 0.394452988281 0.536249811806 0.0224999902778 0.0168749953125
0 0.555820117188 0.531562314583 0.0243749930556 0.01476561875
1 0.0806835652344 0.518035534722 0.0787499722222 0.0938671539063
