0 0.529363076172 0.411886236111 0.0136020222222 0.00860752890625
0 0.542752567969 0.419537374306 0.0323048041667 0.0143458828125
0 0.556142057422 0.418687247917 0.0340050569444 0.0124330992188
0 0.566184176172 0.419537374306 0.0425063180556 0.0133894914063
0 0.576704489844 0.424638133333 0.0595088472222 0.021040628125
0 0.599179706641 0.428038638889 0.0731108694444 0.0392120804688
0 0.484412643359 0.417837120139 0.0119017680556 0.00860752890625
0 0.455242681641 0.427188511111 0.0238035388889 0.0153022757812
0 0.430376485156 0.430589016667 0.0272040444444 0.015302275
0 0.520277351953 0.417837121528 0.0187027819444 0.0114767070313
0 0.506887859766 0.417837120139 0.0153022736111 0.00956392109375
0 0.495889348828 0.417837120139 0.0153022736111 0.00860752890625
0 0.480108879687 0.422937878472 0.0153022736111 0.01147670625
0 0.625480490625 0.43994040625 0.100314915278 0.063121884375
0 0.395946366797 0.447591544444 0.0646096055556 0.0459068242188
