0 0.496220956641 0.529811796528 0.0305660652778 0.0200589804688
0 0.524876642969 0.532783490972 0.0382075819444 0.0200589796875
0 0.537771701562 0.534057076389 0.0458490972222 0.0257901171875
0 0.546368407422 0.534057076389 0.0458490972222 0.0229245492188
0 0.567143781641 0.540425006944 0.0738679916667 0.0530130195313
0 0.675318994922 0.579906174306 0.178302045833 0.143278430469
0 0.434611231641 0.518774044444 0.0611321305556 0.0515802351562
0 0.391627702734 0.534057076389 0.0458490972222 0.0401179601562
0 0.362255624219 0.528962731944 0.0560377861111 0.0358196078125
0 0.330017977344 0.527689145833 0.0534906138889 0.0372523921875
0 0.262677114844 0.544245764583 0.198679423611 0.103160470313
0 0.117965900391 0.58033070625 0.311604059722 0.234976625781
0 0.856566209766 0.688585520833 0.487358936111 0.285124077344
0 0.467565271094 0.522170280556 0.0458490972222 0.0315212546875
