0 0.675861245703 0.362866870833 0.0596939055556 0.0654337023437
0 0.453397821094 0.33909458125 0.0829134041667 0.0550098578125
0 0.291357913672 0.33059064375 0.0744094680556 0.0514222585938
0 0.323646308203 0.323149696528 0.0595275736111 0.0466387929687
0 0.343976039844 0.318897725694 0.0510236319444 0.0251131953125
0 0.358924369922 0.313582763889 0.0446456805556 0.0239173289062
0 0.375666500781 0.310393788194 0.0340157569444 0.019133865625
0 0.4001817625 0.306141817361 0.0297637875 0.0203297296875
0 0.48269655 0.318897725694 0.0510236319444 0.0203297296875
0 0.537706407422 0.327401666667 0.0340157583333 0.0179379960938
0 0.552056803906 0.329527652083 0.0297637875 0.02511319375
0 0.576572068359 0.335905605556 0.0425196944444 0.0191338664063
0 0.599293530469 0.339094583333 0.0659055333333 0.0406594609375
0 0.633375725 0.340157576389 0.0680315194444 0.060989190625
0 0.510799411719 0.324212689583 0.0318897736111 0.02152559375
0 0.42230529375 0.31996071875 0.0446456791667 0.00956693125
0 0.417521827734 0.309330794444 0.0361417416667 0.0119586664063
0 0.234031074219 0.308267802083 0.0255118180556 0.06577265625
0 0.392124627734 0.31996071875 0.0446456791667 0.0298966601563
0 0.492577412109 0.314645757639 0.0212598513889 0.0107627976563
