0 0.831249946484 0.643262324306 0.551169509722 0.333251167969
0 0.445928304297 0.50260831875 0.0242805958333 0.0150236179687
0 0.450708546484 0.511106526389 0.0267086527778 0.0163894007812
0 0.498510968359 0.500180260417 0.0339928347222 0.0191209695312
0 0.523095070703 0.506250409028 0.0509892486111 0.0382419367187
0 0.340762976172 0.51232055625 0.0534173097222 0.0177551851562
1 0.475292649219 0.486825933333 0.0995504388889 0.0382419375
0 0.639186666016 0.4641640375 0.0364208944444 0.0437050710938
0 0.699964030078 0.452023740278 0.0558453694444 0.0423392867188
0 0.779862364062 0.447167620833 0.0461331305556 0.0355103703125
0 0.389418991797 0.566778449306 0.203956998611 0.129749428906
0 0.75049801875 0.468615485417 0.0437050708333 0.0368761546875
