0 0.481555075391 0.562355815278 0.025994875 0.0155969257813
0 0.503000848438 0.567554789583 0.0467907763889 0.0350930828125
0 0.522009601172 0.55369085625 0.0329268430556 0.0224205804688
0 0.538093930859 0.586617699306 0.0953145458333 0.0584884710937
0 0.555153067969 0.604814111806 0.114377454167 0.0711609734375
0 0.617540769922 0.625610013889 0.180231138889 0.131599060156
0 0.390897946094 0.559756327083 0.0311938513889 0.015596925
0 0.372864001562 0.560622821528 0.0363928263889 0.032168659375
0 0.352880440234 0.575353254167 0.0450577861111 0.0389923132813
0 0.264172926953 0.597882145833 0.0935815527778 0.0526396242188
0 0.202760031641 0.609146590972 0.133440365278 0.0994304007813
0 0.131599059766 0.627343004861 0.152503270833 0.0857830914062
0 0.809530166016 0.697168238194 0.288687754167 0.336381039844
0 0.444999782031 0.55109136875 0.0277278680556 0.0204709640625
