0 0.369272216406 0.418359086806 0.0257812319444 0.0171386609375
0 0.380478261719 0.41249971875 0.0234374847222 0.0131835859375
0 0.348837658594 0.416015340972 0.0304687291667 0.0210937359375
0 0.333017358203 0.416015340972 0.0304687291667 0.0237304523437
0 0.321811310547 0.430077828472 0.0398437208333 0.0276855289062
0 0.253652171484 0.441796572917 0.0820311930556 0.0685546398438
0 0.391025130859 0.412499715972 0.0281249791667 0.0105468679687
0 0.402231176563 0.41015596875 0.0374999736111 0.0224120921875
0 0.417392298438 0.420702835417 0.0210937347222 0.0210937359375
0 0.434530960156 0.424218458333 0.0187499888889 0.01054686875
0 0.445737007422 0.428905954167 0.0281249805556 0.0197753757813
0 0.472104176562 0.439452822222 0.0492187166667 0.035595678125
0 0.878867189453 0.641952681944 0.513280897222 0.238622882031
