0 0.0198284976562 0.440738859028 0.0591029125 0.0391820640625
0 0.285197936719 0.454459179167 0.141424827778 0.0949868234375
1 0.907361632031 0.424063385417 0.0907651847222 0.0949868234375
0 0.959604384375 0.459947310417 0.103430098611 0.0759894578125
0 0.985725759375 0.485277127778 0.08654355 0.02374670625
0 0.664551564844 0.397678155556 0.0168865472222 0.010686015625
0 0.67583125 0.395567336806 0.0168865486111 0.014248025
0 0.687704602734 0.401899789583 0.0168865458333 0.00949868203125
0 0.694828612891 0.401899789583 0.0168865458333 0.0118733523437
0 0.701952626172 0.398733563194 0.0232190013889 0.0118733523438
0 0.707295634766 0.405066017361 0.0232190013889 0.0106860179687
0 0.713825978516 0.405066018056 0.0274406361111 0.0118733523438
0 0.72569933125 0.401899790972 0.0211081819444 0.011873353125
