1 0.804703875781 0.310205517361 0.0381258180556 0.0711609734375
0 0.859293115625 0.313238254167 0.0190629083333 0.012672503125
0 0.986261838672 0.320170222917 0.0883825763889 0.0263198101562
0 0.695769098828 0.3167042375 0.0121309416667 0.0438663523437
0 0.653121257813 0.340099626389 0.0277278638889 0.025345003125
0 0.537119122266 0.3461651 0.0190629083333 0.00974807890625
0 0.515185946875 0.340966122917 0.0259948736111 0.01462211875
0 0.452310839453 0.363495015972 0.0398588097222 0.0194961585938
0 0.472294400781 0.33143466875 0.00693196527778 0.012672503125
0 0.424528817188 0.355696551389 0.0866495888889 0.0497152
0 0.335333898047 0.386023906944 0.0641206944444 0.0428915445313
0 0.384074290234 0.379958438889 0.0866495861111 0.0643373164062
0 0.490084642578 0.370426983333 0.0814506111111 0.0565388554687
0 0.736223625781 0.385157410417 0.131707373611 0.174490604688
