0 0.384092791406 0.482580500694 0.0510397097222 0.03014533125
0 0.361124919922 0.481304511111 0.0740075861111 0.0272743476562
0 0.342822396875 0.49534043125 0.0969754569444 0.0337340609375
0 0.297963272266 0.513204332639 0.183742973611 0.0760810726563
0 0.141494646484 0.548932132639 0.331758145833 0.282791917969
0 0.427516422656 0.490874456944 0.0472117361111 0.0294275828125
0 0.456226263672 0.494702435417 0.0370037930556 0.0193791429687
0 0.469504564062 0.491512453472 0.0484877291667 0.0244033640625
0 0.486730467578 0.490874457639 0.0548676930556 0.0301453304687
0 0.510774957422 0.501720396528 0.0637996430556 0.0437825039063
0 0.544509021875 0.525964261111 0.1071834 0.058137425
0 0.599416592969 0.529792240278 0.137807230556 0.103355421875
0 0.6934413125 0.549570129167 0.225850738889 0.160775101563
0 0.872016516406 0.5476561375 0.558884872222 0.254082079687
