0 0.0739216144531 0.603236175694 0.149768981944 0.146258771094
0 0.872457819531 0.793087477083 0.408824348611 0.252661789063
0 0.554820451953 0.629237734722 0.0977658638889 0.0807348398438
0 0.427867840625 0.584515053472 0.0374422486111 0.023401403125
0 0.379309928125 0.588675300694 0.0291217458333 0.0269116140625
0 0.317296208984 0.583474988889 0.0478428694444 0.0315918945312
0 0.404466436328 0.582434927083 0.0166409986111 0.00936056171875
0 0.177472823828 0.6105166125 0.0894453666667 0.0702042085938
0 0.224275630469 0.603236175694 0.0748844930556 0.04680280625
0 0.263472980859 0.598035863194 0.0603236180556 0.0432925960937
0 0.503922400391 0.611556672917 0.0582434902778 0.0491429460937
0 0.471745471094 0.594915675694 0.0374422458333 0.0292517546875
0 0.453609383594 0.589715363889 0.0312018722222 0.0140408421875
0 0.34537789375 0.581394865278 0.0312018722222 0.017551053125
0 0.360588805859 0.581394865278 0.0312018722222 0.0152109132812
1 0.405051471484 0.564753866667 0.0228813722222 0.0198911929687
0 0.441908682031 0.577234616667 0.022881375 0.0093605609375
0 0.371704471094 0.570994239583 0.0145608736111 0.0140408421875
