0 0.392343612109 0.529999809722 0.0224999888889 0.0147656195312
0 0.377577991797 0.529062309722 0.0356249861111 0.0168749929687
0 0.352265501172 0.539374806944 0.0562499805556 0.0358593632813
0 0.312187390625 0.560937299306 0.1068749625 0.046406234375
0 0.281074120313 0.568437295833 0.133124952778 0.0664452890625
0 0.166640566406 0.566562297917 0.305624893056 0.206718676562
0 0.0722460691406 0.652812265972 0.3881248625 0.142382763281
0 0.413437355859 0.529062309722 0.0243749916667 0.0126562445312
0 0.428202974609 0.532499813194 0.0337499875 0.0147656210937
0 0.44666 0.535312311806 0.0318749875 0.0221484296875
0 0.460370933203 0.5390623125 0.0356249861111 0.0179296820312
0 0.489902172656 0.55031230625 0.0618749763889 0.0432421734375
0 0.558456835937 0.57499979375 0.119999956944 0.05378904375
0 0.620156032422 0.596562286806 0.163124943056 0.126562453906
