0 0.896757084766 0.2919592625 0.0237060944444 0.0126328523438
0 0.887633357812 0.29695001875 0.0187153375 0.0084219015625
0 0.87886054375 0.294454640278 0.02869685 0.014738328125
0 0.866929516016 0.296326174306 0.0324399180556 0.0189492789063
0 0.846576586719 0.295078484722 0.037430675 0.02877483125
0 0.831136433594 0.302564620139 0.0324399180556 0.016141978125
0 0.816749017969 0.298821552083 0.0424214291667 0.0210547546875
0 0.746917415625 0.309426909722 0.0561460111111 0.0357930828125
0 0.931146517187 0.28260159375 0.0199630263889 0.014036503125
0 0.929742866797 0.28696850625 0.0137245819444 0.0112292023437
0 0.792886962891 0.30131693125 0.0474121875 0.0463204601562
0 0.712878895312 0.308803065972 0.0723659708333 0.0645679125
0 0.516881693359 0.341955954861 0.243299381944 0.245037235156
1 0.0430920597656 0.405498975694 0.187153373611 0.0856226679687
1 0.973010388281 0.247666297222 0.492837216667 0.0505314109375
