0 0.387119480078 0.178593619444 0.0187499888889 0.0118652257812
0 0.377231792188 0.183281117361 0.0187499875 0.0158203015625
0 0.369321641016 0.206718601389 0.0234374833333 0.0184570179687
0 0.366025744531 0.219609215278 0.0210937361111 0.0197753765625
0 0.360752311328 0.232499832639 0.0234374847222 0.0303222445313
0 0.440512999609 0.1891404875 0.0210937333333 0.0105468679688
0 0.449082328906 0.198515481944 0.0257812305556 0.01450194375
0 0.449082328125 0.211406096528 0.0234374847222 0.0118652265625
0 0.461238058594 0.225689634722 0.0276828888889 0.013920934375
0 0.462265913672 0.240702951389 0.0398437222222 0.0224120945313
0 0.484018828906 0.286406045139 0.0562499597222 0.0237304515625
0 0.493247338281 0.292265416667 0.0679687027778 0.023730453125
0 0.484678007813 0.274687303472 0.0609374569444 0.0408691125
0 0.536753166797 0.309843528472 0.0890624347222 0.0421874710937
0 0.527524657422 0.287577919444 0.105468675 0.0606444898438
0 0.596079298437 0.319218522222 0.135937405556 0.116015545313
2 0.32779335 0.286406044444 0.0515624638889 0.0250488109375
0 0.313950585938 0.294609165972 0.0539062152778 0.0210937359375
0 0.285605878906 0.294609165972 0.0960936819444 0.05932613125
0 0.255942813672 0.308671654167 0.0960936833333 0.0632812070312
1 0.163657721094 0.316874775694 0.201562359722 0.155566298437
0 0.353501340234 0.261796686806 0.0445312208333 0.0685546398438
2 0.640244307031 0.342656007639 0.131249909722 0.117333903125
0 0.0686452753906 0.383671605556 0.255468575 0.137290550781
0 0.857773453906 0.422343452083 0.403124723611 0.283447070313
0 0.402692910156 0.178791340278 0.0191943 0.014395725
0 0.417688457031 0.169194190278 0.021327 0.01319608125
0 0.394895225781 0.147867190278 0.021327 0.01559536875
