0 0.586504398438 0.460907422222 0.0804017 0.026294159375
1 0.530234895313 0.428185799306 0.179501470833 0.0967625125
0 0.450331323828 0.441586077778 0.102839383333 0.0536400882812
0 0.479780783594 0.436288297917 0.0598338236111 0.0178800296875
0 0.35882764375 0.426004359722 0.0878809277778 0.036811825
0 0.384595921484 0.430678877083 0.0635734375 0.0189317960938
0 0.618583274609 0.460907422222 0.0617036305556 0.0273459257813
0 0.652765683984 0.461842325694 0.0897507347222 0.0641577523438
0 0.681163377734 0.486149815972 0.0972299625 0.0809860148438
0 0.422954719141 0.461842325 0.100969577778 0.0841413148437
0 0.318829842969 0.445014063194 0.119667645833 0.086244846875
0 0.918383327344 0.501049840278 0.0990997694444 0.161972029688
