0 0.436113128125 0.723437236806 0.0431249819444 0.01582030625
0 0.425038914453 0.725312236806 0.0468749819444 0.0147656195312
0 0.415019385156 0.730937234722 0.0431249861111 0.01371093125
0 0.610663847656 0.712187240278 0.106874961111 0.080156221875
0 0.169298270312 0.768456761806 0.0787499708333 0.0674999765625
0 0.745663801172 0.702187254167 0.238124916667 0.116015583594
0 0.511523259766 0.723749747222 0.273749905556 0.156093696094
0 0.0864843449219 0.8212497125 0.183749933333 0.170859314844
0 0.885409846484 0.672187266667 0.43687485 0.226757733594
0 0.391288925 0.733124741667 0.067499975 0.0506249828125
