0 0.509824503516 0.745186443056 0.0138639361111 0.0116976945312
0 0.498126809375 0.759916872222 0.0121309416667 0.01169769375
0 0.520059985938 0.760783368056 0.0173299166667 0.0107228859375
0 0.527371044531 0.746052938889 0.0121309444444 0.013647309375
0 0.479605460156 0.787644739583 0.0398588097222 0.0428915453125
0 0.537606526953 0.770314822222 0.0225288916667 0.0263198117187
0 0.833460708203 0.831836028472 0.103979504167 0.0721357804687
0 0.923143030078 0.875160821528 0.211424990278 0.150120408594
0 0.526396236719 0.872561334028 0.188896098611 0.0506900078125
0 0.678466260937 0.857830904861 0.280744659722 0.35483005625
