0 0.804173291016 0.299850795139 0.0739121125 0.0319034023438
0 0.511379103125 0.293980265278 0.0230921055556 0.0139884875
0 0.529364300391 0.298421054861 0.0497368430556 0.0239802632813
0 0.440437490234 0.300197372222 0.0390789527778 0.0159868414063
0 0.423951059375 0.309078947917 0.0461842125 0.0289761515625
0 0.121200235156 0.3330592125 0.0550657888889 0.12289885
0 0.387980664062 0.314407896528 0.0781578958333 0.05495476875
0 0.552345385547 0.310855265278 0.0603947388889 0.0399671054688
0 0.457923097656 0.292203947917 0.0337499986111 0.012989309375
0 0.0498973113281 0.338192886806 0.0609856013889 0.0155929101563
0 0.750408783984 0.312551214583 0.0429671291667 0.0163725554687
0 0.490397012891 0.292453686111 0.0110882916667 0.0109150367188
