0 0.381846047266 0.561796481944 0.0398437222222 0.0197753773437
0 0.400962244531 0.56179648125 0.0304687291667 0.0290038875
0 0.432602847656 0.559452731944 0.0726562 0.0474609046875
0 0.342954471484 0.566483978472 0.0539062125 0.0158203023437
0 0.315928124609 0.569999601389 0.0703124527778 0.0514159804687
0 0.645517741016 0.539530870833 0.0328124777778 0.0171386601563
0 0.679795061328 0.543046495139 0.0304687291667 0.0197753773437
0 0.698252078906 0.539530872222 0.037499975 0.03032224375
0 0.718027456641 0.545390241667 0.0445312194444 0.0276855273438
0 0.752963955859 0.544218367361 0.0421874708333 0.0263671695313
0 0.489292262109 0.578202719444 0.114843669444 0.0711913570313
0 0.151701858984 0.591093336806 0.342187265278 0.303403717969
1 0.900620105078 0.477421538889 0.297656044444 0.197753771094
0 0.785207719922 0.536360939583 0.0502567597222 0.0321686585938
