0 0.482141685938 0.499229572222 0.0124807388889 0.0087755203125
0 0.472488614453 0.507030034028 0.0156009236111 0.00936055390625
0 0.482141685937 0.512750372917 0.0145608625 0.00760545
0 0.508175727734 0.503389818056 0.0124807388889 0.00585034609375
0 0.573407090625 0.519510772917 0.0488828958333 0.033346975
0 0.598271062891 0.53147148125 0.0644838180556 0.0456327023437
0 0.647372186719 0.534591665972 0.139368254167 0.0778096078125
0 0.424724708203 0.516762035417 0.0374422180556 0.0157959351562
0 0.417411775 0.517802097222 0.0374422166667 0.0163809703125
0 0.404541012891 0.519882220139 0.0436825875 0.0315918710937
0 0.383479765625 0.527162651389 0.0436825861111 0.0280816625
0 0.367683830078 0.531322897917 0.0457627097222 0.0327619398437
0 0.344282444141 0.533923052083 0.0572033875 0.0421224945312
0 0.314445677344 0.539123359028 0.0572033875 0.05265311875
0 0.257195847266 0.546478094444 0.0790446805556 0.0959456820313
0 0.452012401562 0.520996585417 0.0696841263889 0.046802771875
0 0.492087275 0.512156061806 0.0270416013889 0.0169660046875
0 0.728775576172 0.552718463889 0.187211086111 0.157374319531
0 0.0618621894531 0.593800896528 0.1424884375 0.123724378906
