0 0.476471000781 0.469904891667 0.0170616 0.01079679375
0 0.466274028906 0.474170290278 0.0170616 0.00959715
0 0.453077947656 0.478435688889 0.021327 0.0119964375
0 0.3996938 0.475236641667 0.0277251 0.01799465625
0 0.387697362891 0.482701090972 0.0255924013889 0.0203939445313
0 0.364182507422 0.487608522917 0.0354072652778 0.0266357695312
0 0.337312324219 0.486966490972 0.0426540013889 0.03239038125
0 0.563445173438 0.480568390972 0.0383885986111 0.0263921625
0 0.586238403516 0.492298240972 0.0533175013889 0.0263921632813
0 0.542451408594 0.488032841667 0.0533175 0.04438681875
0 0.611430922656 0.499762690278 0.0682464 0.0551836125
0 0.674412219531 0.504028090278 0.0938388 0.14035831875
0 0.502263341406 0.499762692361 0.0767772013889 0.0503850390625
0 0.869896402344 0.581871640972 0.339099301389 0.260207195312
0 0.08898606875 0.489099190972 0.115165801389 0.13316045625
0 0.0118027425781 0.497629990972 0.132227401389 0.0236054851563
