0 0.809090512891 0.577952739583 0.0745186430556 0.132573866406
0 0.357754478125 0.597882145139 0.0381258180556 0.037042696875
0 0.419654778516 0.592683170139 0.0277278680556 0.0282694273437
0 0.520547389844 0.592683170139 0.0415918013889 0.029244234375
0 0.559052299219 0.575353253472 0.0381258180556 0.0302190421875
0 0.380175059766 0.5944161625 0.0311938527778 0.00779846328125
0 0.498126809375 0.586646554167 0.0295185694444 0.013647309375
0 0.487403923437 0.583151715972 0.0225288930556 0.005848846875
0 0.483017287891 0.578819236111 0.0138639333333 0.0107228851562
0 0.442562762109 0.577086245139 0.0103979513889 0.00974807890625
0 0.451336032812 0.573620261111 0.01039795 0.009748078125
