0 0.291977235547 0.566195879861 0.117813095833 0.0943371039062
0 0.335247560547 0.542633259722 0.0900923666667 0.0545751835937
0 0.369941783984 0.536396096528 0.0637576736111 0.0304061742187
0 0.3890431 0.5322379875 0.0277207277778 0.0187114921875
0 0.398009023437 0.531544970833 0.0235626194444 0.0132539734375
0 0.484939494531 0.539861188889 0.0457392027778 0.0311858203125
0 0.507159390625 0.546098353472 0.0526693847222 0.0241690109375
0 0.526260705469 0.555107588194 0.0790040763889 0.043660146875
0 0.584734116406 0.562037771528 0.120585170833 0.102913204687
0 0.801475563281 0.570916275 0.0496358472222 0.043660146875
0 0.841627306641 0.587679445833 0.108110841667 0.0756256132812
0 0.165674666797 0.601539809028 0.2106775375 0.212843219531
0 0.437770941406 0.557186642361 0.0887063291667 0.06159199375
0 0.709087572656 0.614014135417 0.182956806944 0.191013145312
0 0.901660008984 0.634804683333 0.368685688889 0.195691017969
0 0.463109421094 0.534317042361 0.0346509097222 0.01403361875
