0 0.058029321875 0.403775421528 0.175714243056 0.11605864375
0 0.955331434766 0.316530543056 0.123673447222 0.0867856960938
0 0.929502358594 0.283775447917 0.123061198611 0.138443848437
0 0.399834097656 0.301224425694 0.0220408125 0.0103316296875
0 0.39156879375 0.307652996528 0.0238775458333 0.0103316296875
0 0.381753745703 0.311326463194 0.0275510152778 0.0154974445312
0 0.369872370703 0.313163197222 0.0312244833333 0.0206632601562
0 0.364706555469 0.321428502778 0.0330612194444 0.0103316296875
0 0.35644125 0.326020335417 0.0348979513889 0.0144642828125
0 0.339910643359 0.330612173611 0.0514285611111 0.0351275445312
0 0.466473115625 0.292959121528 0.0165306097222 0.01136479375
0 0.471638930859 0.300306058333 0.0275510138889 0.0113647945313
0 0.486103213672 0.304897895139 0.0367346875 0.0258290757812
0 0.486619794531 0.321428502778 0.0404081555556 0.0268622375
0 0.501084077344 0.326938703472 0.0367346875 0.0268622375
0 0.487136376563 0.34622441875 0.0532652930556 0.0361607078125
0 0.633845528125 0.41479583125 0.163469351389 0.125012726563
0 0.44770398125 0.287755036111 0.0183673444444 0.0144642828125
0 0.41205985625 0.30153054375 0.0238775458333 0.017563771875
0 0.295829014063 0.383265222917 0.117550998611 0.101249978125
0 0.529668260156 0.35846930625 0.0789795736111 0.0599234578125
0 0.805533048438 0.46632840625 0.393881426389 0.334765339062
