0 0.519002158594 0.4066437875 0.06290935 0.045906825
0 0.606033846484 0.4457496 0.113916938889 0.0937264351563
0 0.588818788672 0.38113999375 0.0153022736111 0.0286917648438
0 0.608424828516 0.379723121528 0.0136020208333 0.0124330992187
0 0.543868356641 0.397575776389 0.0323048027778 0.0229534132812
0 0.569212749219 0.389357884028 0.0238035375 0.02390980625
0 0.633769221094 0.385957379861 0.0204030347222 0.015302275
0 0.618466946484 0.37915636875 0.0170025263889 0.00765113671875
0 0.739450557031 0.39785915 0.0272040416667 0.020084234375
0 0.727017458984 0.384257129861 0.0204030347222 0.0105203132813
