0 0.469516885156 0.315702902083 0.0632812069444 0.0474609046875
0 0.425351876562 0.329765390972 0.0632812069444 0.0514159796875
0 0.379868508594 0.344999756944 0.0796874472222 0.047460903125
0 0.333066783594 0.353202876389 0.0820311972222 0.0619628484375
0 0.224961389063 0.382499729167 0.107812427778 0.11997061875
0 0.734022190625 0.263838535417 0.110759979167 0.0623117125
0 0.815585983984 0.252421695833 0.0632812055556 0.0355956789062
0 0.849204123437 0.251249821528 0.0984374319444 0.0632812046875
0 0.892050774609 0.258281065278 0.112499919444 0.0698729992188
1 0.675839986328 0.25359356875 0.0843749430556 0.0461425460937
0 0.951376905469 0.278202927083 0.147656148611 0.09624016875
