0 0.390756289844 0.433220258333 0.0274576194444 0.0154449109375
0 0.381317725 0.44618635625 0.0320338930556 0.0205932171875
0 0.463261565234 0.4400846625 0.0381355861111 0.0197351648438
0 0.488574060156 0.465254148611 0.0457627027778 0.030889825
0 0.3438638125 0.456864320833 0.0793220166667 0.0437605859375
0 0.323699621094 0.488135500694 0.0625423625 0.0480508390625
0 0.259345819922 0.50720329375 0.1098304875 0.0909533726562
0 0.566956989453 0.45228805 0.0518643972222 0.0695021054687
0 0.126776988672 0.572796502083 0.183050815278 0.182764796094
0 0.584118003516 0.546864302778 0.149491497222 0.127849552344
