0 0.382860703906 0.590247696528 0.0422448902778 0.0268622390625
0 0.297624754297 0.595757898611 0.0606122333333 0.0361607070313
0 0.176744678516 0.600349734722 0.0477550916667 0.0402933585938
0 0.127079055078 0.597857016667 0.0569387611111 0.0578571320312
0 0.500641294141 0.576078603472 0.0238775458333 0.0185969335938
0 0.487210171484 0.585655860417 0.0293877486111 0.0185969335938
0 0.463964004687 0.584737493056 0.0238775444444 0.017563771875
0 0.473262473047 0.575553819444 0.0165306111111 0.0113647929688
0 0.441234419141 0.585655859722 0.0220408111111 0.00929846796875
0 0.428319879297 0.582900759722 0.0275510166667 0.0185969335938
0 0.339984439844 0.609533404861 0.0844897819444 0.0733545765625
0 0.257847976953 0.603104838194 0.0973469208333 0.0785203914063
0 0.609811577734 0.605203954861 0.0936734513889 0.0609566195312
0 0.536973581641 0.607959053472 0.0844897791667 0.0599234570312
0 0.859920397266 0.651252756944 0.139591808333 0.166339250781
