0 0.492521662891 0.480905203472 0.0277278680556 0.0126725007813
0 0.506656378516 0.485237682639 0.0363928263889 0.0272946210938
0 0.43257098125 0.478305714583 0.0398588097222 0.0116976953125
0 0.338502024609 0.461842295139 0.0138639347222 0.00682365546875
0 0.321381954687 0.529119509028 0.1484183625 0.05836660625
0 0.408566323047 0.475953798611 0.025994875 0.0165717335937
0 0.460231139844 0.485485254167 0.0762516361111 0.0555640484375
0 0.523106245313 0.490684227778 0.0381258166667 0.0331434671875
0 0.163889554297 0.5565379125 0.454043830556 0.277820236719
1 0.371036221484 0.45899523125 0.0485237680556 0.0311938507813
