0 0.485536025391 0.563552609028 0.0218525375 0.00956048515625
0 0.499876751562 0.556268430556 0.0364208944444 0.0218525359375
0 0.519680612109 0.565980667361 0.0412770097222 0.0177551851562
0 0.529241096484 0.563552609028 0.0509892513889 0.0232183195312
0 0.550410741797 0.563552607639 0.0704137263889 0.0355103710937
0 0.567483032813 0.568408727083 0.0752698430556 0.0314130203125
0 0.586604002734 0.570836786111 0.0995504388889 0.0396077210937
0 0.622797264844 0.576906936111 0.135971333333 0.062826040625
0 0.702695597266 0.587833204167 0.177248344444 0.162528232031
0 0.478024216016 0.563552609028 0.0218525375 0.0136578351563
0 0.461634814453 0.561124549306 0.0218525347222 0.0163894023438
0 0.4431967375 0.563552609028 0.0218525375 0.0122920515625
0 0.437050711328 0.564766638194 0.0194244763889 0.0136578351563
0 0.428173119531 0.572050816667 0.0291367138889 0.020486753125
0 0.363298404297 0.575692906944 0.0364208944444 0.0218525351563
0 0.351689244531 0.575692905556 0.031564775 0.0150236171875
0 0.34144586875 0.576906935417 0.0437050708333 0.0218525359375
0 0.327788033984 0.581763055556 0.0485611916667 0.0327788039063
0 0.311398632031 0.584191114583 0.0534173097222 0.032778803125
0 0.291594771875 0.589047234028 0.0631295486111 0.0450708546875
0 0.241743675 0.597545440278 0.0752698444444 0.076483875
0 0.0628260402344 0.625832338194 0.179676401389 0.125652080469
