2 0.785330889062 0.548389725 0.0579660916667 0.031747875
0 0.289806617969 0.531610070139 0.0213559319444 0.030031771875
0 0.182979308594 0.595677852778 0.0884745583333 0.082372865625
0 0.404356384375 0.556016843056 0.103728791667 0.113262690625
0 0.489732428516 0.51864396875 0.0625423597222 0.0420444835938
0 0.507751492969 0.534660915972 0.0610169375 0.0403283828125
0 0.502603187891 0.558304977778 0.0655932083333 0.0283156726562
0 0.531347886328 0.493474483333 0.0183050805556 0.0343220273438
0 0.559234535547 0.506440580556 0.0259322027778 0.0351800789063
0 0.590124359375 0.527033797222 0.0427118555556 0.0317478765625
0 0.613720751563 0.531610066667 0.0427118555556 0.06177965
0 0.319838392187 0.588813448611 0.114406758333 0.210222417187
0 0.54164449375 0.557542266667 0.0976271 0.08494701875
0 0.657910364063 0.566694809722 0.106779641667 0.192203354687
0 0.917041669141 0.556779557639 0.135762684722 0.163029630469
