0 0.430221794531 0.573022044444 0.0437050722222 0.0218525359375
0 0.408369257812 0.575450104167 0.0388489527778 0.0245841
0 0.381736481641 0.576664134722 0.0364208944444 0.0286814539063
0 0.361932620703 0.583948311806 0.0315647736111 0.0163894023437
0 0.319593332813 0.593174945833 0.0645863944444 0.071020740625
0 0.252669942578 0.593660549306 0.0558453652778 0.0382419382812
0 0.22262270625 0.602158758333 0.0728417833333 0.043705071875
0 0.103799544141 0.633723532639 0.2330937125 0.207599088281
0 0.461634814844 0.585405164583 0.0607014875 0.043705071875
0 0.485536025391 0.562338597222 0.0242805944444 0.0122920523438
0 0.498510967969 0.563552627083 0.0315647763889 0.013657834375
0 0.510120128125 0.56476665625 0.0339928347222 0.0122920515625
0 0.527192421094 0.568408746528 0.0364208930556 0.021852534375
0 0.566117251563 0.576906954861 0.0776979069444 0.0368761546875
0 0.592750027344 0.596331429167 0.0776979055556 0.0491682046875
0 0.639869558594 0.612113815972 0.109262679167 0.0641918234375
0 0.703378489844 0.635180383333 0.14082745 0.092873275
0 0.837771575781 0.6618890375 0.262230427778 0.210330654687
0 0.946351361328 0.676457395139 0.281654904167 0.105165327344
