0 0.2830920875 0.532604184722 0.0850126388889 0.0497323953125
0 0.243401811719 0.538555068056 0.110516430556 0.0793805515625
0 0.369645580469 0.491798116667 0.0102015166667 0.0258225890625
0 0.347648560938 0.519002161111 0.0408060666667 0.0200842359375
0 0.4423313875 0.491883136111 0.0187027805556 0.0047819609375
0 0.433245661719 0.488482629861 0.0119017680556 0.0076511375
0 0.427507308594 0.493583388194 0.0153022763889 0.0076511375
0 0.418899779297 0.495283639583 0.0221032847222 0.00956392109375
0 0.471979545313 0.49018288125 0.0221032847222 0.0086075296875
0 0.479152487109 0.492733260417 0.0272040430556 0.00956392109375
0 0.483934447656 0.495283640278 0.0289042972222 0.009563921875
0 0.574313508984 0.507185409722 0.130919463889 0.0832061195312
0 0.132460317578 0.518237065972 0.224433393056 0.194147614844
0 0.0411248644531 0.604949971528 0.163224268056 0.0822497289062
0 0.939781017969 0.664232095833 0.364987577778 0.120437964062
0 0.375383934375 0.525094751389 0.0799118805556 0.0545143546875
0 0.496048753125 0.496190454167 0.0425063194444 0.02677898125
0 0.624045903516 0.524244625 0.146221738889 0.127200160156
