0 0.100376513281 0.468749677778 0.0234374833333 0.0158203015625
0 0.120151890234 0.480468419444 0.0187499861111 0.0105468679687
0 0.134653833594 0.483984042361 0.0351562263889 0.0105468671875
0 0.144541522656 0.487499665278 0.0281249805556 0.0118652265625
0 0.155088390625 0.486327790972 0.0304687291667 0.01450194375
0 0.168931155078 0.491015286806 0.0304687291667 0.0237304523437
0 0.188706532031 0.494530911111 0.0421874722222 0.023730453125
0 0.207822728516 0.509765274306 0.0539062125 0.0303222445313
0 0.237440033203 0.514595801389 0.0635672666667 0.0579162492187
0 0.587038820312 0.558511258333 0.115789138889 0.10772933125
0 0.477427036719 0.547265248611 0.0820311944444 0.105468678125
0 0.036436128125 0.4722653 0.0210937333333 0.0092285109375
0 0.0212750054688 0.468749676389 0.0468749666667 0.021093734375
0 0.00875060117188 0.496874659722 0.0562499611111 0.0171386601563
0 0.0792827773437 0.469921550694 0.0304687291667 0.0158203015625
0 0.0581890425781 0.461718432639 0.0187499875 0.0158203007812
0 0.0608257597656 0.496874659722 0.0562499611111 0.0527343382813
