0 0.507660070313 0.535102289583 0.0183673541667 0.0146364859375
0 0.542959829297 0.535102293056 0.0244898055556 0.0198023054687
0 0.595909471094 0.5404594375 0.0260204194444 0.013775515625
0 0.609254503906 0.538928822917 0.0382653236111 0.012914546875
0 0.442226366406 0.539694129167 0.0275510333333 0.0266900625
0 0.351323489062 0.552662872222 0.0688775833333 0.069738553125
1 0.638026421875 0.526642451389 0.0841837111111 0.0473533375
0 0.696955032422 0.512755333333 0.0321428722222 0.0464923679688
0 0.641852966797 0.546428816667 0.044387775 0.0396046117188
0 0.725367034375 0.538775751389 0.0658163583333 0.04649236875
0 0.782191040625 0.51581655625 0.0198979680556 0.0533801265625
0 0.784131036328 0.546533960417 0.0809122013889 0.108918305469
0 0.683179515234 0.547959428472 0.0627551263889 0.0585459445312
0 0.8729722625 0.552683415278 0.132388863889 0.217723173438
