0 0.860237002734 0.663595470139 0.148453631944 0.211535849219
0 0.271971694922 0.633333447917 0.0268041263889 0.0150773210937
0 0.255734578125 0.634364377778 0.0329896972222 0.0197164984375
0 0.242976844922 0.643642729167 0.0350515527778 0.0173969101563
0 0.228479419141 0.647766439583 0.0350515513889 0.0162371164063
0 0.216881479297 0.652921081944 0.0412371222222 0.0185567039062
0 0.310244896484 0.635395304861 0.0185567041667 0.0104381460937
0 0.328801600391 0.631271593056 0.0226804166667 0.0104381460938
0 0.335180467578 0.636426234028 0.0247422736111 0.0115979398438
0 0.346778408203 0.638488088889 0.0412371194444 0.0185567039063
0 0.354317069141 0.641580873611 0.0391752666667 0.0127577351563
0 0.360116038281 0.639519017361 0.0515464013889 0.015077321875
0 0.367074801953 0.645704584722 0.0639175361111 0.0197164976563
0 0.375193360156 0.657044790972 0.0618556763889 0.0173969109375
0 0.387371198047 0.663230361111 0.0783505277778 0.0255154679688
0 0.116834751172 0.678762998611 0.0865979527778 0.0463917601562
0 0.420120883594 0.669484646528 0.0969072319444 0.070747434375
0 0.194540951172 0.658144436111 0.0494845444444 0.0417525835937
1 0.0589972730469 0.681855781944 0.113402080556 0.117994546094
