0 0.467532658203 0.520565242361 0.0381747847222 0.0136648382813
0 0.668600982031 0.526638503472 0.0607326125 0.046850871875
0 0.578315448828 0.533579371528 0.0503213069444 0.0361142132812
0 0.539273055859 0.532711765972 0.0555269597222 0.0341620945313
0 0.516823680469 0.511889154861 0.0381747847222 0.0224493765625
0 0.448499491016 0.5162272 0.0225578277778 0.0165930164062
0 0.435810713672 0.517094809028 0.0138817402778 0.0107366585937
0 0.422145875781 0.521432850694 0.0503213069444 0.0126887765625
0 0.411897247266 0.521432851389 0.0537917416667 0.0234254351563
0 0.400184530078 0.519697633333 0.0642030472222 0.0234254351562
0 0.39286408125 0.535314590278 0.0642030444444 0.014640896875
0 0.739853349609 0.537917416667 0.0832904388889 0.0214733164063
0 0.717892003906 0.536182199306 0.1006426125 0.0185451359375
0 0.699346867578 0.5361822 0.0902313083333 0.0185451367187
0 0.494565696094 0.540468378472 0.0656249541667 0.050097621875
