0 0.849248423828 0.6131950625 0.426888191667 0.299773396094
0 0.0133424132813 0.586657936111 0.0666163111111 0.0266848265625
0 0.243238143359 0.540796284028 0.0421450125 0.0405305867188
0 0.113616738281 0.566432888194 0.0611782458333 0.030589121875
0 0.0895278050781 0.571870954861 0.0611782430556 0.0466484117187
0 0.0398204820312 0.574589988889 0.0747734083333 0.066531340625
0 0.377957282813 0.529337479861 0.0394259791667 0.0267654828125
0 0.274209628125 0.55516829375 0.0856495402778 0.0428247703125
0 0.320293594531 0.580966747917 0.130513590278 0.100179375
0 0.400207676172 0.534743183333 0.0271903305556 0.0183534726563
0 0.535587715625 0.579173355556 0.0978851888889 0.0856495421875
