0 0.441677202344 0.449081536806 0.0165306097222 0.01136479375
0 0.371422114844 0.458265209028 0.0275510152778 0.02376275
0 0.341976967969 0.461938677083 0.0385714208333 0.030994890625
0 0.321830288672 0.464693779167 0.0404081555556 0.0216964242188
0 0.286702745703 0.46285704375 0.0624489680556 0.0568239679688
0 0.407582821484 0.455510106944 0.0661224333333 0.0506249882812
0 0.475255001172 0.458265209028 0.0642857013889 0.0371938695313
0 0.540344272656 0.465612145833 0.0495918277778 0.03719386875
0 0.516581523047 0.45275500625 0.0165306097222 0.0123979570312
0 0.56875625625 0.458265209028 0.0385714208333 0.0340943796875
0 0.728379946875 0.472040715972 0.102857120833 0.0702550875
0 0.0563073859375 0.47387745 0.189183633333 0.112614771875
0 0.837378648828 0.593265180556 0.398571344444 0.324413196094
0 0.510899126172 0.447244802083 0.0128571402778 0.0134311195312
