0 0.0697115210937 0.65869581875 0.209881476389 0.138068217188
0 0.766378652344 0.553606859722 0.0355731305556 0.016007909375
0 0.754372719922 0.560721485417 0.0213438763889 0.0120059320313
0 0.735363327344 0.5607214875 0.0177865638889 0.01200593125
0 0.709850724219 0.558053502083 0.0160079097222 0.0110054390625
0 0.695343555469 0.559832157639 0.0195652208333 0.016007909375
0 0.705848746484 0.568725439583 0.0231225347222 0.0170084039063
0 0.623808210938 0.580286706944 0.0462450694444 0.027013346875
0 0.521257542969 0.574061411111 0.02667985 0.022010875
0 0.491242713281 0.588290663889 0.0586956666667 0.050024715625
0 0.575284236328 0.586067338889 0.0978261111111 0.0700346023437
0 0.6608265 0.595849953472 0.0996047680556 0.073036084375
0 0.720856159766 0.572727417361 0.0320158180556 0.0230113695313
0 0.373434505469 0.642984352083 0.2472332625 0.215106279687
