0 0.90885851875 0.520866283333 0.04889765 0.05142225625
0 0.81079746875 0.512362343056 0.0488976472222 0.03946359375
0 0.856838327344 0.512362344444 0.0574015888889 0.0502263921875
0 0.455864314062 0.467078877778 0.0106299222222 0.0119586640625
0 0.459810658594 0.479409581944 0.0148818944444 0.0107627984375
0 0.470573457812 0.484724541667 0.0297637861111 0.01315453125
0 0.48133625625 0.493228480556 0.0297637861111 0.01315453125
0 0.490305253906 0.501732420833 0.0340157555556 0.0167421296875
0 0.513026717969 0.497480451389 0.0552756055556 0.0334842609375
0 0.458016859375 0.500669430556 0.0276378027778 0.0191338625
0 0.562655175 0.491102495833 0.0340157555556 0.0298966625
0 0.545315111719 0.515551323611 0.0574015888889 0.0430511921875
0 0.444264394531 0.485787536111 0.0276378027778 0.0131545296875
0 0.333646747266 0.558071022917 0.270000076389 0.248740227344
