0 0.0472328234375 0.625092266667 0.0474121888889 0.09334274375
0 0.234620139062 0.617606131944 0.0424214305556 0.042811334375
0 0.263745883203 0.622596888194 0.0274491625 0.0168438039062
0 0.280940598828 0.62633995625 0.0199630263889 0.0217565789063
0 0.308311779688 0.626963800694 0.0187153375 0.014738328125
0 0.294977101953 0.628211489583 0.0237060930556 0.0105273773438
0 0.370072392969 0.622596888194 0.0174676486111 0.016141978125
0 0.436394869531 0.628211489583 0.0187153375 0.0070182515625
0 0.446571333984 0.629459179167 0.0137245805556 0.00631642578125
0 0.451133197656 0.632578401389 0.0274491611111 0.014036503125
0 0.464818788281 0.64630298125 0.0399260513889 0.03017848125
0 0.411830989453 0.652541427778 0.07486135 0.0533387117188
1 0.521666625 0.617730903472 0.190896440278 0.0933427453125
0 0.1693504 0.617730903472 0.0411737430556 0.0343894328125
0 0.969501262891 0.678867672222 0.0386783638889 0.0378985585937
0 0.931251792187 0.675124604861 0.0336876069444 0.0343894328125
0 0.865982052734 0.670133847222 0.0237060916667 0.0273711804687
0 0.830539883203 0.664519246528 0.0299445402778 0.0238620554688
