0 0.897611590234 0.427639848611 0.0303975777778 0.0459096429687
0 0.798188337109 0.451390188194 0.0438825013889 0.0623191054688
0 0.411856423828 0.429448938194 0.0170078791667 0.0167421304687
0 0.396908094141 0.427322953472 0.0212598486111 0.0155462664063
0 0.377176296484 0.433700906944 0.0255118166667 0.0215255960938
0 0.337712702734 0.433700907639 0.0297637875 0.0358759945312
0 0.050824325 0.497480453472 0.165826818056 0.10164865
0 0.288801753125 0.452834771528 0.0595275763889 0.049030525
0 0.445460261328 0.432637914583 0.0233858319444 0.0203297304688
0 0.416161532422 0.458149734028 0.0531496236111 0.0430511929687
0 0.971822204687 0.428285936111 0.0401936944444 0.026909565625
