0 0.438682222656 0.458175039583 0.0319904986111 0.02879145
0 0.423686675391 0.470971240278 0.0405213 0.0347896679688
0 0.405692019141 0.480568390278 0.063981 0.0587825429687
0 0.383498609766 0.508293490972 0.123696601389 0.0863743507813
0 0.285727644141 0.494430940278 0.1940757 0.260322694531
0 0.681010260937 0.498696340278 0.0618483 0.0383886
0 0.719398860937 0.500829040972 0.108767701389 0.091172925
0 0.769184076172 0.505094440278 0.1258293 0.130761167969
0 0.778781226563 0.544549390278 0.1023696 0.07557755625
0 0.980863449609 0.725828893056 0.255924 0.0382731007813
0 0.889690525 0.542416688889 0.375355197222 0.22061895
0 0.542451407422 0.636255490972 0.405213001389 0.334700607031
