0 0.359311381641 0.453826734722 0.0321428722222 0.0275510335937
0 0.33046889375 0.455357347222 0.0229591944444 0.0249681234375
0 0.318845801953 0.481377765972 0.0566326791667 0.0361607304687
0 0.17205045625 0.447704281944 0.0352040972222 0.0352997609375
0 0.212085550391 0.427041007639 0.0153061291667 0.0309949132812
0 0.276227798047 0.427041007639 0.0153061291667 0.0180803648437
0 0.133724267969 0.44828260625 0.0382653236111 0.055963034375
0 0.0553760191406 0.438333622222 0.0306122583333 0.0680166132812
0 0.078622203125 0.448282607639 0.0260204208333 0.0439094578125
0 0.0114078496094 0.450289363889 0.0790135472222 0.0228156992187
0 0.253399066797 0.517160188194 0.188265390278 0.140338072656
0 0.478542663672 0.453639751389 0.0489796138889 0.0344387914062
0 0.424888584375 0.453826732639 0.0505102263889 0.108482192187
0 0.130436921875 0.619898238194 0.318367490278 0.260012871875
0 0.425749552734 0.622194156944 0.304591972222 0.337500152344
