0 0.0320037484375 0.506584134028 0.0820043930556 0.0631059859375
1 0.153914951563 0.496369186111 0.0516021888889 0.0582106765625
0 0.191070898828 0.491759238194 0.0149584569444 0.0189317960937
0 0.239978037109 0.491447591667 0.0168282638889 0.0199835632812
0 0.291514591406 0.492382497222 0.033656525 0.026294159375
0 0.272056913281 0.495810479861 0.0367728819444 0.0378635921875
0 0.322892292578 0.496745397917 0.0336565263889 0.0357600585937
0 0.3512899875 0.493940688889 0.0168282611111 0.0147247296875
0 0.375480614453 0.493005784028 0.0224376819444 0.0147247304688
0 0.392308878516 0.49207088125 0.0168282625 0.00841413203125
0 0.402826542578 0.489515477083 0.0149584597222 0.0126211960938
0 0.415066471875 0.491198289583 0.0130886486111 0.0115694328125
0 0.425058252734 0.49213319375 0.0149584569444 0.0105176648438
0 0.435356174219 0.490957894444 0.0149584583333 0.009465896875
0 0.524976062891 0.489328482639 0.0130886486111 0.0189317960937
0 0.456611244922 0.49867751875 0.0243074902778 0.0168282632812
0 0.5249760625 0.522985008333 0.0542244027778 0.04207065625
0 0.569676135937 0.499612420833 0.0299169111111 0.024190628125
0 0.65013626875 0.499612422222 0.0261772972222 0.0168282625
0 0.619109158594 0.506156745833 0.0766620888889 0.047329490625
0 0.470330830078 0.489597272917 0.0149584569444 0.0126211976563
1 0.679480051563 0.503066489583 0.0229245486111 0.0186261953125
