0 0.21182966875 0.373144804861 0.0788519597222 0.0665313390625
0 0.39918804375 0.352114784028 0.0217522680556 0.0076472828125
0 0.405305867969 0.351435023611 0.0258308138889 0.01376510625
0 0.414482603125 0.354833814583 0.0299093625 0.0137651046875
0 0.424424067969 0.356193331944 0.0326283972222 0.015294559375
0 0.436277352734 0.36231115625 0.0421450125 0.0206476570312
0 0.468013567187 0.367069463194 0.0815709930556 0.065001884375
0 0.349480719531 0.360271880556 0.0190332305556 0.013000378125
0 0.339539253516 0.359592123611 0.0149546833333 0.0160592882813
0 0.32424469375 0.355513574306 0.0258308152778 0.0175887453125
0 0.308185405078 0.355513573611 0.0312688805556 0.0206476570313
0 0.292508478906 0.358912365972 0.0462235625 0.018353471875
0 0.274919734766 0.364350430556 0.0489425944444 0.0260007539062
0 0.250066072266 0.365709948611 0.0598187277778 0.0344127617188
0 0.367451828906 0.361631397222 0.0163141972222 0.01223565
0 0.89001416875 0.378529670139 0.105882426389 0.160808932813
