0 0.957455538672 0.680740339583 0.280629995833 0.0825147851562
0 0.633211297656 0.476220604167 0.0744094694444 0.0585974578125
0 0.605706367969 0.465590679861 0.0659055291667 0.034680128125
0 0.584778705469 0.462401701389 0.0510236361111 0.021525596875
0 0.571026239844 0.454960756944 0.0403937138889 0.0131545296875
0 0.559665509375 0.445393823611 0.0425196944444 0.01674213125
0 0.546510979297 0.442204846528 0.0276378013889 0.0167421320313
1 0.524387448438 0.425196969444 0.0744094694444 0.0298966640625
0 0.502861852344 0.439015870139 0.0170078791667 0.010762796875
0 0.487913520703 0.437952877778 0.0233858305556 0.0143503976563
0 0.452037526172 0.441141854167 0.0425196972222 0.0263090617188
0 0.429316064063 0.448582801389 0.0446456777778 0.031092528125
