0 0.596139436719 0.465590679861 0.0170078791667 0.0107627984375
0 0.582984905859 0.467716665278 0.0340157583333 0.0251131960938
0 0.535150246875 0.47940958125 0.0914173486111 0.070556121875
0 0.494490787109 0.469842650694 0.0340157597222 0.0227214632813
0 0.480140389063 0.469842649306 0.0212598458333 0.0107627984375
0 0.606304301953 0.453897765972 0.0403937180556 0.00717519921875
0 0.677458357031 0.487913522222 0.146692955556 0.108823846875
0 0.814385068359 0.473031627083 0.0744094680556 0.0574015914063
0 0.432276002344 0.479044544444 0.0411357555556 0.02524239375
0 0.448052498438 0.47904454375 0.0261772986111 0.00841413125
0 0.413870090625 0.473435123611 0.0411357555556 0.0178800296875
0 0.383894746484 0.480914350694 0.0635734375 0.0546918539062
0 0.275036921094 0.490263386111 0.0486149833333 0.0515365546875
0 0.236647446094 0.492133192361 0.0560942125 0.035760059375
0 0.123201286719 0.5181235125 0.167908672222 0.233492146875
1 0.927282370312 0.314795370139 0.222507031944 0.14198846875
0 0.898884677734 0.561609891667 0.529155375 0.200887388281
