0 0.394089511328 0.574734870139 0.0143236097222 0.00906416015625
0 0.403657234375 0.579210998611 0.0196949638889 0.0161140625
0 0.438906744531 0.586372803472 0.0483421847222 0.038270896875
0 0.447970905078 0.595325061111 0.0447612833333 0.0261853507812
0 0.484731108594 0.594429834722 0.0644562472222 0.0574063453125
0 0.507895072266 0.621286603472 0.0787798569444 0.0735204070313
0 0.626232713672 0.595325060417 0.0626657958333 0.0946701132812
0 0.605083007031 0.670524015972 0.162931070833 0.153083585938
0 0.812047987891 0.639191117361 0.111007981944 0.204447160156
0 0.340208116797 0.57294441875 0.0358090263889 0.0221568335938
0 0.356322179297 0.574734870139 0.0179045125 0.0100712882812
0 0.333158215234 0.582791901389 0.0268567694444 0.0261853507812
0 0.299419397656 0.594429834722 0.100265275 0.0634491171875
0 0.248055826172 0.600696413194 0.137864748611 0.0654633757813
0 0.157917794531 0.612334347222 0.229177766667 0.16919765
0 0.085404515625 0.697380784722 0.399270641667 0.16919765
