0 0.296563754297 0.508619753472 0.128135576389 0.116694891406
0 0.407252292969 0.491840091667 0.0762711722222 0.0566313453125
0 0.442432371094 0.488026534028 0.0503389708333 0.0154449125
0 0.460022410156 0.483450263889 0.0411864305556 0.019735165625
0 0.4784705 0.481924838194 0.0350847375 0.0171610140625
0 0.496757711719 0.475877629861 0.0321428597222 0.019413409375
0 0.513757847266 0.47822025 0.027457625 0.0145868617188
0 0.560521610547 0.474406689583 0.0350847402778 0.0154449132813
0 0.570818216797 0.475169401389 0.0274576222222 0.0205932148437
0 0.581543851172 0.481271095139 0.0335593152778 0.0265995710938
0 0.606856346484 0.4881355 0.0625423611111 0.0480508382812
0 0.666919894531 0.508728717361 0.112881334722 0.0926694734375
