0 0.6096091625 0.563437303472 0.0356249875 0.025312490625
0 0.563730271484 0.545624809028 0.0224999930556 0.0179296804688
0 0.549491995703 0.576562297917 0.0656249763889 0.0232031179687
0 0.581659951953 0.574687298611 0.0618749777778 0.0453515445313
0 0.524179504297 0.55124980625 0.0299999902778 0.0358593617188
0 0.389179551172 0.61062476875 0.104999965278 0.0611718539062
0 0.690292726172 0.584374776389 0.074999975 0.0516796695313
0 0.736171617969 0.555312286111 0.0318749888889 0.0295312390625
0 0.807362998437 0.597187290972 0.1106249625 0.108632773437
0 0.637031026953 0.597187291667 0.103124963889 0.0822655960938
0 0.479355301172 0.676874763194 0.258749909722 0.176132750781
0 0.172441345703 0.704999753472 0.269999904167 0.294257708594
0 0.881718442578 0.712499751389 0.367499872222 0.234140544531
