0 0.479390000391 0.409370840278 0.0145683555556 0.0109262679688
0 0.487584700781 0.410584870139 0.0169964152778 0.01092626875
0 0.479390000391 0.423939196528 0.0194244763889 0.0109262679688
0 0.465732164844 0.422725165972 0.0315647736111 0.01912096875
0 0.428173119141 0.416655018056 0.0242805972222 0.0150236179688
0 0.413832392969 0.411798898611 0.0242805944444 0.0163894015625
0 0.398125883203 0.417869046528 0.0218525347222 0.0177551851562
0 0.366029971484 0.408156810417 0.0267086541667 0.0273156695312
0 0.359201053516 0.414226957639 0.0194244763889 0.0109262679687
0 0.368078646484 0.4215111375 0.0242805972222 0.0150236179688
0 0.440465170703 0.430009344444 0.0412770111111 0.0314130195312
0 0.525143746094 0.443363672917 0.0825540208333 0.0505339890625
0 0.58523821875 0.437293522917 0.0267086541667 0.0122920515625
0 0.551093631641 0.428795314583 0.0291367125 0.00956048359375
0 0.599578945703 0.440935611806 0.0388489541667 0.0273156695313
0 0.342128759375 0.41058486875 0.0412770125 0.028681453125
0 0.313447307422 0.409370840278 0.0145683555556 0.0177551851562
0 0.287497421875 0.409370838889 0.019424475 0.0177551859375
0 0.228768732031 0.398444570833 0.0364208916667 0.0259498859375
0 0.248572592578 0.415440988194 0.0364208930556 0.0300472367188
0 0.268376453125 0.420297106944 0.0412770111111 0.0450708546875
0 0.146138831641 0.411798898611 0.0437050722222 0.0245841023437
0 0.0281692632813 0.412596670833 0.0655576083333 0.0546313390625
0 0.967145402734 0.519431288194 0.0704137236111 0.0614602554687
