0 0.496562103516 0.468315775 0.0764151638889 0.0687736445313
0 0.209288848828 0.473046229167 0.0967925416667 0.0702064304687
0 0.324525642969 0.456707951389 0.0382075833333 0.030088471875
0 0.141845647266 0.489821199306 0.0942453680556 0.0659080773437
0 0.453476232031 0.463075893056 0.0560377861111 0.041550746875
0 0.423387762891 0.457981547917 0.0254717208333 0.0214917648437
0 0.404761564844 0.455434375 0.020377375 0.012895059375
0 0.666845617188 0.508354724306 0.233255584722 0.217838792187
0 0.0537294109375 0.494915538889 0.145188808333 0.107458821875
0 0.858094533203 0.655183930556 0.430065191667 0.282258505469
0 0.348274786719 0.455261156944 0.0364208916667 0.024584103125
0 0.366029971484 0.451619069444 0.0339928333333 0.0273156695312
