2 0.302921655469 0.468403386806 0.0381928847222 0.0122033484375
1 0.114874070313 0.485709127083 0.0936056125 0.0994559625
0 0.519133312891 0.497149813194 0.187211226389 0.135728139844
0 0.423187559375 0.44930694375 0.0457627458333 0.028081684375
0 0.335432297656 0.45138706875 0.0374422458333 0.0210612625
0 0.390425594531 0.429545758333 0.0228813694444 0.0117007015625
0 0.452439313281 0.451387070833 0.0208012527778 0.0163809828125
0 0.176887789062 0.475308503472 0.0811248652778 0.06201371875
0 0.300330191797 0.461787692361 0.0291217458333 0.0304218257812
0 0.312615928125 0.452427131944 0.0312018722222 0.0152109125
0 0.320221383203 0.44930694375 0.0374422486111 0.0187211226562
0 0.674538175781 0.44930694375 0.0790447402778 0.0346731640625
0 0.657786627734 0.428505696528 0.0582434930556 0.0269116132813
0 0.606303540234 0.438906320833 0.0457627444444 0.0456327367188
0 0.572371504687 0.436826195139 0.0332819958333 0.0198911921875
0 0.442493717578 0.438906320833 0.0208012472222 0.0152109117187
0 0.439568541406 0.430585821528 0.0124807486111 0.0140408421875
0 0.377055110547 0.432665946528 0.0145608736111 0.00936056171875
0 0.379395251562 0.417065011806 0.00832050138889 0.0093605609375
0 0.363513980469 0.432665945833 0.0166409972222 0.0117007015625
0 0.382820138281 0.396562360417 0.0131249930556 0.01053063125
0 0.395690910156 0.401986779167 0.0135261555556 0.01053063125
0 0.349101440234 0.438749847222 0.0149999972222 0.0126562460938
0 0.414492042187 0.434999847222 0.0149999944444 0.008437496875
