0 0.271913705469 0.37731965 0.0247422722222 0.0302706234375
0 0.212126325 0.375257791667 0.0329896944444 0.038273203125
0 0.566675358594 0.372165010417 0.0103092791667 0.009278353125
0 0.545799065625 0.369072225694 0.0164948486111 0.0069587640625
0 0.448144414062 0.385154702083 0.0288659819444 0.0208762921875
0 0.404072242578 0.395463979861 0.0329896986111 0.0301546429687
0 0.401172757031 0.365567071528 0.0268041291667 0.040592790625
0 0.537332583984 0.373814493056 0.0185567 0.00811855859375
0 0.582564551172 0.365567070139 0.0185567041667 0.0127577335937
0 0.701095476953 0.346907272917 0.0288659819444 0.0231958789063
0 0.636726909375 0.352061915278 0.0144329916667 0.015077321875
0 0.780831315234 0.343814489583 0.0226804152778 0.0197164976563
