0 0.480580267188 0.565821798611 0.0190629083333 0.013647309375
0 0.499101616797 0.581418724306 0.0259948763889 0.0253450039062
0 0.442562762891 0.573620261111 0.0311938527778 0.0175465414062
0 0.452310841016 0.610879582639 0.0606547097222 0.0428915460937
0 0.718433382422 0.656803863889 0.0658536861111 0.0214457726563
0 0.626801445312 0.602214625 0.327535436111 0.167666948438
0 0.954824284766 0.712259600694 0.162901220833 0.0887075132812
0 0.0750602046875 0.638607452778 0.147304297222 0.150120409375
0 0.407469680078 0.564955302778 0.0277278666667 0.0155969257813
0 0.391872753906 0.563222311111 0.0173299166667 0.013647309375
0 0.381637271875 0.573620261111 0.0242618833333 0.0107228875
0 0.372864000781 0.576219749306 0.0259948763889 0.0126725015625
0 0.363115922656 0.583151715278 0.0294608583333 0.0126725015625
0 0.348006401563 0.592683170139 0.0381258180556 0.0233953875
0 0.328997648047 0.603081120833 0.0381258194444 0.0321686585937
