0 0.217057970703 0.503626953472 0.0349740930556 0.0301651539063
0 0.188860108203 0.505958559722 0.0443005194444 0.0340997398438
0 0.156727659375 0.509455969444 0.05595855 0.0485265546875
0 0.106889573828 0.5164507875 0.065284975 0.0695110132813
0 0.405262314453 0.474481876389 0.0186528472222 0.0131152867188
0 0.399360435937 0.481476694444 0.01865285 0.0091807
0 0.390179735937 0.482642499306 0.0349740930556 0.01180375625
0 0.445263934766 0.47215026875 0.0233160625 0.0144268117187
0 0.368539516016 0.477979284722 0.0536269444444 0.0314766835937
0 0.632812512891 0.53860105 0.193523319444 0.145579666406
0 0.792537950781 0.629533691667 0.319430058333 0.331254632813
0 0.082626296875 0.675000013889 0.384715033333 0.16525259375
0 0.424935241797 0.483808300694 0.0326424875 0.0236075132813
0 0.941527599219 0.764600316667 0.354071075 0.113615859375
0 0.370600489453 0.686324968056 0.375388608333 0.388212442969
2 0.294569304688 0.4838083 0.0303108805556 0.0157383421875
2 0.479494836719 0.484974102778 0.027979275 0.02098445625
