0 0.544701780859 0.636718325 0.0328124777778 0.0171386601562
0 0.562499620703 0.641405822222 0.0468749694444 0.0316406039062
0 0.577001563672 0.648437066667 0.0562499611111 0.0290038851563
0 0.602050374609 0.661327683333 0.0679687055556 0.0316406039062
0 0.489330725391 0.633202702083 0.0351562263889 0.0197753773437
0 0.473510423437 0.6332027 0.0539062138889 0.0250488109375
0 0.459008480078 0.643749570833 0.0609374583333 0.0250488101563
0 0.444506537109 0.644921441667 0.0773436972222 0.0329589617187
0 0.399023170313 0.664843305556 0.107812425 0.081738225
0 0.514341073047 0.638905811111 0.0281249805556 0.0210937351563
0 0.349546264453 0.68695265625 0.133593656944 0.116015544531
0 0.63233415625 0.667030793056 0.0890624361111 0.0751464328125
