0 0.0785980535156 0.413745888194 0.464169009722 0.156848319531
1 0.29713366875 0.287077054861 0.455667743056 0.333780873438
0 0.134068800391 0.402694244444 0.132619716667 0.0573835304687
0 0.383208965234 0.423097277083 0.319647520833 0.211362672656
0 0.493194068359 0.326182868056 0.0612091 0.0296481585938
0 0.529536970703 0.332133755556 0.0697103666667 0.0468632164063
0 0.563488893359 0.301529204167 0.0935139027778 0.0535579632812
0 0.666301054297 0.361038052778 0.141120980556 0.121461807031
0 0.604135562109 0.308330214583 0.0459068236111 0.0258225882812
0 0.595049835156 0.278575790972 0.0204030319444 0.0095639203125
0 0.756680116797 0.303229456944 0.110516427778 0.0707730226563
0 0.89476159375 0.400143863889 0.651196813889 0.209215501562
