0 0.158953889453 0.674999871528 0.204406740278 0.212796569531
0 0.397921005078 0.582711755556 0.0167796583333 0.00943855703125
0 0.385050245312 0.588813446528 0.0320338902778 0.0283156734375
0 0.376898763672 0.5987287 0.0427118555556 0.0308898257812
0 0.330564025391 0.613982934028 0.0793220152778 0.0583474445313
0 0.267497300781 0.626186322917 0.112881334722 0.103824132813
0 0.482438997266 0.59338971875 0.0381355847222 0.0326059257813
0 0.527701170703 0.613220222222 0.0838982888889 0.0544862195312
0 0.687084085938 0.60483039375 0.3050846875 0.29002113125
0 0.432243032812 0.607881240278 0.122033875 0.06950210625
