0 0.410009621875 0.579843547222 0.0168749944444 0.0042187484375
0 0.404208842578 0.581718547222 0.0168749944444 0.00738280859375
0 0.396456894141 0.580499808333 0.0224999916667 0.00949218359375
0 0.385382680078 0.582374807639 0.0224999930556 0.0105468726563
0 0.377472525391 0.58612480625 0.0262499902778 0.0116015570312
0 0.362179561719 0.574874810417 0.0112499958333 0.01898436875
0 0.36270690625 0.594562302778 0.0318749888889 0.0221484296875
0 0.346886599219 0.596437304861 0.0393749902778 0.01792968125
0 0.323156138281 0.591749803472 0.0674999763889 0.0358593625
0 0.314191298437 0.601124800694 0.0749999736111 0.0326953015625
0 0.275167873437 0.608624799306 0.0899999708333 0.0685546625
0 0.570058394531 0.570937300694 0.0374999902778 0.02425780625
0 0.595898227734 0.569999800694 0.0506249819444 0.0316406117188
0 0.62437478125 0.5728123 0.0562499805556 0.05273435625
0 0.671308358594 0.574687298611 0.0637499777778 0.0580077921875
0 0.756123444141 0.560892663194 0.0487499819444 0.0565248851562
0 0.153391059766 0.631312279167 0.073124975 0.0474609210937
0 0.425299591016 0.584706827778 0.0449999861111 0.0316406117188
0 0.205924668359 0.640956806944 0.104999963889 0.103359336719
0 0.525494869531 0.609081818056 0.0937499666667 0.0759374734375
0 0.0665756292969 0.662519297917 0.151874943056 0.133151258594
