0 0.164445227344 0.46224510625 0.0229591958333 0.012053578125
0 0.112787041016 0.46760225 0.0428571638889 0.0413265492188
0 0.0873884324219 0.467602251389 0.0397959361111 0.0318558820312
0 0.0351562625 0.516836974306 0.186734776389 0.069738553125
0 0.39432415625 0.455357347917 0.0321428736111 0.017219396875
1 0.354719546875 0.456122655556 0.08877555 0.065433703125
0 0.795654459375 0.550255348611 0.301530747222 0.313392996875
0 0.515952951953 0.600780522917 0.4546219375 0.318558816406
0 0.214585955859 0.477245111111 0.0642857444444 0.0232461835937
0 0.271840446875 0.484438992361 0.176020484722 0.13086740625
