0 0.481415525781 0.441085302083 0.0229245486111 0.02005898125
0 0.453476232812 0.447453233333 0.0305660666667 0.0243573328125
0 0.434133644922 0.45509475 0.0305660638889 0.0171934117187
0 0.419805800391 0.453821163194 0.0382075847222 0.0114622726562
0 0.404045174609 0.455094748611 0.0509434416667 0.0315212539062
0 0.383269802734 0.461462679861 0.0483962708333 0.0272229023438
0 0.357479682812 0.460189094444 0.0560377888889 0.04155074375
0 0.317361724219 0.469104194444 0.0636793 0.05301301875
0 0.5540099375 0.408821123611 0.0229245527778 0.020058978125
0 0.608455743359 0.436840015278 0.043301925 0.0143278460937
0 0.679378565625 0.430472084722 0.0407547527778 0.0329540390625
0 0.679378566016 0.447028702778 0.0483962694444 0.0186261960938
0 0.697288369531 0.448302285417 0.0611321291667 0.0257901171875
0 0.724511271094 0.445755118056 0.0764151638889 0.054445803125
0 0.924623486719 0.426226804167 0.310754994444 0.149009567188
0 0.258617566016 0.483962697222 0.066226475 0.0730719992187
0 0.640932183203 0.440660775694 0.0866038569444 0.0573113726562
0 0.761286075 0.459764561111 0.0840566805556 0.083101490625
0 0.574546507031 0.475047594444 0.114622747222 0.083101490625
0 0.510071211719 0.450424940278 0.0585849638889 0.0372523890625
