0 0.601933088672 0.581443394444 0.0144329916667 0.0150773210937
0 0.588015560547 0.584536179167 0.0123711361111 0.0150773210937
0 0.546262977344 0.582474322917 0.0164948486111 0.010438146875
0 0.559020710938 0.584536178472 0.0164948486111 0.0081185578125
0 0.538144419141 0.586598034722 0.0164948472222 0.0104381476562
0 0.709214034375 0.604123810417 0.0639175347222 0.0533505234375
0 0.502190804687 0.588659890278 0.0247422722222 0.0197164984375
0 0.490592865234 0.594845457639 0.0247422708333 0.0104381476562
0 0.478415027344 0.591752673611 0.0309278388889 0.0208762921875
0 0.462177911328 0.593814529167 0.0391752611111 0.0278350554688
0 0.433762958203 0.596907314583 0.0494845430556 0.0336340257812
0 0.572242372656 0.587216594444 0.0206185611111 0.0139175265625
0 0.525850613281 0.587216593056 0.0288659833333 0.018556703125
0 0.408711417578 0.6016495875 0.0453608361111 0.0463917601563
0 0.627332589063 0.597525873611 0.0577319694444 0.0405927921875
0 0.352852832422 0.606598035417 0.0659793902778 0.0452319664062
0 0.301241999609 0.617938246528 0.0762886736111 0.0835051695313
0 0.166705894531 0.633402165972 0.111340223611 0.150773220312
0 0.808651876562 0.684948566667 0.243299011111 0.22615983125
0 0.917672513672 0.650927942361 0.105154656944 0.0893041382813
0 0.962072205078 0.65844083125 0.191752609722 0.0719072289062
