0 0.449082328516 0.527812129861 0.0187499875 0.0171386585938
0 0.578940637891 0.527812129861 0.0421874708333 0.0210937351562
0 0.609262882812 0.524296509028 0.0773436986111 0.02636716875
0 0.899301745312 0.510234016667 0.161718638889 0.087011659375
0 0.491928978516 0.560624607639 0.103124929167 0.0870116570312
0 0.368662462891 0.592265210417 0.232031090278 0.209618997656
0 0.560483619531 0.541874620833 0.0609374583333 0.0448241875
0 0.170158878125 0.632108934028 0.372655995833 0.34031775625
0 0.769443436328 0.578202720139 0.339843515278 0.357275144531
0 0.987631764063 0.613358945833 0.180468627778 0.023730453125
1 0.94676265 0.434062194444 0.299999794444 0.105468676563
