0 0.345289297266 0.5600264625 0.0286092666667 0.0352028132812
0 0.317127045313 0.56181454375 0.0143046347222 0.0211216875
0 0.300028536719 0.561814542361 0.0286092708333 0.04123758125
0 0.273374977734 0.565390703472 0.0214569541667 0.0422433757813
0 0.228617115625 0.569860900694 0.0303973486111 0.0392259921875
0 0.18788243125 0.574331099306 0.0357615875 0.052301321875
0 0.138598492578 0.5796953375 0.0357615888889 0.0422433757813
0 0.116471010156 0.58237745625 0.0447019847222 0.0402317859375
0 0.0757363253906 0.584165535417 0.0447019847222 0.0512955289062
0 0.0456630722656 0.636913877778 0.185960258333 0.0913261445313
0 0.470007834766 0.555556265278 0.0268211916667 0.0170985085938
0 0.530355514844 0.531417193056 0.0214569527778 0.01307533125
0 0.559523560547 0.543039710417 0.0661589402778 0.0452607601563
0 0.500181674609 0.556450305556 0.0607947 0.0492839382812
0 0.444862968359 0.560920504167 0.0339735111111 0.0331912242187
0 0.619368342188 0.537675471528 0.0411258263889 0.0261506609375
1 0.615345164453 0.516218519444 0.041125825 0.0241390726562
0 0.832596811719 0.523370834722 0.0804635694444 0.0704056265625
0 0.936003319922 0.533205274306 0.171655623611 0.126349444531
0 0.729502858203 0.635125798611 0.332582769444 0.224292210156
