0 0.416002601172 0.569063093056 0.0155299833333 0.00811164453125
0 0.420994382031 0.569617736806 0.0166392708333 0.00811164375
0 0.426922122266 0.570727021528 0.0210764125 0.0124794539063
0 0.436281712891 0.573500234722 0.0288414055556 0.00998356328125
0 0.444081371484 0.575164161806 0.0321692597222 0.0143513710937
0 0.455936853516 0.579046659028 0.0399342541667 0.0255828804687
0 0.403523147656 0.565180597917 0.0122021319444 0.009359590625
0 0.393539584766 0.565735241667 0.0133114194444 0.0106075367188
0 0.465296442578 0.585147723611 0.0321692583333 0.0280787710938
0 0.494623159766 0.590694147917 0.0587920930556 0.0380623335937
0 0.481207747266 0.575718802778 0.0221856944444 0.0162232898437
0 0.349549509766 0.565735240278 0.0155299861111 0.00748767265625
0 0.368268689844 0.565735240278 0.0155299861111 0.0062397265625
0 0.295575872266 0.563516670139 0.0221856958333 0.0106075367188
0 0.338505185156 0.565735239583 0.0266228347222 0.0180952078125
0 0.359408271875 0.571836306944 0.0277321194444 0.0187191828125
0 0.562636183203 0.708056497917 0.287304759722 0.204039069531
