0 0.127263737109 0.537569507639 0.0130886486111 0.00841413046875
0 0.00525883164063 0.558885297222 0.0243074888889 0.0105176632813
0 0.0295940746094 0.588054298611 0.0766620861111 0.0567953867187
0 0.135677870312 0.550658156944 0.0243074916667 0.010517665625
1 0.148299066016 0.54878835 0.0710526666667 0.0147247289063
1 0.164601445313 0.544674779861 0.110318609722 0.024190628125
1 0.231388615234 0.502043172917 0.265512590278 0.119901372656
0 0.244535694531 0.585810533333 0.166412822222 0.110435475
0 0.395464185937 0.588677571528 0.317243926389 0.248918059375
0 0.724817332813 0.712616158333 0.569394927778 0.549022076563
