0 0.44487324375 0.508016671528 0.0202531569444 0.0113924015625
0 0.435379576172 0.508016671528 0.0236286819444 0.0113924007812
0 0.523670679687 0.518143250694 0.0202531569444 0.013291134375
0 0.531740296875 0.520674894444 0.0253164444444 0.016139234375
0 0.542658014063 0.524050420139 0.0354430236111 0.0151898671875
0 0.422563125781 0.508860553472 0.0556961791667 0.021835434375
0 0.398828958203 0.512236079167 0.0759493361111 0.0389240351563
0 0.356677068359 0.542615813889 0.109704597222 0.0560126367188
0 0.379461868359 0.531645354167 0.0911392027778 0.0503164351563
0 0.295822663672 0.579746600694 0.207594854167 0.124556908594
0 0.464809944141 0.505485027083 0.0118143402778 0.00949366640625
0 0.583195983594 0.554430154861 0.126582226389 0.0962657484375
0 0.701297195703 0.566244495139 0.123206701389 0.118670838281
1 0.129588555469 0.481856345139 0.815189543056 0.257278378125
0 0.619461774609 0.53839640625 0.0641349958333 0.0294303679687
0 0.963607203906 0.635949114583 0.101265781944 0.068354403125
