0 0.705029775 0.560622823611 0.0381258166667 0.0233953875
0 0.41380593125 0.671534292361 0.0155969263889 0.0087732703125
0 0.402108235156 0.681932242361 0.0398588097222 0.0224205796875
0 0.341182746484 0.669801302083 0.0329268430556 0.0155969242188
0 0.248088596875 0.684531730556 0.0450577861111 0.043866353125
0 0.278673192578 0.665468825 0.0450577861111 0.0367989976562
0 0.316325146484 0.679332755556 0.0415918 0.0399671210938
0 0.168641757422 0.695796177778 0.0953145444444 0.0955311679688
0 0.0628751066406 0.688864210417 0.116110443056 0.121850982031
0 0.446949396875 0.672400790972 0.0311938541667 0.0224205796875
0 0.425503624609 0.675866775 0.0207959027778 0.0146221179688
0 0.371401789844 0.681932243056 0.067586675 0.04874039375
0 0.499589021094 0.696662675 0.0623877027778 0.0458159671875
0 0.681788154687 0.753851400694 0.256482776389 0.208753926562
