0 0.671359430469 0.476220604861 0.0425196958333 0.011958665625
0 0.65079053125 0.475689109722 0.0414567055556 0.02822245625
0 0.457299350391 0.492165490972 0.0403937125 0.0406594601563
0 0.423815089063 0.494291475694 0.0531496208333 0.0287007953125
0 0.396908093359 0.493228483333 0.0552756055556 0.0298966617188
0 0.361151675 0.496417460417 0.0701574986111 0.0550098578125
0 0.631417498047 0.4996064375 0.0467716666667 0.0382677273437
0 0.692406688281 0.493015903472 0.0361417430556 0.0143503984375
0 0.779704940625 0.514275752778 0.0616535611111 0.0334842609375
0 0.80900366875 0.514275751389 0.0871653777778 0.053813990625
0 0.865687768359 0.525968668056 0.144566966667 0.111215582031
0 0.940429423438 0.563173403472 0.133937045833 0.11480318125
0 0.554762449609 0.487913521528 0.0446456819444 0.0322883945312
0 0.729956888281 0.510236361806 0.0935433319444 0.0597933234375
1 0.269069956641 0.466122175694 0.165826815278 0.114803180469
0 0.121380446875 0.536279676389 0.208346513889 0.24276089375
0 0.605586775391 0.478346590278 0.0297637888889 0.0143503976563
