0 0.0922461472656 0.452834771528 0.459212726389 0.184163436719
0 0.871951085937 0.520866286111 0.557008027778 0.253523690625
0 0.739209908594 0.415630035417 0.278504015278 0.248740226562
0 0.616035661328 0.400748143056 0.142440986111 0.0837106539062
0 0.574180333984 0.362480415278 0.116929169444 0.0837106523438
0 0.530531208984 0.357165454167 0.0935433305556 0.0442470601562
0 0.510799411719 0.344409545139 0.0680315125 0.0406594578125
0 0.440243291406 0.324212689583 0.0276378013889 0.014350396875
0 0.456985419922 0.340157576389 0.059527575 0.0358759960938
0 0.412738360938 0.331653636806 0.0425196958333 0.0215255953125
0 0.427686693359 0.319960717361 0.0318897736111 0.0107627992188
0 0.393604497266 0.330590640972 0.0616535569444 0.0263090617188
0 0.384037564453 0.335905604167 0.0680315166667 0.0263090617188
0 0.357130570312 0.331653632639 0.0765354541667 0.0514222578125
0 0.343378106641 0.353976473611 0.0829134083333 0.0358759945313
0 0.295543446094 0.364606402083 0.108425226389 0.102844517188
