0 0.642221844922 0.414140334028 0.0351562263889 0.0184570179688
0 0.621128110156 0.412968459028 0.0562499625 0.031640603125
0 0.604648627734 0.430546571528 0.0539062125 0.0250488101563
0 0.571030487109 0.423515326389 0.0679687027778 0.0395507539062
0 0.539389883594 0.431718447917 0.0796874458333 0.0500976203125
0 0.204526833203 0.470390295139 0.119531168056 0.0764647914062
0 0.08653375 0.487968408333 0.126562413889 0.0936034515625
0 0.497861591797 0.446952810417 0.0820311930556 0.0883300164062
0 0.343613651953 0.541874621528 0.229687343056 0.164794808594
0 0.827451210156 0.431718446528 0.131249909722 0.193798695312
0 0.969833923828 0.439921565972 0.0914061875 0.0593261304688
0 0.0170591371094 0.452657434028 0.0450577847222 0.0341182742188
