0 0.372436241016 0.5129643 0.0447612833333 0.0302138648438
0 0.343229504297 0.506697720139 0.0250663180556 0.0342423835938
0 0.297405139453 0.50132636875 0.0465517347222 0.0433065414062
0 0.264673451953 0.491478884028 0.0555039902778 0.0281996070313
0 0.424303376563 0.497745463889 0.0143236111111 0.0191354484375
0 0.444445953906 0.497745463889 0.0143236111111 0.017121190625
0 0.472645562109 0.516545202083 0.0519230875 0.0332352523437
0 0.421894563281 0.575630095833 0.145026555556 0.102509126563
0 0.0093662859375 0.494164559722 0.0358090222222 0.0171211890625
0 0.149457916797 0.570258742361 0.334814395833 0.298915833594
