0 0.224024181641 0.517959072917 0.0367346847222 0.0402933585937
0 0.310293295703 0.507857035417 0.0202040791667 0.0206632617187
0 0.291351978516 0.526224377778 0.02938775 0.0289285648438
0 0.348692528906 0.533571314583 0.0404081541667 0.0320280546875
0 0.368839208984 0.488571325 0.0165306111111 0.00826530546875
0 0.513482034766 0.529897845833 0.0440816222222 0.0289285648438
0 0.538277946875 0.533571315972 0.0220408125 0.01239795625
0 0.552225647656 0.536326416667 0.02938775 0.0123979578125
0 0.589936098047 0.565714163889 0.113877527778 0.0878188585938
0 0.978683874219 0.574933709722 0.0551020305556 0.0392601953125
0 0.252420528125 0.499367352083 0.0238775458333 0.0175637703125
0 0.055036109375 0.505137808333 0.0367346861111 0.0743877359375
