0 0.486570380469 0.589297856944 0.00585683055556 0.02223765625
0 0.472157085156 0.58197681875 0.0117136625 0.006588934375
0 0.466803575781 0.584905233333 0.0146420777778 0.0074125515625
0 0.457743790234 0.598083103472 0.0117136625 0.00905978515625
0 0.457743790234 0.583441025 0.0117136611111 0.0107070195312
0 0.450743046484 0.58929785625 0.0204989069444 0.00988340234375
0 0.440859644531 0.597351 0.0190347 0.0098834015625
0 0.429740816406 0.601743622917 0.0219631180556 0.0156487203125
0 0.411621246094 0.603939934028 0.0234273236111 0.0205904203125
0 0.390619016016 0.606868349306 0.0322125708333 0.0197668039063
0 0.353556258984 0.617117804167 0.0351409861111 0.00988340078125
0 0.373734871484 0.614189388194 0.0439262319444 0.0288265898437
0 0.488217612891 0.637616711806 0.0907808791667 0.0667129648437
0 0.319376158984 0.625903048611 0.0585683083333 0.0568295617187
1 0.1093538625 0.645669855556 0.112743997222 0.218258465625
