0 0.470344784766 0.538093930556 0.0259948777778 0.00877327109375
0 0.477168440234 0.535494443056 0.0242618861111 0.0107228867187
0 0.490328346094 0.538960426389 0.0277278694444 0.0136473109375
0 0.502513444922 0.539826922917 0.0467907763889 0.0185213476562
0 0.520059986328 0.542426410417 0.0589217180556 0.0302190429688
0 0.522497004687 0.550224872222 0.057188725 0.01949615625
0 0.537606526953 0.551091370833 0.0831836027778 0.0185213492187
0 0.565388551172 0.548491881944 0.102246511111 0.0604380867187
0 0.619977789453 0.576219750694 0.1334403625 0.0799342445313
0 0.446949397266 0.540693420833 0.0207959027778 0.00877327109375
0 0.438176126563 0.538960429167 0.0242618861111 0.0126725015625
0 0.433789490625 0.545025896528 0.0398588097222 0.015596925
0 0.425503624609 0.546758890278 0.0398588083333 0.0185213492187
0 0.416242950781 0.548491883333 0.0433247944444 0.0253450046875
0 0.409419295703 0.554557351389 0.0415918 0.0272946210938
0 0.405032659766 0.56148931875 0.0485237680556 0.0204709648437
0 0.384074291406 0.561489320833 0.0623877027778 0.0389923140625
0 0.377250635937 0.572753764583 0.0710526597222 0.0370426984375
0 0.358241883984 0.582285219444 0.0901155694444 0.0282694273437
0 0.460596707812 0.544159403472 0.0346598347222 0.024370196875
0 0.717458574609 0.603081120833 0.194095075 0.194961569531
0 0.309988894922 0.587484194444 0.149037286111 0.109178478906
0 0.114052517969 0.668934804861 0.239152854167 0.228105035938
