0 0.296828989844 0.455256919444 0.025994875 0.0146221171875
0 0.307064472266 0.4621888875 0.0363928277778 0.0194961570313
0 0.333871687891 0.461322390972 0.0554557319444 0.0438663539063
0 0.390897946094 0.470853847917 0.0363928263889 0.015596925
0 0.574649225 0.501181202083 0.0415918013889 0.0224205796875
0 0.678953664063 0.53150855625 0.0918485625 0.055564046875
0 0.547842010547 0.505513679861 0.0779846291667 0.0467907773437
0 0.615591154688 0.53670753125 0.1542362625 0.102354823437
0 0.482529883984 0.558369927778 0.197561055556 0.128674635156
0 0.0487403921875 0.454390427778 0.110911472222 0.097480784375
0 0.911445336328 0.592163268056 0.282477652778 0.175465413281
