0 0.08226561875 0.514999974306 0.0269999986111 0.056531246875
0 0.107999990625 0.508249975 0.0404999972222 0.05906249375
0 0.147234363281 0.506749975694 0.0314999958333 0.0599062453125
0 0.137531239844 0.486499975 0.0179999972222 0.045562496875
0 0.187312485156 0.500749976389 0.0375 0.050624996875
0 0.232874981641 0.506749973611 0.0194999972222 0.0421874976563
0 0.253124979687 0.498499971528 0.0299999930556 0.038812496875
0 0.292218734766 0.495499975694 0.0359999986111 0.0455624976562
0 0.318796857422 0.496249974306 0.0344999986111 0.0362812460937
0 0.333140606641 0.493249976389 0.0344999972222 0.0312187476562
0 0.357187479297 0.478249977778 0.0135000027778 0.0185624976562
0 0.354656230078 0.493999975694 0.0149999986111 0.0168749976563
0 0.378281228906 0.491749974306 0.0254999986111 0.0118124984375
0 0.44648435625 0.475249977778 0.0494999972222 0.0312187484375
0 0.662906214062 0.497749975 0.0674999944444 0.038812496875
0 0.692859337109 0.477499976389 0.0329999972222 0.0143437492188
0 0.713109335156 0.477499977083 0.0209999986111 0.00590625
0 0.724078083984 0.478999977083 0.0299999986111 0.0109687492188
1 0.392203102344 0.481499961111 0.0299999972222 0.037968746875
0 0.553741045313 0.579535672917 0.343499968056 0.273374978125
0 0.951328049219 0.635999947917 0.262499973611 0.0961874921875
