0 0.559459035547 0.501220843056 0.0194244777778 0.0109262679688
0 0.584043137891 0.501220843056 0.0631295472222 0.0382419367188
0 0.699451841016 0.502434872917 0.0412770125 0.0259498851563
0 0.712426783984 0.507290991667 0.031564775 0.0300472351563
0 0.726767510547 0.509719051389 0.0364208944444 0.0177551851562
0 0.803934277734 0.507290991667 0.05098925 0.0245841023437
0 0.827835487891 0.518217259028 0.0534173097222 0.0532655554687
0 0.868808991406 0.518217260417 0.0679856680556 0.0641918234375
0 0.54306963125 0.500006813889 0.0218525361111 0.0163894015625
0 0.115579405469 0.529143528472 0.0364208930556 0.040973503125
0 0.186600147656 0.52064531875 0.0388489513889 0.0355103703125
0 0.311569334766 0.510933081944 0.0194244777778 0.00956048359375
0 0.299960173828 0.514575170833 0.0267086555556 0.0136578351563
0 0.285619449609 0.524287409028 0.0169964152778 0.0150236179688
0 0.267864263672 0.519431290278 0.0169964166667 0.0177551851562
0 0.362786215625 0.513361140278 0.0194244777778 0.0081947015625
0 0.353225730469 0.514575169444 0.0218525361111 0.01092626875
0 0.327275844531 0.518217259722 0.0194244777778 0.0109262671875
0 0.371663807422 0.5157892 0.0145683583333 0.0122920507813
1 0.421514905078 0.458729801389 0.182104463889 0.0901417101563
1 0.651649419922 0.487866514583 0.0752698458333 0.0423392882813
0 0.483658052734 0.530357557639 0.179676404167 0.121554728906
0 0.623650858984 0.514575170833 0.0995504416667 0.0682891726562
0 0.760229205469 0.509719052778 0.0752698444444 0.0655576078125
