0 0.156944063672 0.493036145139 0.618678043056 0.313888127344
0 0.330459859766 0.342265865972 0.0849165930556 0.0584884710938
0 0.406494871094 0.330134924306 0.129974379167 0.0916319375
0 0.460596707031 0.301540559722 0.0554557361111 0.036067890625
0 0.519310080859 0.322765594444 0.0979058055556 0.0336684679688
0 0.939386833594 0.285943636111 0.266880725 0.1202203125
1 0.707244054297 0.325312278472 0.650624556944 0.375259094531
0 0.492277961719 0.282477651389 0.0242618833333 0.0175465421875
1 0.480092864844 0.272079701389 0.0346598333333 0.024370196875
1 0.539197145703 0.234820377778 0.102246508333 0.0372995132813
0 0.510385997656 0.281484184028 0.0257812319444 0.01845701875
