0 0.503545962109 0.55253475625 0.00998355972222 0.00998356328125
0 0.485450753906 0.556971897222 0.0144207027778 0.007487671875
0 0.433661020703 0.558081182639 0.00998356527778 0.00623972578125
0 0.441772665234 0.554198684028 0.0133114152778 0.00998356328125
0 0.423365471094 0.554753327778 0.0144207027778 0.009359590625
0 0.397058341797 0.548065931944 0.0166392694444 0.0237109617187
0 0.342460727344 0.570806270833 0.070994225 0.051789734375
0 0.499427758203 0.565735239583 0.0221856958333 0.0162232898437
0 0.474780835937 0.557415602778 0.0277321194444 0.0180952078125
0 0.395286699219 0.594022001389 0.0854149277778 0.0705089125
0 0.36970381875 0.5696177375 0.0210764111111 0.0118554796875
0 0.133998135547 0.625081978472 0.276211915278 0.267996271094
0 0.0152030867187 0.53293100625 0.0540554208333 0.0272875921875
