0 0.5341947 0.490783252778 0.0381258194444 0.01169769375
0 0.552716049219 0.498581713889 0.0467907777778 0.0292442359375
0 0.6087675 0.485584275694 0.0346598319444 0.0107228875
0 0.62826365625 0.489050259722 0.0415918 0.024370196875
0 0.630700676172 0.460455895139 0.0294608597222 0.0292442367188
0 0.944101398828 0.511579152778 0.0797176194444 0.0653121242188
0 0.9319163 0.504647185417 0.0831836041667 0.0818838578125
0 0.589271344141 0.517644622917 0.0953145430556 0.0575136632812
0 0.494714982031 0.501181202083 0.145571304167 0.08090905
1 0.678466261328 0.496848722917 0.136906345833 0.0721357804687
0 0.213482918359 0.622490620833 0.395122113889 0.393822369531
0 0.0316812558594 0.635488061111 0.296341586111 0.0633625117188
