0 0.419897171875 0.381445052083 0.0210937375 0.0105468671875
0 0.436376652344 0.366210686111 0.0281249805556 0.02241209375
0 0.442309265625 0.389648168056 0.0328124777778 0.0263671703125
2 0.465380539453 0.401366911806 0.0187499902778 0.00922850859375
0 0.392870823437 0.374413804861 0.0257812319444 0.017138659375
0 0.403417691406 0.402538785417 0.0492187152778 0.035595678125
0 0.307836702734 0.417773151389 0.0937499361111 0.0632812070313
0 0.249169750391 0.414843464583 0.114843668056 0.0764647914062
0 0.152270404297 0.428515320139 0.166406134722 0.159521377344
0 0.0777831496094 0.461327795139 0.255468573611 0.155566299219
