0 0.0370426980469 0.619544542361 0.192362081944 0.0701861648437
0 0.122338384766 0.53809393125 0.209691998611 0.213482917969
0 0.0107228863281 0.516431534028 0.0415918013889 0.0214457726563
0 0.0175465414062 0.479172211806 0.0467907763889 0.0350930828125
0 0.392847561719 0.539826922917 0.188896098611 0.138422714063
0 0.475706228516 0.478305715972 0.0346598347222 0.0272946195312
0 0.470344785547 0.472240245139 0.0467907763889 0.0243701960937
0 0.466932958203 0.459242807639 0.0415918013889 0.0253450039062
0 0.449386416797 0.469640757639 0.0173299180556 0.0136473101563
0 0.339233130469 0.477439220139 0.0363928263889 0.013647309375
0 0.66238193125 0.47137375 0.0762516361111 0.0887075140625
0 0.730618480469 0.476572725 0.0727856527778 0.0497152
