0 0.244535694141 0.422576378472 0.0186980736111 0.0178800273438
0 0.199309738281 0.41322734375 0.0336565263889 0.049433021875
0 0.321314643359 0.416032054861 0.0168282652778 0.0115694304688
0 0.366014716797 0.416966958333 0.0149584583333 0.0126211976563
0 0.353393520312 0.4113575375 0.0149584583333 0.00841413125
0 0.335513491016 0.416966958333 0.0149584583333 0.0147247304688
0 0.431224236719 0.417901861111 0.0243074888889 0.012621196875
1 0.417025389063 0.408552826389 0.0392659472222 0.0220870953125
0 0.447000732031 0.426315990972 0.0373961375 0.0273459265625
0 0.395990061328 0.443144255556 0.0897507361111 0.0662612851562
0 0.628956324609 0.435665028472 0.119667648611 0.0946589789063
0 0.526033479297 0.3943957125 0.229986258333 0.117797841406
0 0.898358794141 0.502710971528 0.261772979167 0.201939153906
