0 0.0482529882812 0.636874459028 0.199294048611 0.0926067453125
0 0.326560628125 0.617811550694 0.0953145430556 0.085783090625
0 0.37676323125 0.619544540278 0.0710526638889 0.034118271875
0 0.397234196875 0.616945054861 0.0623877013889 0.028269428125
0 0.457672283203 0.618678046528 0.0346598347222 0.0224205804688
0 0.482042480078 0.612612575694 0.0259948763889 0.0204709648438
0 0.723794825391 0.688864211111 0.157702247222 0.149145600781
0 0.92947928125 0.726990029861 0.379525190278 0.135498290625
0 0.653608660547 0.644672922222 0.117843436111 0.0809090523437
0 0.610229711719 0.636874460417 0.0814506125 0.033143465625
0 0.546867201172 0.618678044444 0.0277278666667 0.0136473085938
0 0.536144314062 0.620411036111 0.0277278666667 0.015596925
0 0.524568457031 0.614221772917 0.0277278680556 0.0107228859375
0 0.504097492969 0.608156302778 0.0155969277778 0.0107228875
