0 0.899166973828 0.806673202083 0.374229840278 0.201619985156
0 0.649054869531 0.67915785 0.0554414583333 0.0413212109375
0 0.578496951563 0.642427883333 0.0235626194444 0.01559290625
0 0.544972196484 0.638962791667 0.0277207277778 0.0155929101562
0 0.523531946484 0.631339592361 0.0207905458333 0.0163725554687
0 0.546141665234 0.614014135417 0.0110882847222 0.0116946820313
0 0.536396097266 0.625102428472 0.0221765819444 0.00623716328125
0 0.593310217969 0.623716395139 0.00831622638889 0.0109150359375
0 0.595259330469 0.636883738889 0.018018475 0.0132539734375
0 0.574598725781 0.618172247222 0.0110882916667 0.0077964546875
