0 0.503384878516 0.529811796528 0.0203773763889 0.0114622742187
0 0.516996329297 0.524717452778 0.0305660638889 0.0128950601562
0 0.520578290234 0.522170278472 0.0356604069444 0.0171934117187
0 0.552099544531 0.562925030556 0.229245488889 0.0859670578125
0 0.461834133594 0.532358967361 0.0356604097222 0.0114622734375
0 0.831492483594 0.533632554861 0.0738679902778 0.085967059375
0 0.893818603516 0.500519317361 0.0534906125 0.0616097242188
0 0.877341582812 0.550189173611 0.0713208222222 0.0487146671875
0 0.934652953906 0.523443868056 0.170660533333 0.1289505875
0 0.972621739062 0.546368415278 0.140094466667 0.05301301875
0 0.481176721875 0.529811795833 0.0509434416667 0.0329540390625
0 0.433894838672 0.536179725694 0.0738679902778 0.0530130195313
0 0.796389267578 0.519623110417 0.0916981986111 0.113189960156
0 0.707556642578 0.681368535417 0.466132498611 0.382553410156
