0 0.828899893359 0.517677306944 0.372047347222 0.339626078906
0 0.271461689844 0.412441059722 0.0233858333333 0.0239173296875
0 0.302554219141 0.409252081944 0.0340157583333 0.0287007960937
0 0.32348188125 0.405000111806 0.0255118180556 0.0155462640625
0 0.347997142969 0.399685150694 0.0233858347222 0.021525596875
0 0.365935140625 0.398622158333 0.02125985 0.0143503984375
0 0.380285538281 0.39543318125 0.0233858347222 0.011958665625
0 0.393440069922 0.397559165972 0.0233858347222 0.0191338632813
0 0.407790467969 0.39968515 0.0276378027778 0.011958665625
0 0.421542932422 0.403937119444 0.0318897722222 0.0227214632812
0 0.465789991016 0.423070983333 0.053149625 0.0442470585938
0 0.285812086328 0.364606399306 0.0085039375 0.00956693203125
