0 0.647255996094 0.697881850694 0.409784573611 0.253905226563
0 0.911106819141 0.640678420139 0.232973970833 0.175510524219
0 0.835052258203 0.6053163 0.141448480556 0.0842450523437
0 0.756657557031 0.5886753 0.0873652388889 0.030421825
0 0.649596135937 0.55123305625 0.0457627430556 0.0503130171875
0 0.511527856641 0.543952619444 0.0436826194444 0.0292517539062
0 0.522058487891 0.538752307639 0.0332819958333 0.0105306304687
0 0.524983663672 0.536672182639 0.0332819958333 0.0187211226562
0 0.527323803125 0.532511934028 0.0332819958333 0.02574154375
0 0.53902450625 0.521071248611 0.0395223722222 0.030421825
