0 0.0594632785156 0.506033584028 0.284210643056 0.118926557031
0 0.366527750391 0.525962988889 0.24088585 0.159868486719
0 0.193986761328 0.500834608333 0.0831836027778 0.0838334742188
0 0.124775404687 0.507766575694 0.0415918013889 0.0350930828125
0 0.580498072266 0.540693418056 0.0901155694444 0.100405208594
0 0.648734621484 0.529428972222 0.0537227444444 0.0750602039063
0 0.528345852734 0.53029546875 0.0415918013889 0.0272946195313
0 0.518110369531 0.524229995833 0.0398588083333 0.0224205796875
0 0.507387484375 0.523363500694 0.0346598347222 0.01852135
0 0.504463060156 0.511232558333 0.0381258166667 0.032168659375
0 0.487891326953 0.518164525 0.0242618833333 0.00877327109375
0 0.460109303125 0.512965550694 0.0173299180556 0.01169769375
