0 0.536862645703 0.537711761806 0.0533898180556 0.0137288117188
0 0.553165608203 0.53084735625 0.0366101625 0.0223093179687
0 0.423599953906 0.494237194444 0.024406775 0.0205932140625
0 0.436470715234 0.510254140972 0.0320338930556 0.0291737226562
0 0.704611555078 0.590338869444 0.100677947222 0.0540571929688
0 0.160178394922 0.443135509028 0.0228813513889 0.0257415210937
0 0.182916739063 0.458389744444 0.0320338944444 0.048908890625
0 0.357101027344 0.446949066667 0.0152542361111 0.0128707609375
0 0.353668823438 0.454576185417 0.0122033875 0.011154659375
0 0.352810773828 0.461440588889 0.0167796583333 0.0163029617187
0 0.349378571484 0.471355842361 0.0152542347222 0.0214512664063
0 0.3377948875 0.477457536806 0.0152542347222 0.0137288109375
0 0.331788532422 0.43398296875 0.0106779652778 0.0137288117188
0 0.329214380078 0.443898220833 0.0152542305556 0.0137288117188
0 0.31634361875 0.444660932639 0.0167796541667 0.0154449109375
0 0.306905061719 0.454576185417 0.0122033875 0.0154449140625
0 0.291889175391 0.460677877778 0.0122033861111 0.0128707617188
0 0.273870110156 0.462203302778 0.0213559305556 0.0231673671875
0 0.329214380859 0.456864319444 0.0167796555556 0.0102966085938
0 0.313340441406 0.472118554861 0.0228813513889 0.0111546578125
0 0.398716484766 0.419491445139 0.0152542319444 0.0120127085938
0 0.498679390234 0.549152438194 0.128135568056 0.0729343085937
0 0.0576413382812 0.498813464583 0.0884745597222 0.0986758296875
0 0.0290351820313 0.497288040278 0.0854237111111 0.0580703640625
0 0.610941023047 0.608643952778 0.216610130556 0.161313528906
0 0.871645424609 0.640677844444 0.225762669444 0.211938517969
0 0.770824469531 0.548389725 0.0167796583333 0.0343220265625
0 0.988340317969 0.5880507375 0.0137288138889 0.019735165625
