0 0.468978299609 0.603037348611 0.0410837722222 0.0329171007812
0 0.442280105859 0.609703779861 0.0408101569444 0.0312197726563
0 0.417028820312 0.615417203472 0.0424425680556 0.026628628125
0 0.393154877344 0.610792055556 0.0353688 0.0211192578125
0 0.361935105859 0.620042358333 0.0506045972222 0.0449932007812
0 0.296281761719 0.636366433333 0.0408101583333 0.03672914375
0 0.259552617969 0.6428960625 0.0473397833333 0.055093715625
0 0.196041803516 0.653506704167 0.0685610666667 0.0486661148437
0 0.0883029800781 0.66819835625 0.137122134722 0.175993816406
1 0.748023439844 0.548651790972 0.210580423611 0.074376515625
