0 0.449730715625 0.475902275694 0.0122479875 0.0068894921875
0 0.448965217187 0.484748042361 0.0108870986111 0.0068894921875
0 0.533170116406 0.508563580556 0.0231350638889 0.0145444828125
0 0.554986840625 0.51604845 0.0489919416667 0.0199029765625
0 0.628857503125 0.531018229861 0.0653225875 0.0221994734375
0 0.420641750391 0.521492018056 0.0244959694444 0.0130134851563
0 0.407245516016 0.521492018056 0.0408266166667 0.0183719773438
0 0.379687548438 0.514687583333 0.0680443638889 0.0352129578125
0 0.442075724609 0.494342301389 0.0231350833333 0.0122479851562
0 0.363612068359 0.539251581944 0.0476310555556 0.0375094554688
0 0.586372303516 0.535849363889 0.0925403361111 0.0681294195312
0 0.669428955078 0.530235704167 0.0983241055556 0.0796119054687
0 0.836116382031 0.553540897917 0.179637120833 0.186781778125
1 0.518395992969 0.486517199306 0.0503528291667 0.0244959703125
1 0.474226686719 0.50727073125 0.0782510180556 0.0405714515625
0 0.939114275 0.59647690625 0.224546420833 0.119417857813
