0 0.384326485547 0.420283395833 0.0254717222222 0.0128950585937
0 0.291911896484 0.462311735417 0.0331132375 0.0315212554688
0 0.254659505469 0.464858908333 0.0433019277778 0.0401179609375
0 0.0320495964844 0.469953253472 0.0585849569444 0.0640991929687
0 0.621452287891 0.462311736111 0.0636793027778 0.0831014898438
0 0.684494796875 0.464858907639 0.0840566791667 0.120353882813
0 0.774760208203 0.476321182639 0.122264259722 0.191993097656
0 0.885084599219 0.463585322222 0.168113355556 0.226379920313
0 0.913740285547 0.504340075 0.163019013889 0.169068547656
0 0.410116601172 0.449575877778 0.0585849583333 0.0272229023437
0 0.338477387109 0.471226839583 0.101886881944 0.0788031382813
0 0.456682091406 0.509434420139 0.173207704167 0.12608501875
0 0.175139976172 0.453396633333 0.0611321305556 0.0873998429688
