0 0.0623877019531 0.606547103472 0.121309420833 0.124775403906
0 0.889512159766 0.611746078472 0.273812690278 0.213482919531
0 0.511286714844 0.569287781944 0.0641206944444 0.043866353125
0 0.453773052344 0.571887270139 0.0554557375 0.034118275
0 0.166692141797 0.595282658333 0.0745186444444 0.0721357804688
0 0.230054651563 0.589217186806 0.0658536847222 0.0506900078125
0 0.272458792969 0.580552228472 0.0658536847222 0.034118275
0 0.311938510547 0.577086245139 0.0519897513889 0.0350930820312
0 0.339720534766 0.569287782639 0.0502567625 0.0282694289062
0 0.747677617969 0.577086244444 0.176765155556 0.08773270625
0 0.672617413672 0.583151715278 0.0883825777778 0.0740853960938
0 0.630700675781 0.577952740278 0.0710526611111 0.0389923125
0 0.608767499609 0.572753765278 0.0571887277778 0.0360678898437
0 0.585859515234 0.574486757639 0.0363928263889 0.0136473101563
0 0.401620832422 0.564955302083 0.0277278652778 0.0272946195313
