0 0.355694372656 0.342298351389 0.0234597 0.01319608125
0 0.342498291797 0.342298352083 0.0277251013889 0.0179946554688
0 0.328102567188 0.344431052083 0.0191942986111 0.01319608125
0 0.320904705078 0.345497402083 0.0255924013889 0.0203939445312
0 0.305309335547 0.348696452778 0.0277251 0.0155953695313
0 0.282516103516 0.352961850694 0.0234597013889 0.0179946554688
0 0.255524119531 0.350829152778 0.0490521 0.0311907375
0 0.229131957813 0.382819652778 0.1130331 0.0575829
0 0.171549057031 0.403080302083 0.174881398611 0.100770076563
0 0.0713788035156 0.444667950694 0.386018698611 0.142757607031
0 0.364811664453 0.344431052083 0.0191942986111 0.00839750546875
0 0.373209170312 0.345497402778 0.021327 0.00839750625
0 0.380407032812 0.347630102778 0.021327 0.01079679375
0 0.391203826172 0.349762802778 0.0341232027778 0.0155953695312
0 0.420595098437 0.3561609 0.0725118 0.04798575
0 0.455384775391 0.368957102778 0.0810426027778 0.0599821882812
0 0.502170883203 0.38708505 0.1343601 0.0791764882813
0 0.568151288672 0.4201419 0.1962084 0.131960811719
0 0.747138133594 0.472179786111 0.3369666 0.345497401562
