0 0.982851912109 0.547353972917 0.174820284722 0.0327788039063
0 0.563556385156 0.433235176389 0.0922662611111 0.084678575
0 0.425612254687 0.429593086806 0.0315647736111 0.0218525359375
0 0.853102482422 0.473298158333 0.138399391667 0.163894016406
0 0.771838364844 0.440519354167 0.116546855556 0.102433759375
0 0.717889917969 0.432021146528 0.0946943208333 0.0600944734375
0 0.655746769531 0.417452790972 0.0849820819444 0.075118090625
0 0.441318764063 0.428379057639 0.0291367152778 0.0150236171875
0 0.452245032031 0.424736968056 0.0218525361111 0.009560484375
0 0.459073949609 0.421094878472 0.0194244763889 0.0122920507813
0 0.469317325391 0.419880848611 0.0169964166667 0.0109262679687
0 0.477512026172 0.419880849306 0.0121402986111 0.0109262679688
0 0.48434094375 0.417452790278 0.0169964166667 0.013657834375
0 0.492535644922 0.417452790278 0.0169964166667 0.0109262679688
0 0.525314448047 0.415024729861 0.0315647736111 0.0163894023437
0 0.196331374219 0.437050711806 0.0437050708333 0.0669233890625
0 0.135554009766 0.43219459375 0.0534173097222 0.0464366382812
0 0.0960411699219 0.430980563194 0.0607014875 0.0517100101563
