0 0.325585820703 0.490436659028 0.0103979513889 0.00779846328125
0 0.346056784375 0.488703667361 0.0138639347222 0.009748078125
0 0.319249569531 0.499101617361 0.0173299180556 0.0087732703125
0 0.310476298828 0.507766576389 0.0173299194444 0.0126725023437
0 0.300728220703 0.521630509028 0.0207958986111 0.0146221179688
0 0.335333899609 0.505167089583 0.0190629097222 0.0116976945313
0 0.349956016797 0.506033584722 0.0173299194444 0.0136473101562
0 0.373351405078 0.490436659028 0.0103979513889 0.00974807890625
0 0.390897946094 0.491303154167 0.0121309416667 0.009748078125
0 0.399183813281 0.499101617361 0.0207959013889 0.00682365625
0 0.406007467969 0.506033585417 0.0207959013889 0.0126725015625
0 0.322661396484 0.56148931875 0.0415918013889 0.0233953882813
0 0.304140047266 0.571020773611 0.0433247916667 0.0292442351563
0 0.286106103125 0.538960426389 0.0173299194444 0.0146221171875
0 0.264172926172 0.528562476389 0.0207959 0.0214457726563
0 0.280744659375 0.57968573125 0.0675866791667 0.0272946203125
0 0.246626384766 0.575353252778 0.103979502778 0.0467907757812
0 0.356292267578 0.574486756944 0.0745186444444 0.0497152007812
0 0.158406273437 0.601348129167 0.180231138889 0.156944060937
0 0.0229079839844 0.58496758125 0.119742176389 0.0458159679687
0 0.444024973437 0.580552228472 0.0935815513889 0.067261740625
0 0.486429116016 0.564955303472 0.0658536847222 0.0350930820312
0 0.504463060156 0.579685731944 0.0779846277778 0.039967121875
0 0.552716048047 0.579685732639 0.0953145430556 0.0799342429687
0 0.584884707422 0.604814113889 0.100513519444 0.0818838585937
0 0.674567028906 0.615212061111 0.169833188889 0.152070023438
0 0.819325995313 0.675866773611 0.211424988889 0.279769851562
0 0.986018137109 0.773780805556 0.140372330556 0.0263198117187
