0 0.319495657422 0.410315075 0.0425196972222 0.0203297320312
0 0.299763860156 0.410315074306 0.0552756013889 0.0334842609375
0 0.268073398437 0.416693034028 0.0680315208333 0.053813990625
0 0.209475938672 0.425196970833 0.102047269444 0.0896899835938
0 0.134136353125 0.459212725 0.102047272222 0.0944734515625
0 0.0474360324219 0.484724543056 0.144566963889 0.0932775851562
0 0.349392317578 0.397204823611 0.0318897722222 0.0322883960937
0 0.566442083203 0.372401657639 0.104173265278 0.0574015929687
0 0.653740333594 0.407480402778 0.157322869444 0.112411445313
0 0.726688191016 0.444685142361 0.197716593056 0.169813039844
0 0.868961421094 0.52830723125 0.414567045833 0.257111290625
0 0.458779221094 0.576141890972 0.437952881944 0.307337684375
