0 0.597649473047 0.331379268056 0.144521486111 0.0679038460937
0 0.671004794922 0.352632429861 0.0408060652778 0.0229534117187
0 0.419856171094 0.338180280556 0.0221032861111 0.021040628125
0 0.406944876953 0.332229396528 0.0204030347222 0.0143458835938
0 0.397380955078 0.330529144444 0.0170025305556 0.0105203132813
0 0.378731307812 0.326278511111 0.015302275 0.0095639234375
0 0.359603463281 0.327128639583 0.0136020236111 0.013389490625
0 0.348126757422 0.336224988889 0.0493073305556 0.0172150601563
0 0.332824482422 0.33962549375 0.0561083402778 0.0363429039062
0 0.311305657812 0.343025999306 0.0595088486111 0.029648159375
0 0.283092088281 0.342175872917 0.0714106180556 0.0420812578125
0 0.236228870313 0.34812675625 0.0935139013889 0.08033694375
0 0.163423516016 0.364279159028 0.0952141541667 0.0925309445312
0 0.723510690625 0.329423976389 0.0425063194444 0.051645178125
0 0.755549828516 0.334524734028 0.0255037930556 0.0315609414063
0 0.72159790625 0.375330802083 0.0935139041667 0.078424159375
0 0.800022065625 0.368529788889 0.137720475 0.120505415625
0 0.0674256492187 0.382556874306 0.119017695833 0.134851298437
0 0.884662789062 0.468541090278 0.544080888889 0.229534125
0 0.498758526172 0.390208011111 0.260138672222 0.153979141406
0 0.509757036719 0.201196580556 0.0170025305556 0.0248661984375
0 0.3873388375 0.187594557639 0.0136020208333 0.021040628125
