0 0.391467668359 0.405312494444 0.031564775 0.0191209695313
0 0.405125504297 0.406526520833 0.0194244777778 0.0109262679687
0 0.413320204688 0.402884431944 0.0218525333333 0.0136578359375
0 0.376444050391 0.406526520833 0.0388489527778 0.0245841023437
0 0.457708165234 0.406526522222 0.0485611888889 0.0286814523438
0 0.428343820703 0.4162387625 0.0534173111111 0.0382419382813
0 0.47546335 0.408954582639 0.0291367125 0.01502361875
0 0.499364562109 0.411382638194 0.0291367125 0.0163894007812
0 0.511656613672 0.411382642361 0.0437050708333 0.0191209695312
0 0.538972282422 0.421094879861 0.0582734291667 0.0464366382812
0 0.839444646484 0.461157861806 0.696853081944 0.319593330469
0 0.354591514063 0.405312488889 0.0169964138889 0.013657834375
0 0.340933679687 0.404098463889 0.019424475 0.0163894
0 0.300643067188 0.396814284028 0.0291367125 0.017755184375
