0 0.428266998437 0.621826096528 0.0203124986111 0.007031246875
0 0.420796297266 0.61713859375 0.0203124958333 0.00966796640625
0 0.415083406641 0.617138595833 0.0234375 0.0105468726563
0 0.409809970703 0.618701094444 0.0296874972222 0.0123046867188
0 0.403218173438 0.624169842361 0.0343749930556 0.0166992171875
0 0.396626380078 0.633544842361 0.0593749930556 0.0316406210938
0 0.379487708203 0.645263593056 0.0671874916667 0.0184570289063
0 0.328071698438 0.642138590972 0.135937484722 0.0949218625
0 0.451118558984 0.616357343056 0.0281249944444 0.0105468742188
0 0.459028714062 0.617919845833 0.028125 0.007031246875
0 0.463862698828 0.621044843056 0.0281249944444 0.0166992164063
0 0.474849024219 0.61948234375 0.0343749958333 0.017578121875
0 0.484956446094 0.624169843056 0.0406249944444 0.0184570296875
0 0.497890953906 0.634326090972 0.0359374958333 0.0224708171875
0 0.524946674219 0.642138591667 0.0546874972222 0.0298828078125
0 0.588227916406 0.653857339583 0.131249981944 0.101953109375
