0 0.278619828906 0.538624536111 0.0169964138889 0.0136578359375
0 0.261547535938 0.541052597222 0.0218525361111 0.012292053125
0 0.249938379688 0.542266626389 0.0242805944444 0.013657834375
0 0.23559765 0.542266626389 0.0242805944444 0.012292053125
0 0.225354272266 0.544694682639 0.0291367069444 0.0163894007812
0 0.206916196484 0.544694686111 0.0242805972222 0.0177551851562
0 0.167308477734 0.548336770833 0.0267086527778 0.0177551882813
0 0.146138830078 0.549550801389 0.0291367138889 0.0191209664063
0 0.122920511719 0.553192897917 0.0315647902778 0.0273156703125
0 0.431587577734 0.541052593056 0.0169964111111 0.0109262679687
0 0.471878190234 0.541861944444 0.020233825 0.00956048359375
0 0.51899771875 0.556834984722 0.0242805972222 0.010926265625
0 0.334616952344 0.563309805556 0.0728417833333 0.0546313390625
0 0.422027092188 0.554811597917 0.0364208930556 0.0245841015625
0 0.488267592188 0.546313390972 0.0339928375 0.01502361875
0 0.542898929688 0.563309806944 0.0582734333333 0.04507085625
0 0.604359186719 0.549955479167 0.0364208944444 0.036876153125
0 0.964470770313 0.683498754167 0.15296775 0.0669233890625
