0 0.232979075391 0.501701105556 0.0641206916667 0.0643373179688
0 0.325585820313 0.496502129167 0.0675866777778 0.0604380875
0 0.274895812109 0.492169649306 0.0519897541667 0.0389923148438
0 0.299266009375 0.462708790972 0.0450577847222 0.0370426984375
0 0.322661396875 0.454043830556 0.0138639333333 0.013647309375
0 0.340207937109 0.451444344444 0.0225288916667 0.0253450039062
0 0.363603326953 0.478305715278 0.0485237694444 0.0272946195313
1 0.502026040234 0.458376310417 0.0987805291667 0.0448411601562
0 0.477168440625 0.46184229375 0.0294608597222 0.0048740390625
0 0.473756613281 0.450577848611 0.0346598333333 0.01169769375
0 0.443537569531 0.447978361111 0.015596925 0.0136473109375
0 0.465958150391 0.447111864583 0.0138639319444 0.0116976945313
0 0.398696409375 0.444512379167 0.015596925 0.0136473109375
0 0.411856315625 0.447978361111 0.015596925 0.0068236546875
0 0.422091797266 0.450577847222 0.0173299166667 0.0116976945312
