0 0.485399448047 0.534901511111 0.0218525361111 0.0136578351563
0 0.479253422266 0.541214463194 0.0315647736111 0.0177551851562
0 0.466961369922 0.542428492361 0.0339928319444 0.0177551851563
0 0.459449560938 0.541214464583 0.0364208958333 0.0163894015625
0 0.445108833203 0.546070581944 0.0655576055556 0.0314130164062
0 0.426670757422 0.548498643056 0.0704137277778 0.0327788054687
0 0.533201868359 0.527860138889 0.0242805944444 0.0136578367188
0 0.904012082813 0.548498646528 0.0218525375 0.0341445890625
0 0.557103080078 0.534506765278 0.0278616111111 0.0177551882812
0 0.3973064125 0.554568788194 0.0874101458333 0.06965495625
0 0.507251982812 0.5533547625 0.0752698416667 0.0546313390625
0 0.542079460156 0.548498643056 0.0364208972222 0.0286814515625
0 0.93610799375 0.56913714375 0.116546856944 0.122920510938
0 0.570551996875 0.559324670139 0.0462701708333 0.021433975
