0 0.222361184375 0.339200429167 0.0833123861111 0.0392120796875
0 0.465954285547 0.352972474306 0.0748111208333 0.0439940398437
0 0.331007342187 0.344301186111 0.0187027805556 0.0105203140625
0 0.342484048438 0.343621085417 0.0275440902778 0.0124330984375
0 0.359220912109 0.328148786806 0.0102015180556 0.00765113828125
0 0.354438951563 0.3511022 0.0425063194444 0.017215059375
0 0.373566794141 0.320497648611 0.0119017694444 0.0210406289063
0 0.8003766375 0.532684451389 0.570595347222 0.397150007812
0 0.321347745703 0.631767880556 0.00340050555556 0.00956392109375
0 0.0521103691406 0.424917186806 0.329557023611 0.102307953906
0 0.171194202344 0.365044265972 0.0731108680556 0.0688602375
0 0.279266522656 0.367934697917 0.1435013375 0.104820582812
0 0.406753600781 0.424553113194 0.212531598611 0.148240789063
0 0.556524623437 0.3772860875 0.155403105556 0.10845486875
0 0.499906208594 0.341920831944 0.0595088472222 0.0258225890625
