1 0.01315453125 0.508110376389 0.0467716666667 0.0263090625
0 0.0831127191406 0.519803294444 0.0276378027778 0.0275049289063
0 0.338430211328 0.488976513194 0.0552756041667 0.0526181242188
0 0.389852469531 0.493228484028 0.0340157597222 0.01674213125
0 0.165029574609 0.516614315972 0.123307120833 0.138720511719
0 0.532758514453 0.492165490278 0.0148818944444 0.0107627992188
0 0.523191582813 0.491102497222 0.0127559083333 0.0107627984375
0 0.510037050391 0.493228484028 0.0127559069444 0.0107627992188
0 0.498078385156 0.494291475694 0.0106299236111 0.01315453125
0 0.486717653906 0.492165492361 0.0106299236111 0.00956693125
0 0.475356922656 0.494291475694 0.0106299236111 0.01315453125
0 0.463398259375 0.494291475694 0.0106299236111 0.0107627984375
0 0.453831326562 0.492165492361 0.0106299236111 0.01315453125
0 0.444264394922 0.495354469444 0.0170078777778 0.0107627992188
0 0.416759466016 0.499606438889 0.0510236361111 0.0418553273437
0 0.608696034766 0.496417460417 0.0531496208333 0.0430511929687
0 0.55488204375 0.492165490278 0.0148818944444 0.014350396875
0 0.570428307031 0.496417459722 0.0233858333333 0.011958665625
0 0.581191105859 0.494291474306 0.0276378041667 0.0119586648438
