0 0.416401884766 0.331049708333 0.0397959361111 0.0215242445313
0 0.399858960938 0.330284403472 0.0505102263889 0.029272971875
0 0.371446958594 0.338702775 0.0826531 0.05682400625
0 0.361976290625 0.357070127778 0.0704081944444 0.0344387921875
0 0.491552242187 0.321100724306 0.0413265486111 0.0266900625
0 0.501883878906 0.325692564583 0.0413265486111 0.0232461828125
0 0.513937455859 0.326457869444 0.0520408388889 0.0249681242187
0 0.526852001953 0.334876240972 0.0688775819444 0.0284120023438
0 0.575066308984 0.335641548611 0.101020452778 0.0783482492187
0 0.319788771875 0.369752354167 0.107142905556 0.0878189171875
0 0.794121625 0.321538047222 0.130102097222 0.148947770313
0 0.872039390234 0.473178056944 0.420699897222 0.253125113281
