0 0.188999937891 0.528374819444 0.0412499861111 0.0527343554688
0 0.236460858594 0.518062325 0.0543749833333 0.0759374734375
0 0.275484283203 0.511499826389 0.0149999944444 0.0105468726563
0 0.300269429688 0.524624820833 0.0337499888889 0.060117165625
0 0.345620969531 0.525562321528 0.0281249902778 0.045351546875
0 0.455308448047 0.518062324306 0.0168749930556 0.0179296804687
0 0.470074066797 0.518062322917 0.0206249930556 0.0158203070313
0 0.481675626953 0.518062324306 0.0168749930556 0.00738281015625
0 0.534937325781 0.517124825 0.0149999944444 0.0063281234375
0 0.526816222266 0.522374830556 0.0180000055556 0.0158203070313
0 0.559722472266 0.521812321528 0.0131249958333 0.0116015585938
0 0.568370888281 0.521624811111 0.0187499944444 0.009492184375
0 0.590308400781 0.521812322917 0.0206249930556 0.009492184375
0 0.600749796094 0.53681231875 0.00937499861111 0.0097031359375
0 0.045878890625 0.453374848611 0.0487499833333 0.09175778125
0 0.516796695313 0.5163748375 0.0149999944444 0.0063281234375
0 0.600011501953 0.521624811111 0.0187499944444 0.00738280859375
1 0.0806835660156 0.510562329167 0.110624966667 0.159257755469
0 0.398144391406 0.545156059028 0.0881249708333 0.0759374734375
0 0.615831809766 0.528562329861 0.0356249875 0.0221484304687
0 0.579972447266 0.526687332639 0.0281249902778 0.0158203070313
0 0.545695116016 0.53231233125 0.0393749875 0.0253124914063
0 0.510890439844 0.529499831944 0.0262499888889 0.0232031171875
0 0.702843530859 0.565124820139 0.0862499680556 0.0696093523437
