0 0.472659638281 0.550769774306 0.0213269986111 0.0119964375
0 0.462462667969 0.553968826389 0.0319904972222 0.02279323125
0 0.453465339844 0.563565975694 0.0469194013889 0.0119964375
0 0.434870861719 0.569964077778 0.0767772 0.03958824375
0 0.494853049219 0.556101527083 0.0405213013889 0.02279323125
0 0.331101675781 0.562499625694 0.0746445013889 0.0455864625
0 0.162551728125 0.584892974306 0.0469194013889 0.06837969375
0 0.109767402344 0.576362177778 0.0767772 0.06358111875
0 0.387484931641 0.569881439583 0.1487682625 0.0959715007813
0 0.554235415234 0.611401934722 0.197686055556 0.129561527344
