0 0.620987632422 0.526000822917 0.0263346902778 0.0163725554688
0 0.585903585156 0.514912531944 0.0263346916667 0.0148132640625
0 0.569531029297 0.526693841667 0.0388090194444 0.0226097195312
0 0.552768651953 0.539168169444 0.0277207277778 0.0187114914062
0 0.526650528125 0.550256460417 0.0471252375 0.035084046875
0 0.634631428516 0.523228750694 0.0235626180556 0.0124743273437
0 0.645156642969 0.528079878472 0.0221765819444 0.0085761015625
0 0.656851324219 0.534317042361 0.0291067652778 0.0148132640625
0 0.669325652734 0.550949478472 0.0401950541667 0.0163725554687
0 0.689596435547 0.553028534028 0.0582135291667 0.0335247554688
0 0.713375623047 0.561344752083 0.0748459652778 0.0467787289062
0 0.747290201563 0.571047007639 0.0970225513889 0.0678291578125
0 0.778476021094 0.587679444444 0.0997946222222 0.07874419375
0 0.87827064375 0.591837554167 0.196817172222 0.172301653125
0 0.939082992187 0.668069557639 0.252258629167 0.11772646875
0 0.504040808984 0.535010060417 0.0332648736111 0.0116946820313
0 0.488058076172 0.541940243056 0.0388090222222 0.0171522007812
0 0.477143039453 0.547484388194 0.0415810930556 0.0171522007813
0 0.454923143359 0.542633260417 0.0679157847222 0.0366433382813
0 0.430754132812 0.550256461111 0.0693018222222 0.0194911375
0 0.366433380078 0.564809842361 0.123357240278 0.106031786719
1 0.120845050781 0.532237988194 0.205133393056 0.238571520312
0 0.157827287109 0.595272909028 0.2232113375 0.262842378906
