0 0.148315327734 0.603515210417 0.0820311930556 0.0883300179687
0 0.419897172656 0.627957144444 0.0398437222222 0.0171386609375
0 0.441650086719 0.625613396528 0.0304687291667 0.01845701875
0 0.562468228516 0.626785270139 0.0374999736111 0.0145019445313
0 0.584221142578 0.645535257639 0.0703124513889 0.0421874710937
0 0.678234134766 0.668574133333 0.0232949805556 0.0140026664062
0 0.744877876953 0.680286109722 0.0711232 0.0629152085938
0 0.232031090234 0.614224873611 0.109830583333 0.105468677344
0 0.339477305859 0.615233952778 0.0468749694444 0.0382323960938
0 0.397485078516 0.623437071528 0.0398437236111 0.0355956789063
0 0.515478161328 0.666796416667 0.117187419444 0.0896483757812
0 0.632349483203 0.6732413375 0.116014772222 0.0808130617188
0 0.869469380078 0.787768465278 0.409617958333 0.258422199219
