0 0.514918901953 0.418229908333 0.125184461111 0.0856197695312
0 0.581734330078 0.398314198611 0.0625922333333 0.0480110867188
0 0.668554376563 0.394046546528 0.0483667236111 0.0424097921875
0 0.270062360938 0.385511240278 0.0654373305556 0.063214596875
0 0.767377196094 0.408272052083 0.0512118263889 0.059213671875
0 0.208448134375 0.381954865278 0.052634375 0.060013859375
0 0.309271413672 0.369151911111 0.0384088694444 0.0296068367187
0 0.427298668359 0.392623995139 0.0825079402778 0.0384088695312
0 0.45090411875 0.382666139583 0.0597471291667 0.036008315625
0 0.476109939062 0.376975936111 0.0341412166667 0.019204434375
0 0.55532823125 0.39546909375 0.0540569236111 0.014403325
0 0.615342089062 0.386222515972 0.0270284652778 0.02400554375
0 0.106824668359 0.501449124306 0.559062429167 0.212048963281
0 0.883003897266 0.513540806944 0.557639877778 0.231253399219
1 0.77017784375 0.370574460417 0.0469441736111 0.0648149671875
