0 0.767562980859 0.536708642361 0.0371307847222 0.0142405007812
0 0.782468048828 0.531645352778 0.0337552583333 0.0250633039062
0 0.668354160156 0.5392402875 0.0590717055556 0.04367086875
0 0.855759170312 0.524894302778 0.0270042083333 0.0170886015625
0 0.871898403906 0.524050420139 0.0185653930556 0.00949366875
0 0.890885738281 0.526582065278 0.0202531555556 0.0170886
0 0.939303440234 0.524050422222 0.0151898694444 0.0132911335938
0 0.834873104297 0.525738183333 0.0320674972222 0.0284810039063
0 0.977752790625 0.529113709722 0.0219409194444 0.0218354328125
0 0.992467975391 0.53670864375 0.0236286819444 0.0132911335938
0 0.726170616016 0.537552526389 0.0962024944444 0.0844936382812
0 0.926961673047 0.532489236111 0.0219409194444 0.0132911335938
0 0.910822439063 0.524050422222 0.0219409222222 0.0170886
0 0.879018654297 0.528269827778 0.0168776305556 0.0104430335937
0 0.949271789844 0.529113709722 0.0151898666667 0.018037965625
0 0.961613557422 0.522362657639 0.0118143402778 0.0104430335937
0 0.802119951172 0.519831011806 0.0371307847222 0.0351265679688
