0 0.649059567969 0.468774261806 0.0225288930556 0.016571734375
0 0.633950045703 0.469640757639 0.0173299180556 0.0155969257813
0 0.620302735937 0.469640757639 0.0207959013889 0.013647309375
0 0.607142830078 0.473106740278 0.03119385 0.0165717335937
0 0.551091378906 0.4843711875 0.0329268416667 0.01169769375
0 0.517460507031 0.494769138194 0.0467907763889 0.0243701953125
0 0.485779252344 0.503434096528 0.0710526597222 0.05069000625
0 0.578873402344 0.509499565278 0.0901155666667 0.059463278125
0 0.694875536328 0.472240246528 0.0329268430556 0.0263198117187
0 0.435901580078 0.493902642361 0.0381258180556 0.0282694273438
0 0.355479932813 0.506900079861 0.0467907763889 0.0467907765625
0 0.133851668359 0.543287215278 0.0849052138889 0.123431775781
