0 0.119285759766 0.616093190972 0.264732956944 0.238571519531
0 0.190623322266 0.496201041667 0.0554414583333 0.0459990835938
0 0.235063115234 0.496201041667 0.0609856027778 0.0413212101563
0 0.282621489453 0.489963876389 0.0762320027778 0.0584734117188
0 0.319654650391 0.476796530556 0.0498973111111 0.0202707835938
0 0.341094902344 0.465015220139 0.0540554180556 0.031965465625
0 0.367992671094 0.453926929167 0.0429671277778 0.0202707828125
0 0.379687352734 0.446303727778 0.0415810916667 0.0171522007812
0 0.398009022266 0.444224674306 0.0207905458333 0.0179318460937
0 0.416330691797 0.456005985417 0.0304928013889 0.0155929101563
0 0.515735491797 0.668762573611 0.353439288889 0.272096275781
0 0.405415654687 0.430364311806 0.0207905458333 0.0140336171875
0 0.752747720313 0.545405334028 0.0623716402778 0.0272875921875
0 0.569531030469 0.474024458333 0.0415810944444 0.0413212109375
