0 0.382418647656 0.52428785625 0.0312688791667 0.0160592890625
0 0.368271179297 0.524287855556 0.0638972777778 0.0229418414062
0 0.34991770625 0.5290461625 0.0734138916667 0.026000753125
0 0.316652035547 0.517490271528 0.101963740278 0.0542956914063
0 0.181677535547 0.541961569444 0.0938066416667 0.0596487882812
0 0.418852484766 0.508653416667 0.114199388889 0.0596487882813
0 0.667607611328 0.476025018056 0.0570996944444 0.0412953148437
0 0.738727320703 0.457671545139 0.0421450125 0.0168240179688
0 0.622106291797 0.484182117361 0.0625377597222 0.0420600429688
0 0.060085775 0.561868790972 0.100604223611 0.105532470312
0 0.260444524219 0.537397493056 0.141389719444 0.108591382813
0 0.500896884375 0.517684504861 0.180815698611 0.1162386625
0 0.0254545195313 0.774827338194 0.3793051125 0.0509090390625
