0 0.454747860156 0.440179898611 0.0138639333333 0.0068236546875
0 0.464008534766 0.444512377778 0.00866495833333 0.0116976945313
0 0.477168440234 0.449711352778 0.0190629083333 0.0165717320312
0 0.489840942578 0.449711352778 0.0225288916667 0.0146221179688
0 0.497639405078 0.457509815278 0.0138639333333 0.0224205804688
0 0.513723734766 0.458376311806 0.0433247930556 0.0136473101563
1 0.535169507813 0.451444344444 0.0641206944444 0.052639625
0 0.554665664062 0.471373749306 0.0623877013889 0.0506900078125
0 0.427940644531 0.443645881944 0.0138639333333 0.0077984625
0 0.417217757812 0.445378873611 0.0173299166667 0.009748078125
0 0.408931891406 0.444512377778 0.0225288916667 0.0126725015625
0 0.401620832422 0.447111864583 0.0277278652778 0.0116976945313
0 0.392847562109 0.447111865972 0.0415918013889 0.0136473101563
0 0.377738040234 0.455776824306 0.0346598347222 0.0282694273437
0 0.347518996875 0.461842295139 0.0502567597222 0.043866353125
0 0.302190432422 0.478305716667 0.0762516361111 0.0623877023437
0 0.900722449609 0.590083683333 0.337933388889 0.196911185156
