0 0.153110852734 0.621562066667 0.107812427778 0.142382714844
0 0.375913434375 0.579374594444 0.0562499611111 0.0448241890625
0 0.468857706641 0.565312103472 0.0234374819444 0.0145019429688
0 0.448423150781 0.566483977778 0.0164062361111 0.015820303125
0 0.4932473375 0.564140229861 0.0304687291667 0.0210937359375
0 0.520273685938 0.558280859028 0.0234374847222 0.01450194375
0 0.660678862891 0.589921461111 0.0914061861111 0.0817382242187
0 0.35218298125 0.577030847222 0.037499975 0.0210937359375
0 0.826132851172 0.616874567361 0.267187315278 0.264990052344
0 0.0297537011719 0.633280806944 0.0890624361111 0.0595074023438
0 0.290220133203 0.58171834375 0.0421874736111 0.0421874710937
