0 0.0915991832031 0.557526539583 0.4237467875 0.182200025781
0 0.264439618359 0.389469886111 0.0587920944444 0.0561575414063
0 0.34898791875 0.390579172222 0.0809777916667 0.0630212421875
0 0.438839986719 0.390024528472 0.0709942263889 0.051789734375
0 0.287838595703 0.379930038889 0.0432621055556 0.0230869914062
0 0.408889296875 0.362736124306 0.0377156819444 0.019343153125
0 0.421368750391 0.366063977083 0.0177485541667 0.00686369921875
0 0.439463958203 0.354416488889 0.00998356388889 0.0318226054688
0 0.380186553125 0.363290766667 0.0787592194444 0.0418061703125
0 0.216768112891 0.379930038889 0.02551355 0.0174712351562
0 0.777969144141 0.35219791875 0.0521363847222 0.0424301429687
0 0.0662190921875 0.372165054167 0.0321692583333 0.0280787703125
