0 0.522593648828 0.362834747917 0.0212598486111 0.0143503976562
0 0.511033617578 0.36212608125 0.0170078763889 0.0119586648438
0 0.502263919141 0.367441051389 0.0191338611111 0.0167421320313
0 0.492099053906 0.372756015278 0.0297637888889 0.017937996875
0 0.481336255469 0.377007984722 0.0297637888889 0.0227214625
0 0.564648292969 0.365315067361 0.0148818930556 0.017937996875
0 0.580792489844 0.37913396875 0.0212598486111 0.0191338625
0 0.582586289844 0.394015861806 0.0510236347222 0.0155462625
0 0.61009121875 0.392952872222 0.0744094694444 0.05142225625
0 0.624441617188 0.414212718056 0.0659055277778 0.044247059375
0 0.669685224609 0.4290946125 0.125433102778 0.0813189210938
0 0.720110952734 0.459921393056 0.131811061111 0.120782514844
0 0.465789990234 0.38480325625 0.0340157569444 0.0275049289063
0 0.402010453125 0.407126095833 0.0616535611111 0.0562057234375
0 0.540730962891 0.425196969444 0.106299241667 0.0753395882812
0 0.183366195703 0.464527688889 0.159448863889 0.176988238281
0 0.865465652734 0.54167056875 0.270000076389 0.265482357031
0 0.981464700781 0.706434393056 0.174330758333 0.0334842609375
