0 0.117703113672 0.433421055556 0.0675000027778 0.0659457242188
0 0.0493593695313 0.439638161111 0.115460527778 0.0987187390625
0 0.226113887109 0.414769739583 0.0479605263889 0.0369695726563
0 0.249094972266 0.42098684375 0.0319736819444 0.0229810867188
0 0.509880335938 0.429868422917 0.0248684208333 0.00699424375
0 0.520371701563 0.432532896528 0.0373026319444 0.0179851984375
0 0.538356898438 0.439638159028 0.0621710513889 0.027976975
0 0.551346208203 0.451184213194 0.0568421069444 0.0419654617188
0 0.598307556641 0.460953949306 0.0763815791667 0.0539555945313
0 0.681738889063 0.501809213194 0.190065790278 0.154872532813
0 0.400969973047 0.482269739583 0.200723684722 0.126895558594
0 0.287568314453 0.413318527083 0.0259948763889 0.0253450039062
0 0.270021773438 0.418517502083 0.0259948763889 0.013647309375
