0 0.664331547266 0.532894957639 0.0329268430556 0.0185213492187
0 0.678466260547 0.54329290625 0.0363928263889 0.0116976945312
0 0.689676551953 0.544159402083 0.0554557319444 0.0204709648437
0 0.707223091797 0.546758888889 0.0641206944444 0.0224205789063
0 0.725257036719 0.550224872917 0.0814506097222 0.0350930828125
0 0.771560410156 0.573620261111 0.0935815527778 0.05361443125
0 0.754988676563 0.558023335417 0.0970475347222 0.063362509375
0 0.831511092578 0.573620260417 0.162901223611 0.107228863281
0 0.642398370313 0.538093930556 0.0675866777778 0.0409419296875
0 0.593170574219 0.527695979861 0.0259948763889 0.0126725015625
0 0.580498072266 0.538960427083 0.0346598347222 0.0204709648438
0 0.526396236719 0.537227436111 0.0415918 0.015596925
0 0.513723734766 0.54069341875 0.0450577847222 0.0233953882813
0 0.492765366406 0.542426411806 0.0519897513889 0.0263198125
0 0.391872753516 0.526829484028 0.0485237680556 0.0467907757813
0 0.347518998047 0.564955303472 0.0970475347222 0.0711609726563
0 0.2748958125 0.584018211806 0.114377454167 0.126725020313
0 0.126725019922 0.609146591667 0.171566180556 0.191062338281
0 0.556127876172 0.544159403472 0.0519897541667 0.0380175054688
0 0.622414808984 0.572753766667 0.105712497222 0.0770098195313
0 0.428428048047 0.584018210417 0.155969254167 0.139397521094
0 0.0248576 0.641206938194 0.180231140278 0.0497152
0 0.917294182812 0.596149153472 0.249550806944 0.16376771875
