0 0.440247937109 0.390169254167 0.0124743277778 0.00779645546875
0 0.439525144922 0.3957134 0.0138603638889 0.00857610078125
0 0.4387455 0.4033366 0.0152464 0.0101353921875
0 0.434847271875 0.409573763889 0.0194045111111 0.0116946828125
0 0.4278304625 0.418583000694 0.0263346930556 0.0132539734375
0 0.420813653125 0.418583000694 0.0374229847222 0.0116946828125
0 0.407169857031 0.418583 0.048511275 0.029626528125
0 0.405610565625 0.426899219444 0.0401950555556 0.0202707828125
0 0.384560137891 0.426206200694 0.0554414569444 0.0389822742188
0 0.335052649219 0.438680528472 0.0887063319444 0.0678291578125
0 0.241495190625 0.453233911111 0.203747355556 0.1535901625
0 0.116751912109 0.513526495833 0.399178491667 0.231554710156
0 0.463889066406 0.38497161875 0.0110882930556 0.0077964546875
0 0.467007648438 0.386357654167 0.0110882916667 0.0077964546875
0 0.468177116797 0.389822744444 0.00970225555556 0.0101353914062
0 0.470126230078 0.40021801875 0.0138603652778 0.0109150367188
0 0.472075343359 0.411999328472 0.0180184763889 0.00701680859375
0 0.477922684766 0.4161574375 0.0263346944444 0.0171522007812
0 0.483380203516 0.424473655556 0.0263346916667 0.0202707820312
0 0.524701414453 0.441106093056 0.0623716388889 0.0265079460937
0 0.554327942969 0.451501365278 0.0859342583333 0.0654902203125
0 0.853945707031 0.619974091667 0.549702044444 0.289248476562
