0 0.441928132422 0.364356841667 0.0268567694444 0.0120855476562
0 0.407182186328 0.364356841667 0.0196949638889 0.00906416015625
0 0.396103767969 0.368832970139 0.0214854180556 0.0151069328125
0 0.381500399609 0.362566390278 0.0447612833333 0.0281996085938
0 0.382003965234 0.373309096528 0.0411803791667 0.0151069320312
0 0.366393467188 0.380470902778 0.0555039916667 0.040285153125
0 0.354307920703 0.3938992875 0.0644562472222 0.0241710929687
0 0.343733067578 0.397480190278 0.0644562472222 0.0251782226563
0 0.305965735547 0.400165867361 0.105636626389 0.0805703101563
0 0.27524830625 0.432393990972 0.116379334722 0.0815774375
0 0.193167303516 0.476260047917 0.182626031944 0.175240422656
0 0.422792683594 0.377785226389 0.032228125 0.02618535
0 0.452502985156 0.368832969444 0.032228125 0.0151069328125
0 0.464084966016 0.375099549306 0.0411803791667 0.0241710929687
0 0.476170513672 0.378680451389 0.0519230888889 0.0140998039063
0 0.496816655469 0.384051806944 0.0590848944444 0.0412922828125
0 0.552208742187 0.408222898611 0.0931034694444 0.0956772421875
0 0.788380460156 0.355404585417 0.1163793375 0.165169132812
0 0.979041113672 0.456565085417 0.1539788125 0.0409117523437
0 0.806508779297 0.544297197222 0.311538527778 0.360552133594
