0 0.472330505859 0.452427132639 0.0145608763889 0.00936056171875
0 0.463554980469 0.452427129861 0.0187211236111 0.01053063125
0 0.386330349219 0.465947940278 0.0249614972222 0.0245714734375
0 0.173962614453 0.472188315278 0.0832049888889 0.124027439844
0 0.491051628516 0.45034700625 0.0145608763889 0.00936056171875
0 0.479350926953 0.449306943056 0.016641 0.00936056171875
0 0.510942821484 0.455547317361 0.0332819958333 0.0163809835938
0 0.503337365625 0.463867816667 0.0416024972222 0.0269116140625
0 0.537854435547 0.45762744375 0.0249614986111 0.0187211226562
0 0.43605833125 0.485709126389 0.0852851166667 0.0678640703125
