0 0.374349405078 0.604897836111 0.0918367138889 0.0661224351562
0 0.183214241797 0.558979475694 0.0367346819444 0.0661224351562
0 0.263284377734 0.599387633333 0.146938744444 0.164272924219
0 0.0964285449219 0.624183545833 0.214897913889 0.190102000781
0 0.571339180859 0.581851201389 0.0422448916667 0.0206632617188
0 0.647793245703 0.584606301389 0.014693875 0.0123979570312
0 0.637978196875 0.582769564583 0.0293877486111 0.0113647953125
0 0.624547078125 0.581851201389 0.0385714222222 0.0216964265625
0 0.612149121094 0.587361402778 0.038571425 0.0216964265625
0 0.546543266016 0.59562670625 0.0624489625 0.0330612148437
0 0.499017766797 0.594708340278 0.104693855556 0.0826530445312
0 0.589419533594 0.595626708333 0.0440816222222 0.03616070625
0 0.664840435547 0.58093283125 0.0330612125 0.0196300976563
0 0.684470534375 0.584606303472 0.0220408125 0.01343111875
0 0.703584050391 0.609402214583 0.0569387652778 0.0206632617187
0 0.714432261328 0.615830784028 0.0697959041667 0.0278954023438
0 0.743360827734 0.635116499306 0.112040798611 0.0588902929688
0 0.776938626953 0.648892002778 0.121224463889 0.0888520226563
0 0.834279175391 0.670014447222 0.174489752778 0.135344358594
0 0.902984518359 0.793075646528 0.409591751389 0.192168325781
