0 0.444550625391 0.582187297222 0.0149999972222 0.0116015585938
0 0.436113129297 0.582187297222 0.0149999972222 0.00738281015625
0 0.42978500625 0.584062295139 0.0187499930556 0.0073828109375
0 0.452988122656 0.580312298611 0.0149999944444 0.009492184375
0 0.497284982031 0.587812294444 0.0187499944444 0.009492184375
0 0.508359197266 0.586874795139 0.0206249930556 0.0189843679688
0 0.518906068359 0.592499792361 0.0281249902778 0.0126562460937
0 0.527343564844 0.600937289583 0.0337499875 0.01476561875
0 0.533671688281 0.603749788889 0.0318749888889 0.0147656203125
0 0.542109185156 0.6065622875 0.0374999861111 0.0126562453125
0 0.552656055859 0.608437285417 0.0412499819444 0.0168749945313
0 0.571640423047 0.612187286111 0.0562499805556 0.0379687367187
0 0.203554616406 0.600624779861 0.1124999625 0.056953103125
1 0.397089705469 0.563437303472 0.116249956944 0.045351546875
1 0.489374829297 0.576562297917 0.0337499875 0.0189843695312
1 0.336445194141 0.576562298611 0.0412499861111 0.0442968585937
0 0.359793327734 0.614437279167 0.0806249722222 0.0527343554687
0 0.474609208594 0.578062295833 0.0168749944444 0.008437496875
0 0.4640623375 0.581812294444 0.0168749944444 0.010546871875
0 0.58285965625 0.618187283333 0.0543749805556 0.0453515453125
0 0.264344142188 0.645374773611 0.179999933333 0.1423827625
0 0.106017042578 0.60814431875 0.140624951389 0.158203069531
0 0.642325448047 0.6240818125 0.127499955556 0.0791015351562
0 0.931816080469 0.770624731944 0.236249916667 0.133945265625
0 0.00791015351563 0.646874772917 0.1124999625 0.0158203070313
