0 0.617479228906 0.490656894444 0.121971205556 0.082642421875
0 0.48299038125 0.472638420833 0.0415810916667 0.028846884375
0 0.508718681641 0.478182565972 0.0249486541667 0.0194911382813
0 0.766391515625 0.517684604861 0.112268951389 0.113828240625
0 0.689986258203 0.49966613125 0.0817761486111 0.0654902210937
0 0.572649612109 0.480261621528 0.0346509097222 0.0194911367188
0 0.560175283984 0.470559367361 0.0291067652778 0.0163725554687
0 0.899065730078 0.544689448611 0.1774584 0.199320285156
0 0.268587871094 0.485112748611 0.0332648722222 0.0366433375
0 0.322918470312 0.476482686806 0.0338925597222 0.0246581796875
