0 0.0521522203125 0.533761452778 0.0693196694444 0.104304440625
0 0.165229930078 0.523363501389 0.0658536861111 0.0945563601562
0 0.309501491016 0.519897518056 0.0485237694444 0.0321686585937
0 0.403083044141 0.536360939583 0.0537227430556 0.0419167367188
0 0.388460926953 0.518164525694 0.0311938513889 0.0224205804688
0 0.421604393359 0.517298029167 0.0398588083333 0.0282694273437
0 0.345081977344 0.559756325694 0.110911470833 0.101380015625
0 0.555869364844 0.532114496528 0.0729577263889 0.054052696875
0 0.269046964844 0.519031023611 0.0225288916667 0.01169769375
1 0.26173590625 0.509499567361 0.0277278680556 0.0165717328125
0 0.229567247656 0.501695407639 0.0259834819444 0.020470965625
