0 0.956286496875 0.515565038194 0.1126444625 0.081883859375
0 0.526396236328 0.503434096528 0.0363928263889 0.0175465398437
0 0.550766433203 0.501701104167 0.067586675 0.0311938523438
0 0.487403922656 0.515565038889 0.0710526611111 0.0467907765625
0 0.456697475391 0.502567600694 0.0346598347222 0.0165717320312
0 0.442075358203 0.497368625694 0.0485237680556 0.0224205804688
0 0.4084444875 0.505167088194 0.0987805291667 0.0565388546875
0 0.263198118359 0.511232559722 0.162901222222 0.101380016406
0 0.161330698438 0.686264724306 0.454043834722 0.322661396875
0 0.329485051953 0.490436659028 0.0415918013889 0.0311938507813
0 0.302190432422 0.491303154167 0.0225288916667 0.0155969257812
