0 0.0141347136719 0.681065747917 0.155969254167 0.0282694273437
0 0.917781587109 0.696662673611 0.318870477778 0.160843294531
0 0.532245083594 0.678466261111 0.227021916667 0.163767717188
0 0.317299953516 0.608280095833 0.169833188889 0.133548674219
0 0.221768785156 0.603081120139 0.1178434375 0.0828586671875
0 0.133061271094 0.572753764583 0.0571887263889 0.0750602046875
0 0.0185213492188 0.571887269444 0.0693196694444 0.0370426984375
0 0.403570448047 0.5944161625 0.0727856527778 0.0467907757812
0 0.436226511328 0.587484195833 0.0381258194444 0.0243701960937
0 0.457672283594 0.584884707639 0.0294608597222 0.0146221171875
1 0.588783939063 0.598748642361 0.0675866791667 0.0370426984375
0 0.476681037109 0.586617699306 0.0398588097222 0.0175465414063
0 0.373838808984 0.574486757639 0.0329268430556 0.0107228867188
0 0.166204737891 0.525962988889 0.0121309416667 0.0165717335937
0 0.147683388672 0.523363501389 0.0138639333333 0.0146221179687
1 0.128674635547 0.519897518056 0.0207959 0.0175465414063
1 0.199348204688 0.516431533333 0.03119385 0.036067890625
