0 0.0208105648438 0.718582877083 0.0850393958333 0.041292271875
0 0.0450443011719 0.722834847222 0.0552756083333 0.0215255960937
0 0.109023155859 0.701574996528 0.182834693056 0.111215580469
0 0.772096236719 0.551055263889 0.140314997222 0.163833709375
0 0.671643453125 0.581882045139 0.0999212875 0.0681643875
0 0.633375726172 0.587197008333 0.0977953027778 0.0705561226562
1 0.456985420313 0.631842688889 0.0340157555556 0.0191338609375
0 0.441439157031 0.641409620139 0.0191338625 0.011958665625
0 0.381645832812 0.654165529861 0.0276378041667 0.0239173296875
1 0.413684378516 0.624887684028 0.0871653791667 0.0394635929687
0 0.265994869531 0.675303900694 0.0701574986111 0.03587599375
0 0.307850195703 0.667862952778 0.0637795444444 0.0574015898437
0 0.578963800781 0.601228503472 0.0467716652778 0.0358759953125
