0 0.831365859375 0.878691354167 0.237640327778 0.244592571875
0 0.558332289844 0.768719503472 0.0834269263889 0.04834969375
0 0.518905982031 0.743258040972 0.0303370625 0.0184866484375
0 0.491887035547 0.774859148611 0.0834269222222 0.0526158445312
0 0.440693241016 0.749578263194 0.0379213291667 0.0270189476562
0 0.462735014062 0.736937821528 0.0379213291667 0.0199086984375
0 0.420073519141 0.738201865972 0.0303370625 0.0199086992187
0 0.402297896875 0.743258040972 0.0303370625 0.0127984484375
0 0.377412024219 0.74578613125 0.0151685319444 0.0142204984375
0 0.364613575391 0.735673775694 0.0202247097222 0.0170645976562
1 0.0424854847656 0.704072688194 0.0834269208333 0.0846084289063
