0 0.423761325781 0.722647549306 0.0423529652778 0.032757375
0 0.392492921484 0.729265204861 0.0555882763889 0.0327573742187
0 0.369413863281 0.738529916667 0.0582353361111 0.0372242921875
0 0.35318406875 0.753088749306 0.0820588736111 0.0446691453125
0 0.289902775 0.768971111806 0.140294209722 0.102739039062
0 0.0491360644531 0.811324081944 0.156176580556 0.0714706335937
0 0.148897159766 0.810000551389 0.238235452778 0.202500142969
0 0.447882660156 0.720000494444 0.0317647277778 0.0238235453125
0 0.470961725781 0.723971081944 0.0450000305556 0.031268403125
0 0.505952552734 0.757059333333 0.0741176888889 0.0327573726563
0 0.482129009766 0.734559323611 0.05029415 0.0387132648437
0 0.491807327734 0.749118155556 0.0635294555556 0.0282904585938
0 0.529031615625 0.761029934028 0.0979412430556 0.06998166875
0 0.548090455859 0.776912290972 0.0979412402778 0.0491360617188
0 0.614349693359 0.798088784028 0.187941306944 0.157830988281
0 0.0126562578125 0.862941759028 0.1905883625 0.025312515625
0 0.781263421094 0.827206453472 0.341470818056 0.326084779688
