0 0.051664815625 0.652471384722 0.324069452778 0.0994304
0 0.700886841016 0.577086244444 0.256482775 0.243701961719
0 0.537606527344 0.526829484722 0.103979502778 0.0926067453125
0 0.101380016406 0.533761452083 0.1178434375 0.1442715625
0 0.211533302734 0.525962989583 0.129974381944 0.103329632031
0 0.263685522266 0.529428972222 0.0814506111111 0.0321686585937
0 0.272458792969 0.5103660625 0.0710526583333 0.043866353125
0 0.493740173828 0.4999681125 0.0883825777778 0.0594632789062
0 0.464495938281 0.493036145833 0.0745186444444 0.043866353125
0 0.444512377734 0.488703667361 0.0554557375 0.0194961570313
0 0.439150934766 0.488703668056 0.0450577888889 0.0146221179688
0 0.428915451953 0.480038707639 0.0381258180556 0.0194961570313
0 0.417705162109 0.477439220139 0.0259948763889 0.0165717335937
0 0.411368910547 0.471373749306 0.0207959013889 0.0155969242188
0 0.405032659766 0.472240245139 0.0225288930556 0.0126725023437
0 0.300240816406 0.486970675694 0.0519897541667 0.0350930828125
0 0.321686589453 0.485237684028 0.0485237708333 0.0233953882813
0 0.332409475391 0.479172211806 0.0329268430556 0.0175465414062
0 0.343132361719 0.477439220139 0.0225288930556 0.01169769375
0 0.353367844141 0.475706229167 0.015596925 0.00877327109375
0 0.383586887109 0.468774261806 0.0225288930556 0.0185213492187
