0 0.865873069141 0.653987752778 0.0255616277778 0.0155969257813
0 0.848326527734 0.656370615972 0.0242618847222 0.0194961570312
0 0.823468927734 0.658103607639 0.0277278680556 0.0165717335937
0 0.809821618359 0.665902070139 0.0363928263889 0.0263198132812
0 0.794224692578 0.662436086806 0.0329268430556 0.0165717335937
0 0.764980457031 0.665902070139 0.0433247930556 0.0419167375
0 0.664575248828 0.652904631944 0.0693196666667 0.0575136632812
0 0.699180927344 0.6572371125 0.0779846277778 0.085783090625
0 0.982850010547 0.650738393056 0.0797176194444 0.0302190429687
0 0.931185194531 0.685398227778 0.166367205556 0.12964944375
