0 0.269785577734 0.442265313889 0.0304687277778 0.0382323960937
0 0.155747569531 0.430546571528 0.0539062125 0.0711913578125
0 0.312632228125 0.441093439583 0.0468749680556 0.0448241875
0 0.444468075 0.476249665972 0.0187499875 0.0105468671875
0 0.43392120625 0.473905918056 0.037499975 0.0158203015625
0 0.485996366016 0.486796533333 0.0257812333333 0.0118652257813
0 0.500498309375 0.502030897222 0.037499975 0.027685528125
0 0.0600759453125 0.368437240278 0.154687391667 0.120151890625
0 0.416782546484 0.476249665278 0.0468749694444 0.0290038867187
0 0.464902630469 0.494999652778 0.0515624638889 0.035595678125
0 0.585532430469 0.575858972222 0.2179686 0.184570185938
0 0.884140623437 0.673124529167 0.360937252778 0.23071273125
