0 0.448069741016 0.520702413889 0.0238035388889 0.0105203132812
0 0.409814053906 0.52410291875 0.0340050541667 0.021997021875
0 0.500193114062 0.519002161111 0.0238035388889 0.013389490625
0 0.511191625391 0.519852286806 0.0255037902778 0.00860752890625
0 0.560924019141 0.528353552778 0.0391058166667 0.0105203132813
0 0.571444332813 0.529203677778 0.0442065722222 0.0143458828125
0 0.578139078516 0.537704942361 0.0476070763889 0.0105203148437
0 0.614960177344 0.541105447222 0.0850126388889 0.0612091
0 0.525059312109 0.517301908333 0.0272040472222 0.0172150601563
0 0.464806603906 0.521552540278 0.0323048027778 0.017215059375
0 0.4332456625 0.52325279375 0.0459068236111 0.024866196875
0 0.347170364453 0.535154561806 0.0765113736111 0.0612090976563
0 0.143868708594 0.589137588194 0.440365468056 0.28691765625
0 0.944437301172 0.54383800625 0.0952141569444 0.109985100781
