0 0.586732349219 0.412731117361 0.0147843986111 0.007796459375
0 0.595568337891 0.416427220139 0.0147843986111 0.00987551796875
0 0.573738249219 0.411807095833 0.0203285472222 0.011954571875
0 0.558145329687 0.414117154861 0.0138603736111 0.0129941
0 0.544371582031 0.412269107639 0.0286447708333 0.0155929203125
0 0.526439723828 0.423819415972 0.0369609958333 0.0327451320312
0 0.613760077344 0.413193131944 0.0452772222222 0.0275474921875
0 0.476022616016 0.441375888889 0.0498973444444 0.0233893804687
0 0.460429696094 0.447844065972 0.0554414930556 0.0275474921875
0 0.430283382813 0.454312238889 0.0720739444444 0.0556147484375
0 0.307619078516 0.482957018056 0.155236183333 0.105512092969
0 0.137742870312 0.535934440278 0.269815269444 0.274435395312
