0 0.502896162109 0.614260842361 0.0228813708333 0.0140408414062
0 0.419821179688 0.619461154861 0.0374422458333 0.0374422453125
0 0.474229441016 0.625701528472 0.0540832430556 0.0432925960938
0 0.373018372266 0.628821713889 0.0478428694444 0.0444626664063
0 0.584918069141 0.599699968056 0.0228813722222 0.0105306320313
0 0.608319473047 0.597619844444 0.0353621166667 0.0269116132813
0 0.640496401953 0.600740031944 0.016641 0.0117007023438
0 0.689639349219 0.60282015625 0.0374422458333 0.0397823859375
0 0.725911523828 0.616340968056 0.0312018722222 0.0210612632812
0 0.762183699609 0.609060529861 0.0332819958333 0.0468028070313
0 0.944714645313 0.614260842361 0.0228813708333 0.018721121875
0 0.201983344141 0.647810264583 0.0832049875 0.102966174219
0 0.801030042969 0.614884886111 0.0457627444444 0.0514830875
0 0.535014583203 0.647958855556 0.0998459861111 0.0760545601563
0 0.888960808594 0.621957296528 0.0769646125 0.095945753125
0 0.0343708113281 0.854931267361 0.284977090278 0.0687416226563
0 0.308436480859 0.629943655556 0.0340050555556 0.0411248648437
0 0.266355224219 0.6341942875 0.0391058138889 0.0219970203125
0 0.040168471875 0.654597320833 0.045906825 0.05738353125
