0 0.510945001953 0.370361844444 0.0373026305556 0.0248484617187
0 0.469413642578 0.364144738889 0.0284210527778 0.0219819101562
0 0.452427621875 0.365921054861 0.0284210513889 0.01199013125
0 0.442435845313 0.368585527778 0.0230921055556 0.01199013125
0 0.427448182031 0.374802633333 0.0355263166667 0.0299753296875
0 0.404467095703 0.382796057639 0.0408552625 0.0319736835938
0 0.377988888281 0.382796054861 0.0515131597222 0.0329728609375
0 0.349512325391 0.396118424306 0.0746052652778 0.0539555929687
0 0.309045632031 0.406776317361 0.0923684236111 0.0709416125
0 0.230610187109 0.428092107639 0.138552631944 0.147878291406
0 0.0733396320313 0.457401317361 0.197171051389 0.146679264063
0 0.532861421875 0.368585527778 0.0230921055556 0.014987665625
0 0.552345384766 0.37036184375 0.0266447375 0.0239802632813
0 0.572328939063 0.375690794444 0.0266447361111 0.019983553125
0 0.600805500781 0.383684214583 0.0390789486111 0.0409662828125
0 0.667750403516 0.409440790278 0.0692763138889 0.0489597039062
0 0.710981688672 0.419210529861 0.0781578986111 0.0584181820313
0 0.813130747656 0.431644739583 0.159868420833 0.185847040625
0 0.980493003125 0.497368425694 0.135000001389 0.038967928125
0 0.4932473375 0.357656004167 0.0234374833333 0.0158203015625
