0 0.563437725 0.492500197222 0.0400000166667 0.0543750203125
0 0.509062703906 0.490000194444 0.0150000055556 0.0093750046875
0 0.492656447656 0.487500194444 0.0300000111111 0.019687509375
0 0.468750187891 0.484166863194 0.0300000125 0.0225000101563
0 0.450468930859 0.483333527083 0.0150000041667 0.0121875039063
0 0.433593921875 0.489166864583 0.0233333430556 0.021562509375
0 0.407812664063 0.49333353125 0.0250000152778 0.022500009375
0 0.395625158203 0.493333529167 0.0283333416667 0.00937500234375
0 0.363281396094 0.487500194444 0.0300000111111 0.0271875109375
0 0.313125126172 0.489166864583 0.0233333430556 0.0168750070313
0 0.240937596094 0.516666872222 0.0283333416667 0.007500003125
0 0.291562614453 0.4966668625 0.0283333416667 0.0281250101563
0 0.334687633203 0.509166871528 0.0666666930556 0.0487500195313
0 0.413437665234 0.507500205556 0.0466666861111 0.0309375117188
0 0.45562518125 0.518333540278 0.0516666861111 0.0421875171875
