0 0.455949525 0.471148253472 0.0187211236111 0.023401403125
0 0.474085612109 0.471148252083 0.0312018708333 0.0222313335937
0 0.477595821875 0.482588940278 0.0416024972222 0.01989119375
0 0.495146873828 0.490909438194 0.0748844930556 0.0339320367187
0 0.498072049219 0.506510377083 0.0769646152778 0.032761965625
0 0.425527698047 0.472188315278 0.0291217444444 0.0140408414063
1 0.414412032422 0.469068127778 0.0728043666667 0.0175510523437
0 0.383990208203 0.4929895625 0.0790447416667 0.0339320335937
0 0.377554822656 0.504430252083 0.0728043652778 0.0210612625
0 0.36936433125 0.504430247917 0.110246609722 0.0187211234375
0 0.0267226933594 0.656279355556 0.434746072222 0.0534453867188
0 0.574126611719 0.5054703125 0.216332975 0.133387998437
