0 0.04973239375 0.299244490278 0.368954852778 0.0994647875
0 0.352908717969 0.243986274306 0.0306045513889 0.013389490625
0 0.379687698828 0.247386779167 0.0170025277778 0.00765113828125
0 0.410770445312 0.245686526389 0.0170025277778 0.0086075296875
0 0.422247151953 0.24908703125 0.0204030319444 0.0124330992187
0 0.394033582422 0.251637411806 0.0357053069444 0.0248661960937
0 0.370123776953 0.248236904861 0.0323048041667 0.0210406273438
0 0.568096960156 0.271190318056 0.0510075833333 0.0382556875
0 0.450460721094 0.263539179167 0.0799118805556 0.047819609375
0 0.550403705469 0.263539180556 0.0527078361111 0.0334737265625
0 0.245792792578 0.243986272917 0.0272040430556 0.0344301195313
