0 0.0586497492188 0.501161470833 0.114406861111 0.115836945312
0 0.269262379687 0.486600599306 0.0811248652778 0.064353859375
0 0.196032429688 0.476572724306 0.0519897513889 0.0349009765625
0 0.370473449609 0.480360222917 0.0478428680556 0.0304218242187
0 0.673592221484 0.476572725 0.0693196694444 0.0760350117188
0 0.331276098437 0.472039724306 0.0270416208333 0.0222313328125
0 0.416106185156 0.474119848611 0.0228813694444 0.014040840625
0 0.435997376562 0.474119848611 0.0228813694444 0.018721121875
0 0.563535026562 0.472039725694 0.0520031180556 0.0397823859375
0 0.522582569141 0.475159911111 0.0249614944444 0.0163809835937
0 0.348981208984 0.472240245139 0.0225288930556 0.00974807890625
0 0.303652644141 0.471373749306 0.0242618847222 0.0165717335937
0 0.133061271094 0.470507253472 0.0433247930556 0.04581596875
0 0.163767717969 0.473106740972 0.0277278680556 0.013647309375
0 0.482042479687 0.471373749306 0.0138639347222 0.0146221171875
0 0.608767499609 0.481771699306 0.0415918013889 0.0341182742187
0 0.77341256875 0.499448210417 0.0589217180556 0.077984628125
0 0.91475970625 0.494422544444 0.154236263889 0.169616565625
