0 0.382088783984 0.509585109722 0.0195652222222 0.0130064257813
0 0.367581616016 0.509585109722 0.0195652222222 0.0140069210938
0 0.356576179297 0.513142422222 0.0195652222222 0.0120059320312
0 0.346070989063 0.516699736111 0.02667985 0.017008403125
0 0.335065551172 0.517589064583 0.0249011930556 0.0130064273437
0 0.321058629297 0.514921079861 0.0302371625 0.0210103804687
0 0.281038857422 0.521146377083 0.0142292513889 0.0170084039063
0 0.260028475781 0.520257049306 0.0231225375 0.027013346875
0 0.533063379297 0.518478391667 0.0195652222222 0.0140069210937
0 0.521057446875 0.513142422222 0.0231225361111 0.018008896875
0 0.502048055078 0.509585109722 0.0373517861111 0.0260128523437
0 0.588590813672 0.542490255556 0.110276708333 0.0730360867187
0 0.748169658984 0.583399357639 0.2596838625 0.222109739844
0 0.233515375391 0.523814363194 0.0266798486111 0.0160079085937
0 0.202500051172 0.522925033333 0.0355731305556 0.0500247164063
0 0.0534263972656 0.537154286111 0.06758895 0.106052399219
0 0.141469897266 0.513142423611 0.0373517888889 0.0500247164062
