0 0.181547128906 0.570018940972 0.0746143513889 0.0566114703125
0 0.446547371875 0.551799156944 0.0138817388889 0.0087845390625
0 0.459724178906 0.570886549306 0.0728791347222 0.035138153125
0 0.421169816016 0.57522459375 0.0642030458333 0.0439226929687
0 0.618333901563 0.571754159028 0.0537917430556 0.0322099734375
0 0.685193999609 0.576092201389 0.159640008333 0.103462341406
0 0.539761085937 0.573489375694 0.230783923611 0.138600496875
0 0.241086777344 0.592576769444 0.164845661111 0.144456854687
0 0.0819890261719 0.622075463194 0.2793700125 0.163978052344
0 0.877477786719 0.596047202778 0.345308277778 0.24401495625
0 0.963859080859 0.72792373125 0.307133493056 0.0693002476562
