2 0.0814813117188 0.589298702778 0.117533258333 0.0973322296875
2 0.740677609766 0.625211641667 0.186094325 0.123960858594
0 0.424986792969 0.530260022222 0.0375453472222 0.024792171875
0 0.461256821875 0.531892425694 0.0277509069444 0.016528115625
0 0.476407593359 0.536789647222 0.0342805333333 0.0211192570312
0 0.497067735547 0.540870661111 0.0391777527778 0.0257104007812
0 0.524155479688 0.540054458333 0.0734582888889 0.0541754859375
0 0.570832101562 0.558827131944 0.0979443833333 0.0728461296875
0 0.669388638281 0.595556275 0.187726730556 0.154262403125
0 0.867521956641 0.682192814583 0.411366406944 0.263021489844
