0 0.250669379297 0.599296455556 0.035156225 0.0527343382813
0 0.205845191406 0.609843325 0.0281249805556 0.0474609046875
0 0.139268088672 0.607499576389 0.0421874694444 0.0856933007812
0 0.385801122656 0.614530821528 0.0796874458333 0.0382323953125
0 0.411987021094 0.595312090278 0.0117187416667 0.0250488109375
0 0.461425464063 0.594140215972 0.0140624902778 0.0105468671875
0 0.469994794531 0.601171461806 0.0234374847222 0.0171386609375
0 0.475268228125 0.589452720139 0.0187499875 0.009228509375
0 0.485155916406 0.591796468056 0.0140624888889 0.0105468671875
0 0.500317038672 0.597655839583 0.0257812319444 0.0145019429688
0 0.545800405859 0.59062459375 0.0117187402778 0.0290038867187
0 0.517636969141 0.594608959028 0.0257812319444 0.0145019429688
0 0.579599817188 0.601640204167 0.030468725 0.02241209375
0 0.547300033984 0.630937060417 0.0703124513889 0.0474609054687
0 0.488633083594 0.614530821528 0.0374999736111 0.03032224375
0 0.447763970312 0.591093336806 0.0187499875 0.0118652265625
0 0.717368276953 0.594608959722 0.0164062361111 0.0237304523438
0 0.685068494922 0.596952708333 0.0210937333333 0.0276855273437
0 0.325156632813 0.647343298611 0.159374891667 0.143701073437
