0 0.492043096484 0.499268895833 0.0124505972222 0.0100049429688
0 0.484039141797 0.501047552083 0.0160079097222 0.00800395390625
0 0.477035680469 0.506383521528 0.0124505958333 0.0080039546875
0 0.469531974219 0.516166133333 0.0284585055556 0.0130064265625
0 0.455525053906 0.496600910417 0.0142292513889 0.0190093921875
0 0.454524559766 0.519723445833 0.0249011916667 0.0150074148437
0 0.442018380078 0.522391430556 0.048023725 0.0200098851562
0 0.426510717187 0.523280759722 0.0569170111111 0.027013346875
0 0.401998605469 0.5339527 0.0747035777778 0.05402669375
0 0.383489462109 0.549071279167 0.0764822305556 0.0590291648437
0 0.350473149219 0.564189859722 0.0960474527778 0.0650321296875
0 0.296446456641 0.582865754861 0.133399243056 0.109053882031
0 0.153375767969 0.620217543056 0.247233263889 0.265130995312
0 0.0239118082031 0.792747230556 0.240118638889 0.0478236164063
0 0.507550758594 0.501047552083 0.0124505958333 0.0110054375
0 0.513553723437 0.501936879861 0.0142292513889 0.0130064265625
0 0.518556195703 0.50905150625 0.0142292513889 0.00900444921875
0 0.583088080469 0.533063370139 0.0942687986111 0.07403658125
0 0.650121199219 0.594427022917 0.167193718056 0.114056351562
0 0.812701527344 0.678023882639 0.348616690278 0.329162632812
