0 0.768559022656 0.540816586111 0.0734694194444 0.04821430625
0 0.519164774609 0.518112478472 0.0520408375 0.0309949117188
0 0.479560163281 0.521939007639 0.0352040986111 0.0172193953125
0 0.458466403906 0.533418607639 0.0673469708333 0.0249681234375
0 0.303061360547 0.546428813889 0.0841837111111 0.0464923679687
0 0.337069667578 0.542602286111 0.0612245166667 0.0180803648437
0 0.682749029688 0.515051251389 0.0367347111111 0.0361607296875
0 0.2246516125 0.550255374306 0.0933673875 0.107621220313
0 0.0801885683594 0.57397985 0.131632713889 0.160140377344
0 0.601075283203 0.57933699375 0.218877648611 0.158418438281
0 0.321728755078 0.487313242361 0.0244898041667 0.0318558804688
2 0.497640502344 0.5365914375 0.0459183944444 0.013775515625
0 0.398198495313 0.550366952083 0.143877615278 0.12484061875
0 0.731393823828 0.520442463889 0.0561905888889 0.0215242445312
0 0.890438427344 0.568435727778 0.413265491667 0.214381475
