0 0.465561809766 0.520780885417 0.0187499875 0.0131835851563
0 0.447763971094 0.518437136111 0.0140624888889 0.01450194375
0 0.413486650391 0.518437136806 0.0421874708333 0.0329589617187
0 0.344932008984 0.519609009028 0.0351562263889 0.0303222445313
0 0.251328558984 0.524296505556 0.0445312194444 0.0487792648437
1 0.480722932031 0.5149215125 0.0257812333333 0.0118652265625
1 0.381186867187 0.516093388194 0.0234374847222 0.0342773203125
1 0.301426180078 0.505546519444 0.035156225 0.0487792632812
1 0.190684069531 0.497343401389 0.0562499611111 0.0883300171875
0 0.967197207422 0.376640358333 0.035156225 0.0645995664063
