0 0.102664740625 0.436914626389 0.171299083333 0.161739982812
0 0.213932672266 0.417541515278 0.0795317166667 0.0768551695312
0 0.329788971875 0.392050580556 0.0652567944444 0.04244240625
0 0.460557468359 0.363500733333 0.0203927472222 0.0103238289063
0 0.433027258594 0.371657832639 0.0367069458333 0.019500565625
0 0.383989072266 0.38899166875 0.1243957625 0.0780022617187
0 0.417254742578 0.367579282639 0.0448640458333 0.0183534726563
0 0.600502701953 0.373697107639 0.1305135875 0.104385378906
1 0.486940585938 0.357382909028 0.0652567930556 0.02982439375
0 0.929431354297 0.309459950694 0.0387462208333 0.0286773023438
0 0.9173868875 0.312518863194 0.0326283958333 0.0206476578125
0 0.905342420703 0.314558138194 0.0367069458333 0.0195005648437
0 0.801530587891 0.339029436111 0.0815709916667 0.0619429726562
0 0.964991208594 0.325774149306 0.0958459152778 0.0676784328125
