0 0.219277915625 0.588922404861 0.0472881291667 0.019735165625
0 0.197826648438 0.598074942361 0.0503389708333 0.0248834703125
0 0.155353139062 0.605702061806 0.0564406680556 0.020593215625
0 0.134330898438 0.611041044444 0.0518644 0.0283156734375
0 0.109018403516 0.62248171875 0.0716949013889 0.0377542320313
0 0.0451549042969 0.646343702778 0.103728794444 0.0892372710938
0 0.359140176953 0.564515628472 0.0228813513889 0.0180190648438
0 0.378446317578 0.562227493056 0.0183050805556 0.0240254195313
0 0.420306935547 0.559176645833 0.0152542333333 0.0145868617188
0 0.580333388672 0.567566475 0.126610144444 0.0875211710938
0 0.435384109766 0.555907877083 0.0183050819444 0.0145868617188
0 0.449112920703 0.553619741667 0.0167796583333 0.0145868617187
0 0.684157520312 0.585544690278 0.204406741667 0.180190642187
