0 0.603994643359 0.408486379861 0.0175564736111 0.00987551640625
0 0.595793925391 0.406638330556 0.0231006222222 0.00987551640625
0 0.591895694922 0.410334429167 0.0231006222222 0.00935575234375
0 0.58487888125 0.405252292361 0.0332648958333 0.0129941
0 0.577342303516 0.408024368056 0.0351129472222 0.0135138664062
0 0.568246433984 0.409410404861 0.0378850208333 0.0140336289062
0 0.554992451172 0.406638328472 0.0397330708333 0.0207905601562
0 0.51341133125 0.407100343056 0.0240246472222 0.0124743359375
0 0.484304546094 0.416802605556 0.0785421194444 0.057174040625
0 0.397244075 0.440365239583 0.0979466375 0.0774448359375
0 0.659782651563 0.408486379861 0.0194045236111 0.0088359875
0 0.667319229297 0.411720467361 0.0258726986111 0.0103952789063
0 0.673816279688 0.416340592361 0.0314168486111 0.011954571875
0 0.684471441406 0.417264616667 0.0369609972222 0.020790559375
0 0.690968492578 0.427428888194 0.0388090458333 0.0254684367188
0 0.7283915 0.444061338194 0.0868583402778 0.05561475
0 0.536078819141 0.430200965972 0.0776180902778 0.0545752210937
0 0.297767021875 0.455149635417 0.136755684722 0.156968729687
0 0.910857542187 0.536566499306 0.232854276389 0.175680234375
