0 0.353053057422 0.550224872222 0.0190629111111 0.0126725023437
0 0.343522285156 0.55109136875 0.0207959041667 0.01169769375
0 0.333774206641 0.551957864583 0.0155969263889 0.0116976960937
0 0.327925358594 0.556290344444 0.0173299166667 0.0116976921875
0 0.316227664453 0.557156839583 0.0225288930556 0.0136473085938
0 0.310866221484 0.563222310417 0.0242618819444 0.0126725023437
0 0.305017375 0.564088808333 0.0190629083333 0.0146221171875
0 0.299168527734 0.571020773611 0.0294608583333 0.0243701945313
0 0.363505845703 0.545892393056 0.0173299166667 0.00877327109375
0 0.370816904688 0.550224872222 0.0190629111111 0.0077984625
0 0.374228732031 0.547625385417 0.0207959013889 0.006823653125
0 0.379102771094 0.55109136875 0.0207959041667 0.0087732703125
0 0.383002002734 0.555423847917 0.0225288930556 0.00682365546875
0 0.388363446094 0.555423847917 0.0225288930556 0.0077984625
0 0.395674504687 0.564955302778 0.0277278666667 0.0126725015625
0 0.407859603125 0.571887270833 0.0346598333333 0.0155969265625
0 0.420044700781 0.576219749306 0.0329268430556 0.0126725015625
0 0.445389704297 0.577086245139 0.0693196708333 0.0380175054688
0 0.475121344531 0.591816675 0.0814506111111 0.052639625
0 0.517525484766 0.585751203472 0.131707370833 0.0828586648438
0 0.56675328125 0.608280095833 0.176765155556 0.0994304015625
0 0.682950375781 0.639473945833 0.256482775 0.230054651563
0 0.277235351563 0.574313474306 0.0346598347222 0.0155969265625
0 0.270411696484 0.573446978472 0.0329268430556 0.0136473085937
0 0.257251789844 0.576046465278 0.0485237694444 0.0224205796875
0 0.228982363672 0.584711425 0.0589217194444 0.0341182757813
0 0.201200339453 0.599441854861 0.0502567625 0.0331434664062
0 0.170006487891 0.602041342361 0.0589217180556 0.0389923148438
0 0.134913405859 0.599441853472 0.109178479167 0.0350930820312
0 0.0973833039062 0.602041340972 0.1178434375 0.0575136640625
0 0.045231084375 0.615905275 0.155969255556 0.089682321875
