0 0.362501634766 0.632368425 0.0284210527778 0.0199835523437
0 0.439937901172 0.659013161111 0.0568421055556 0.0249794414062
0 0.419454759375 0.647467109028 0.0763815791667 0.029975328125
0 0.319536996484 0.608388161111 0.0408552638889 0.0279769742187
0 0.278071123828 0.601282897917 0.0301973680556 0.0249794398438
0 0.244598673438 0.595065792361 0.0284210513889 0.0479605265625
0 0.307546864453 0.643026319444 0.0852631583333 0.0499588820312
0 0.162666106641 0.60927631875 0.0319736847222 0.0159868414062
0 0.132191189062 0.617269740278 0.0621710527778 0.050958059375
0 0.244598673437 0.666118425694 0.135000001389 0.105912829688
0 0.343517259375 0.632368425 0.0497368444444 0.02597861875
0 0.38997901875 0.655460529861 0.0923684208333 0.0589514796875
