0 0.584833823828 0.482871790278 0.125818708333 0.131025730469
0 0.406633484766 0.459918376389 0.18192705 0.122084591406
0 0.253922125 0.405510286806 0.0833123875 0.0564271390625
0 0.298394363281 0.395308770833 0.0357053083333 0.0267789828125
0 0.0224752167969 0.353652577778 0.0272040444444 0.0315609429687
0 0.0612091003906 0.3596034625 0.0221032861111 0.0172150585937
0 0.0712512179688 0.357053083333 0.0272040444444 0.0200842359375
0 0.0129112949219 0.359603463194 0.0187027819444 0.0239098039062
0 0.151109966406 0.368529790278 0.015302275 0.015302275
0 0.170716005469 0.369379917361 0.0170025291667 0.0219970203125
0 0.182192712891 0.367679663889 0.0136020222222 0.0105203148437
0 0.216144633984 0.37108016875 0.0136020208333 0.00765113671875
0 0.318956795703 0.390633076389 0.0221032861111 0.0143458820313
0 0.336650050391 0.385532318056 0.0119017694444 0.0114767054687
0 0.343822992188 0.382981938889 0.0170025277778 0.0066947453125
0 0.353865110156 0.384682191667 0.0170025277778 0.009563921875
0 0.351952326172 0.399984468056 0.0238035388889 0.00956392265625
0 0.330911698047 0.411036109028 0.0527078347222 0.0401684726562
0 0.296481578906 0.300519679167 0.0221032861111 0.04303765
0 0.328998912891 0.302219931944 0.0255037916667 0.0277353742188
