0 0.403242351953 0.381039323611 0.0155299861111 0.0124794539063
0 0.394506733984 0.383812535417 0.0166392708333 0.00748767265625
0 0.388578993359 0.383812535417 0.0166392708333 0.00811164453125
0 0.381403307422 0.387695032639 0.0221856958333 0.0137273992187
0 0.367051935547 0.390468243056 0.0299506861111 0.0149753445313
0 0.353636522656 0.392686813889 0.0299506888889 0.0168472625
0 0.308086515625 0.396014667361 0.0521363847222 0.025582878125
0 0.188283759766 0.414872509028 0.0787592180556 0.0617732960937
0 0.531156753516 0.384921820139 0.0277321180556 0.00873561796875
0 0.541140316797 0.387695030556 0.0354971111111 0.0149753445313
0 0.545820111719 0.398233236806 0.0366063958333 0.009359590625
0 0.564851278906 0.397123953472 0.0521363847222 0.0324465796875
0 0.577642719141 0.405443588889 0.0443713916667 0.0243349351563
0 0.166132729297 0.397678595139 0.0599013791667 0.0648931601562
0 0.696197530469 0.390468244444 0.0343878277778 0.0418061703125
0 0.713356779297 0.384921820139 0.0388249680556 0.0486698695313
0 0.733011919141 0.386031104167 0.0321692583333 0.0879801492188
0 0.756098908203 0.393796097917 0.0366063958333 0.0817404210937
0 0.833783508594 0.383812536111 0.0232949805556 0.0224630171875
0 0.879957488672 0.383257893056 0.0354971138889 0.0798685054687
0 0.861550294531 0.430402497917 0.0610106652778 0.0692609703125
0 0.248965103906 0.423007276389 0.11314705 0.1048274125
0 0.334969346094 0.399712295833 0.0421528222222 0.03556644375
0 0.457995954687 0.442974402083 0.161955579167 0.101083575
0 0.598577005078 0.408882378472 0.0687756569444 0.0430541164063
0 0.0909752199219 0.438278425 0.0831963583333 0.108571247656
0 0.906819513281 0.477658034722 0.295069752778 0.184071942188
