0 0.075327703125 0.469921552083 0.349218509722 0.150292865625
0 0.200571756641 0.485155916667 0.192187369444 0.110742111719
0 0.253965276172 0.457030936111 0.0515624638889 0.0224120945312
0 0.294175208984 0.491015288889 0.119531169444 0.0791015085938
0 0.338818126562 0.478124651389 0.103124927778 0.0659179234375
0 0.363207758203 0.438280930556 0.0281249805556 0.0303222445313
0 0.379028059375 0.480468401389 0.0890624388889 0.027685528125
0 0.398144257422 0.4980465125 0.0585937083333 0.0105468679687
0 0.423193068359 0.502734009722 0.0679687027778 0.0474609054687
0 0.452196954297 0.4980465125 0.0585937083333 0.0210937367188
0 0.466698897266 0.503905884028 0.0421874708333 0.0184570179688
0 0.474609048828 0.486327774306 0.0257812319444 0.0131835851563
0 0.486474275 0.498046513889 0.035156225 0.013183584375
0 0.497021142578 0.501562135417 0.0374999736111 0.0105468695313
0 0.511523086719 0.493359015972 0.0492187152778 0.0210937359375
0 0.611718329687 0.50624963125 0.131249909722 0.09228509375
