0 0.372123436328 0.313447660417 0.0198979680556 0.0129145460938
0 0.335101736719 0.314978272222 0.0260204166667 0.0198023046875
0 0.350599192969 0.317274193056 0.0275510333333 0.028412003125
0 0.0881879023437 0.358600742361 0.0918367763889 0.103316371875
0 0.0320403746094 0.354774209028 0.136224551389 0.0640807492187
0 0.916018029297 0.321428714583 0.0367347097222 0.0137755164063
0 0.902672997656 0.332143005556 0.0642857416667 0.023246184375
0 0.815284566016 0.3329083125 0.0290816444444 0.0137755164062
0 0.824324748047 0.343622602083 0.0443877736111 0.0180803648438
0 0.554177548047 0.310714425694 0.0336734847222 0.0241071523438
0 0.476690269531 0.328316475 0.0474490027778 0.0223852140625
0 0.460331844141 0.326020554861 0.0428571625 0.0172193945313
0 0.647592769922 0.321428716667 0.0244898083333 0.0232461835937
0 0.608418644141 0.33367361875 0.104081679167 0.0878189164062
0 0.774585811328 0.37806139375 0.113265356944 0.0878189164063
0 0.507254696484 0.335204232639 0.0704081958333 0.0421875210938
0 0.434933235156 0.317602183333 0.047449 0.0352997609375
0 0.435794204297 0.345918523611 0.0734694222222 0.0490752773437
0 0.686336409766 0.348214443056 0.102551066667 0.0766263101562
0 0.576968132812 0.407143038889 0.171428647222 0.158418439063
