0 0.0824293664062 0.543796554861 0.138189015278 0.163833707813
0 0.181088348828 0.485331970833 0.0340157583333 0.0597933242187
0 0.236098207812 0.521473711806 0.127559090278 0.1315453125
0 0.29768533125 0.498087879861 0.0595275763889 0.0370718609375
0 0.316819194141 0.490950638889 0.0659055305556 0.0370718617188
0 0.344324123828 0.485635677778 0.0595275777778 0.0346801289062
0 0.399931914063 0.487761661806 0.0680315152778 0.0526181234375
0 0.414880244531 0.471816776389 0.04889765 0.0418553265625
1 0.446570706641 0.46726109375 0.0574015902778 0.0287007960938
0 0.615785812109 0.517221741667 0.591023786111 0.336038478906
0 0.834031443359 0.526788675 0.287007955556 0.153070908594
0 0.881552898047 0.486141863194 0.221102423611 0.154266774219
0 0.467150285547 0.446244220139 0.125433106944 0.0179379960938
