0 0.500451114453 0.519587714583 0.0226804152778 0.0197164992187
0 0.488273277344 0.520618642361 0.0329896958333 0.01855670625
0 0.475515541406 0.523711423611 0.0391752583333 0.0255154671875
0 0.473195953125 0.530927922222 0.0288659833333 0.0162371140625
0 0.459858323437 0.531958852083 0.0432989763889 0.0313144390625
0 0.444201104297 0.541237203472 0.0453608375 0.0347938210938
0 0.423324812109 0.546391841667 0.0680412472222 0.0324742320312
0 0.411146975 0.550515552083 0.0721649569444 0.0359536140625
0 0.397229446875 0.56288669375 0.0927835263889 0.0382732015625
0 0.528286167969 0.517525858333 0.0226804166667 0.0220360828125
0 0.574098033203 0.511340291667 0.0556701166667 0.0278350554688
0 0.582216590625 0.514433075 0.0494845444444 0.02783505625
0 0.588595457813 0.521649571528 0.0474226902778 0.0382732015625
1 0.62280938125 0.515464002778 0.162886625 0.044072171875
1 0.752126414063 0.431958834722 0.42886605 0.222680451562
0 0.862886739844 0.643299074306 0.525773281944 0.272551592188
1 0.195425289844 0.531958850694 0.777319715278 0.390850579688
