0 0.486300225391 0.533898203472 0.0167796569444 0.00943855703125
0 0.475574592188 0.531610069444 0.0183050833333 0.010296609375
0 0.469139211719 0.529321934028 0.0137288125 0.011154659375
0 0.464848958203 0.534660915278 0.024406775 0.0111546585938
1 0.436962311328 0.5133049875 0.106779641667 0.0480508382813
0 0.439965488672 0.551440572917 0.0396610097222 0.0128707601562
0 0.405643460937 0.5621185375 0.0701694777778 0.0368961796875
0 0.386337320703 0.574321925 0.0915254055556 0.0497669398438
0 0.346866989062 0.5865253125 0.122033875 0.075508459375
0 0.260203869922 0.601016834722 0.233389786111 0.156165224219
0 0.11776745625 0.697881223611 0.582711752778 0.233389785937
0 0.501444828125 0.537406682639 0.0259321986111 0.0137288109375
0 0.507451182813 0.541220240278 0.024406775 0.012012709375
1 0.528044399219 0.527491430556 0.0762711722222 0.0377542296875
0 0.55378590625 0.552203284722 0.0793220194444 0.0480508375
0 0.564082514844 0.574321925 0.0625423611111 0.042902534375
1 0.651174659375 0.534660915972 0.297457570833 0.146726667188
0 0.868642248047 0.727626979861 0.442372795833 0.260847408594
