0 0.494757704297 0.633301405556 0.0281575944444 0.0123189476562
0 0.507516611719 0.6379943375 0.0250289722222 0.013198871875
0 0.522035371875 0.638776494444 0.0234646611111 0.0175984953125
0 0.375527899219 0.612965366667 0.00938586666667 0.0114390203125
0 0.363208951953 0.611401055556 0.00938586388889 0.00967917265625
0 0.341210833203 0.612965366667 0.0219003472222 0.0290375164062
0 0.317452864453 0.611401057639 0.0187717291667 0.0184784210937
1 0.343410645312 0.591847172917 0.0234646625 0.033437140625
0 0.297214593359 0.612965366667 0.0187717305556 0.0202382679688
0 0.276096400391 0.611401057639 0.0281575930556 0.0413564632813
0 0.190743697656 0.601233038889 0.032850525 0.0519155609375
0 0.445481916406 0.674755640278 0.164252622222 0.109110670312
0 0.836168511328 0.678666415278 0.125144855556 0.126709166406
1 0.641705137891 0.560560958333 0.386384738889 0.230540285156
