1 0.427635551172 0.876113675 0.0235626194444 0.0116946820313
0 0.338942507031 0.878159329167 0.014560875 0.0140408421875
0 0.249432140625 0.875039142361 0.0249614986111 0.0245714734375
0 0.5039224 0.882319578472 0.0270416208333 0.0210612625
0 0.509187717969 0.888559952778 0.0228813722222 0.017551053125
0 0.518548277344 0.898960576389 0.0395223694444 0.01053063125
0 0.530834014062 0.902080763194 0.0457627430556 0.01638098125
0 0.544289821875 0.9062410125 0.0540832416667 0.0315918953125
0 0.558915698437 0.924962135417 0.0582434930556 0.023401403125
0 0.594602838281 0.928082322917 0.0769646152778 0.059673578125
0 0.660126767187 0.953043820139 0.0894453652778 0.0971158234375
0 0.792344696484 0.954083881944 0.0915254888889 0.197741858594
0 0.934473224219 0.960364609028 0.0789640319444 0.128777715625
0 0.031988009375 0.931895883333 0.133127983333 0.06397601875
0 0.0651460882813 0.902774136806 0.0707242402778 0.0655239296875
0 0.0903025964844 0.89965395 0.0644838666667 0.0526531570313
1 0.06982636875 0.869492142361 0.1206472375 0.138068279688
0 0.154656455859 0.865331892361 0.0582434930556 0.0549932976562
0 0.306180542578 0.877812640972 0.0291217458333 0.0234014039063
0 0.450684208203 0.880932827083 0.0270416208333 0.0198911929687
0 0.36936433125 0.872612328472 0.0270416208333 0.023401403125
0 0.216670175 0.879892765278 0.0208012472222 0.0362721765625
