0 0.290376199609 0.4743557625 0.128571402778 0.0816198789062
0 0.250599421875 0.499151675694 0.134081604167 0.0929846734375
0 0.136434906641 0.522110854167 0.231428522222 0.168405575781
0 0.430369791797 0.443131279167 0.0220408111111 0.0165306085938
0 0.419521580078 0.447723114583 0.0275510152778 0.0237627507813
0 0.386460363281 0.454151684722 0.0514285611111 0.040293359375
0 0.520254977344 0.44404964375 0.0348979513889 0.0247959125
0 0.482544526953 0.437621075 0.0183673416667 0.00929846796875
0 0.451033053516 0.438539442361 0.0238775486111 0.0123979570312
0 0.750650337891 0.538641461806 0.249795865278 0.223163219531
0 0.867397761719 0.623131238889 0.400408077778 0.2582907625
0 0.0429336511719 0.554253704861 0.328775440278 0.0805867179687
0 0.498328971094 0.438673379167 0.0275510166667 0.0103316296875
