0 0.307556991406 0.493285054167 0.0829733638889 0.055502453125
0 0.257730926953 0.496648838889 0.116611213889 0.0744237429688
0 0.156817376562 0.512346504861 0.188371959722 0.15010890625
0 0.558268175391 0.484545224306 0.0426079430556 0.0201827101562
0 0.594218627734 0.483423963194 0.0897009319444 0.0542410320313
0 0.6118785 0.495757840278 0.0919434555556 0.064332390625
0 0.635845466797 0.515940552083 0.100913548611 0.0643323882813
0 0.701439275391 0.518183074306 0.213039715278 0.145063228906
0 0.844636391797 0.564154801389 0.385714011111 0.306396736719
0 0.945102704688 0.753487843056 0.296013083333 0.107220645313
0 0.0458762480469 0.506810275694 0.282557940278 0.0917524960937
0 0.391670717188 0.463081069444 0.139036447222 0.081992259375
0 0.537154411719 0.470182394444 0.0224252333333 0.0163984515625
0 0.506593021484 0.465804133333 0.0179401861111 0.0200966289063
