0 0.416782546484 0.418827829167 0.0164062361111 0.0105468679688
0 0.408213216406 0.422343452778 0.0187499861111 0.0118652265625
0 0.402280603906 0.419999705556 0.0140624916667 0.01054686875
0 0.390415377734 0.421171578472 0.0257812319444 0.0158203023437
0 0.379209329687 0.419999703472 0.0328124763889 0.0145019421875
0 0.371299178906 0.424687200694 0.0328124763889 0.0145019421875
0 0.358115594531 0.4246872 0.037499975 0.02241209375
0 0.277695727734 0.422343451389 0.0468749666667 0.0329589617188
0 0.452378225391 0.414140332639 0.0304687291667 0.0158203023438
0 0.466220988672 0.405937215278 0.0281249805556 0.0171386601563
0 0.465561810547 0.41882783125 0.0351562263889 0.0105468679688
0 0.481382111328 0.423515326389 0.0492187166667 0.0342773195312
1 0.321860736328 0.410624711806 0.0984374319444 0.0580077726563
0 0.980380791406 0.421171579861 0.180468626389 0.0382323953125
