0 0.4635097 0.416839777778 0.0149697611111 0.008420490625
0 0.481116178906 0.412757113889 0.0149697611111 0.01454448125
0 0.495277911328 0.411396227778 0.0176915333333 0.0137789835938
0 0.509056895313 0.412757113889 0.0231350833333 0.01530998125
0 0.522453129688 0.413437557639 0.0244959708333 0.0145444828125
0 0.544652603125 0.41207666875 0.0435483930556 0.0252614703125
0 0.567234826953 0.41615933125 0.0517137180556 0.0321509617188
0 0.599768536328 0.419561549306 0.0530746013889 0.0344474585938
0 0.635364244922 0.428407316667 0.0707661361111 0.0597089289063
0 0.754016604297 0.407313565278 0.0612399277778 0.0428679492187
0 0.823677044922 0.395823788889 0.0626008138889 0.0382749539062
0 0.689331954297 0.428290667361 0.100705656944 0.0941563882812
0 0.9044372 0.452786638889 0.190524219444 0.189078275
0 0.449238612109 0.41439019375 0.0204133097222 0.0153099804687
0 0.378429946484 0.41847285625 0.0367439569444 0.0298544648437
0 0.353605899609 0.421777845139 0.0258568597222 0.0130134835938
0 0.305379458203 0.425180063889 0.0299395194444 0.0176064789063
0 0.225384801953 0.441899538194 0.0408266180556 0.0244959710937
0 0.195147587891 0.433734215972 0.0435483930556 0.0221994742187
0 0.1538106375 0.441899539583 0.0870967847222 0.0696604171875
0 0.412932079687 0.415653850694 0.0653225875 0.0428679484375
0 0.334085672656 0.423819175694 0.0435483930556 0.0382749546875
0 0.260597760937 0.433734215972 0.0680443625 0.071956915625
0 0.0638644933594 0.467756397917 0.127923404167 0.127072849219
