0 0.100833228906 0.435439434722 0.0291217472222 0.0432925953125
0 0.142370719922 0.433359309028 0.0249614958333 0.0257415445313
0 0.0493501410156 0.4333593125 0.0332819972222 0.0573334382813
0 0.243581788281 0.425038813889 0.0332819972222 0.0432925953125
0 0.306180542578 0.425038811806 0.0416024958333 0.0374422460937
0 0.770698398828 0.413598124306 0.0478428680556 0.0538232273438
0 0.659541733203 0.550886357639 0.397303823611 0.365061892969
0 0.890045555469 0.482242241667 0.255855341667 0.217633051563
0 0.962589907031 0.550886358333 0.255855344444 0.0725443515625
0 0.0150219914062 0.438559624306 0.0395223708333 0.0300439828125
