0 0.182826867578 0.456699002083 0.533624023611 0.353179407031
0 0.896982135938 0.498280095139 0.395020381944 0.205046764062
2 0.776526907422 0.41788998125 0.281365393056 0.134099024219
0 0.769899921094 0.360369470833 0.246714483333 0.228436128125
2 0.655292033984 0.356211361806 0.127515351389 0.0444397929687
0 0.359416570703 0.34650910625 0.2106775375 0.129421150781
0 0.424127146094 0.286909540278 0.133059497222 0.0904388765625
0 0.470516052734 0.246714484028 0.0776180402778 0.0506769570312
0 0.528989464453 0.3458160875 0.176026627778 0.119285760156
0 0.656071679688 0.295225759028 0.0693018208333 0.049117665625
