0 0.276645251172 0.234901252778 0.0244898055556 0.0180803664062
0 0.266744098438 0.254799221528 0.0183673541667 0.024107153125
0 0.318832769922 0.215003284722 0.0244898055556 0.00947066796875
0 0.304626768359 0.231840027778 0.0367347138889 0.0189413351563
0 0.397611503516 0.2448502375 0.0290816444444 0.0172193945312
0 0.346383802344 0.2004624625 0.0168367416667 0.0094706671875
0 0.0429702230469 0.3512278375 0.220408261111 0.0859404460937
0 0.0235201371094 0.210411447222 0.0275510333333 0.0266900632812
0 0.0885233546875 0.188982865972 0.0336734847222 0.0430484875
0 0.182369060156 0.185921639583 0.0183673541667 0.022385215625
0 0.35413253125 0.228013495139 0.0198979680556 0.0163584265625
0 0.42817593125 0.25020738125 0.0336734847222 0.0284120015625
0 0.358867864062 0.288472707639 0.0948980013889 0.075765340625
0 0.877874332812 0.264060625 0.145408230556 0.243421625
