2 0.952371424609 0.701153347222 0.122048005556 0.0546413898437
0 0.211560257031 0.75408233125 0.0273985319444 0.0448339609375
0 0.172330541016 0.770272374306 0.0498155125 0.0476360851562
0 0.382489739453 0.730419963889 0.0149446555556 0.0140106148437
0 0.365677001953 0.732910738889 0.0149446555556 0.0112084914063
0 0.355169041797 0.732910740278 0.0199262083333 0.0126095492187
0 0.343960551953 0.7366469 0.0323800805556 0.0126095523438
0 0.332051530469 0.739137677083 0.0373616347222 0.011208490625
0 0.315939324609 0.746610004167 0.0423431861111 0.0266201648437
0 0.423821045313 0.719211474306 0.0273985319444 0.0098074296875
0 0.437131128906 0.719211474306 0.0273985319444 0.016812734375
0 0.286517037891 0.754082329861 0.0523062902778 0.0378286554688
0 0.401404067187 0.725438411111 0.0448339611111 0.026620165625
0 0.467253947656 0.719211470833 0.0622693916667 0.040630778125
