0 0.102523382422 0.654902211806 0.309086123611 0.205046764844
0 0.350060824609 0.571740026389 0.0900923694444 0.0717273835938
0 0.307180321484 0.562730789583 0.0498973125 0.0343043992187
0 0.591361103906 0.543326276389 0.027720725 0.0257283
0 0.404636009766 0.542633261111 0.018018475 0.0171522023438
0 0.385668696484 0.541940241667 0.0194045083333 0.0119626867187
0 0.521582832422 0.539168169444 0.0249486555556 0.0140336179688
0 0.260109214453 0.550256471528 0.0277207291667 0.0187114914062
0 0.431728691797 0.536396095833 0.0138603638889 0.0101353929687
0 0.420423830469 0.537782132639 0.0166324375 0.009355746875
0 0.514371111719 0.535010061111 0.0194045083333 0.0148132640625
0 0.506184833984 0.535010061111 0.0194045083333 0.00623716328125
0 0.458236637109 0.529465915972 0.0152464041667 0.0116946835938
0 0.490202100391 0.530158934722 0.0138603666667 0.00701680859375
0 0.483185292188 0.530851951389 0.0124743277778 0.007016809375
0 0.475388837109 0.529465914583 0.00970225416667 0.00701680859375
0 0.460185750391 0.528079878472 0.0152464041667 0.00779645546875
0 0.469541496484 0.528079878472 0.0152464041667 0.00779645546875
0 0.760422356641 0.546791369444 0.0318788361111 0.0171522023438
0 0.781472782422 0.544019297222 0.0318788388889 0.0343044007812
