0 0.473528116016 0.531953622222 0.0160927138889 0.0160927148438
0 0.493644009375 0.540894020833 0.0196688722222 0.010057946875
0 0.502193264453 0.5435761375 0.0214569527778 0.0130753320313
0 0.515771491016 0.555198655556 0.0303973472222 0.0241390726562
0 0.596235065625 0.579337727778 0.100132444444 0.064370859375
0 0.539910564844 0.560562892361 0.0303973486111 0.038220196875
0 0.783357312891 0.557880775694 0.0572185402778 0.116583300781
0 0.668149383984 0.605265596528 0.173445134722 0.129747511719
0 0.246218521484 0.550728456944 0.0178807916667 0.0341970179687
0 0.204478043359 0.548940376389 0.0214569527778 0.0211216882813
0 0.107418858203 0.551622497917 0.0232450319444 0.0442549648437
0 0.0289668742188 0.548940377778 0.0393377444444 0.0563245015625
