0 0.106031786719 0.586293409028 0.399178493056 0.212063573437
0 0.842406950781 0.619558281944 0.476796530556 0.312637842188
0 0.726239774219 0.456005984722 0.0748459694444 0.0662698671875
0 0.681020335156 0.454619946528 0.0554414569444 0.049117665625
0 0.566022624609 0.449075802083 0.0360369458333 0.0233893648438
0 0.474804102734 0.449075801389 0.033264875 0.0218300742188
0 0.445177574219 0.440066563194 0.0291067625 0.01403361875
0 0.516904959766 0.446996746528 0.1261293125 0.0842017132812
0 0.403466540625 0.451847873611 0.12751535 0.0818627765625
0 0.593310218359 0.449075802083 0.0360369458333 0.0280672398437
0 0.457184110547 0.444224673611 0.0207905472222 0.00935574609375
0 0.358948778516 0.442145620833 0.0249486555556 0.0140336195312
0 0.339067818359 0.446303729861 0.0304928013889 0.0272875914062
0 0.309831112891 0.44630373125 0.0332648763889 0.0296265289063
0 0.271238672266 0.4490758 0.0415810916667 0.0288468835938
0 0.235374980469 0.452540892361 0.0374229847222 0.0413212109375
0 0.197172351562 0.456005983333 0.0304928027778 0.03352475625
