0 0.1894146875 0.557542267361 0.0610169375 0.0780826109375
0 0.240039680078 0.556016843056 0.0518643972222 0.0420444835937
0 0.295383948437 0.549915150694 0.0244067763889 0.0257415203125
0 0.477290693359 0.537711761806 0.0152542347222 0.00858050703125
0 0.4699972625 0.534660915972 0.0122033875 0.00772245625
0 0.513328821875 0.542288033333 0.0213559305556 0.0137288109375
0 0.452879140625 0.534965995833 0.0198305055556 0.0085805078125
0 0.461459647266 0.533440570833 0.0198305027778 0.0102966085938
0 0.271830447266 0.54869480625 0.0411864319444 0.0205932164063
0 0.488996261719 0.535165472917 0.0205678763889 0.015776496875
0 0.500565692578 0.535165472917 0.0243074902778 0.0136729632813
