0 0.309958997266 0.554009933333 0.02292455 0.0229245492187
0 0.225424722266 0.55655710625 0.0534906125 0.0372523914063
0 0.198918213281 0.559104275694 0.0636793013889 0.0329540390625
0 0.140890449219 0.562925035417 0.0866038513889 0.0659080796875
0 0.414552251953 0.541274074306 0.0229245486111 0.0114622757813
0 0.427447309766 0.548915585417 0.0331132347222 0.0200589789062
0 0.443207938281 0.555283517361 0.0356604097222 0.0171934125
0 0.468281663672 0.554009931944 0.0687736444444 0.0415507445313
0 0.514130760937 0.562925035417 0.0916981958333 0.0673408625
0 0.557830681641 0.57693448125 0.150283154167 0.0859670570312
0 0.61729123125 0.603679786806 0.229245490278 0.110324390625
0 0.674602603516 0.613868477083 0.270000243056 0.141845647656
0 0.822895778906 0.657170400694 0.417736226389 0.346733803125
0 0.0613709199219 0.588396754861 0.188490734722 0.121786664844
0 0.399226001172 0.551228520139 0.0326447597222 0.0220557960938
