0 0.362535153125 0.501052167361 0.0318788402778 0.046778728125
0 0.541853615625 0.529465913194 0.0693018208333 0.060812346875
0 0.47870233125 0.503824239583 0.0374229847222 0.043660146875
0 0.438940410547 0.501745185417 0.0360369458333 0.0421008585937
0 0.398009023437 0.489270858333 0.0249486555556 0.0194911375
0 0.0202707828125 0.583521335417 0.0637576763889 0.040541565625
0 0.0545751832031 0.576591153472 0.0471252375 0.0280672367187
0 0.0826424222656 0.566195879861 0.0512833486111 0.0233893648437
0 0.1060317875 0.564116824306 0.0360369458333 0.0171522015625
2 0.689986257422 0.494815002083 0.0443531680556 0.0421008585938
0 0.589456115625 0.486325874306 0.0222405125 0.0237695484375
