0 0.360191499219 0.293742097222 0.0987805277778 0.0906571296875
0 0.525908832813 0.276412179861 0.0433247930556 0.032168659375
0 0.443050166016 0.2512838 0.01039795 0.0146221179688
0 0.240777537891 0.261681750694 0.114377454167 0.0799342429687
0 0.296828989453 0.265147734722 0.0797176194444 0.0282694289062
0 0.330459859766 0.261681750694 0.0519897513889 0.0214457726562
0 0.403570448047 0.258215767361 0.0311938513889 0.0194961570313
0 0.415268142578 0.2486843125 0.0190629083333 0.0155969257813
0 0.427940644531 0.254749783333 0.0173299166667 0.009748078125
0 0.511774119141 0.262548246528 0.0329268430556 0.0253450039063
0 0.497639405469 0.263414742361 0.0207959013889 0.0126725015625
0 0.489353539063 0.253016791667 0.0173299166667 0.0077984640625
0 0.481555075781 0.253016791667 0.0138639333333 0.0077984625
0 0.466932958203 0.250417304167 0.0190629083333 0.00974807890625
