0 0.443559349609 0.479249961806 0.0194999986111 0.0143437492188
0 0.437231225391 0.482249961806 0.0134999986111 0.0134999992187
0 0.414871851953 0.482999961806 0.0179999986111 0.0160312476562
0 0.404324977734 0.482249961806 0.0134999986111 0.0118124992187
0 0.392512479297 0.478499961111 0.0269999972222 0.0202499992188
0 0.385762479297 0.4792499625 0.0285 0.0134999992188
0 0.371418730469 0.476893786111 0.0299395194444 0.0253124984375
0 0.351168732422 0.471588 0.0438239194444 0.0286874976562
0 0.335053103125 0.4709999625 0.0449999972222 0.034593746875
0 0.51949684375 0.472799958333 0.015 0.00759375
0 0.562106215234 0.472799957639 0.0329999986111 0.0134999992187
0 0.579403088672 0.459299959722 0.0569999972222 0.0295312476562
0 0.5962780875 0.460049957639 0.0614999930556 0.0227812484375
0 0.250593730078 0.444749963889 0.136499988889 0.160312486719
0 0.631040594531 0.453749963889 0.0704999944444 0.06834374375
0 0.490640585937 0.457229127778 0.0695416666667 0.0548437453125
