0 0.714934913672 0.528772897222 0.131673458333 0.127861860156
0 0.101353914063 0.564116824306 0.257802773611 0.202707828125
0 0.2311648875 0.535703078472 0.131673459722 0.08965923125
1 0.29392635 0.509368386806 0.117813095833 0.0935574578125
0 0.352399762109 0.502438203472 0.0762320013889 0.0498973117188
0 0.388263453516 0.499666131944 0.0512833472222 0.0296265273438
0 0.412042641016 0.488577839583 0.0595995652778 0.0335247554687
0 0.425686436719 0.483033694444 0.0512833472222 0.015592909375
0 0.439330233203 0.483033694444 0.0429671305556 0.0179318460938
0 0.659190261328 0.499666130556 0.115041022222 0.0803034851562
0 0.599937203906 0.494121986806 0.0623716375 0.0428805015625
0 0.577327485547 0.488577841667 0.0512833472222 0.0194911382813
0 0.457262079688 0.478182568056 0.0304928 0.021050428125
0 0.470905875781 0.476796531944 0.0277207277778 0.0093557453125
0 0.477922685156 0.473331440278 0.0207905444444 0.0093557453125
