0 0.880592694922 0.529271502083 0.4219867375 0.238814610156
0 0.0551175355469 0.464900645139 0.0679470180556 0.0885099304687
0 0.118985496875 0.463112565972 0.0429139069444 0.043249171875
0 0.147147746875 0.463112565972 0.0393377486111 0.0191100984375
0 0.257282262891 0.466688725694 0.0321854291667 0.0382201976562
0 0.221073654688 0.465794686111 0.03039735 0.0321854296875
0 0.300028536328 0.458642366667 0.0339735083333 0.0311796351562
0 0.339254528516 0.462555461111 0.0274950583333 0.0291680460938
0 0.475539705859 0.466688723611 0.0429139055556 0.0241390726562
0 0.576119171875 0.466688725 0.0822516527778 0.0563245
0 0.534881590234 0.466688725694 0.0357615875 0.0201158929687
0 0.371439957422 0.459536407639 0.0178807930556 0.0251448664063
0 0.422232587891 0.479205281944 0.143046355556 0.0784519835937
0 0.508228032031 0.474735081944 0.0661589388889 0.0452607609375
0 0.628420494531 0.480099320833 0.0840397333333 0.084486753125
