0 0.235585695313 0.4124410625 0.0233858333333 0.011958665625
0 0.22003943125 0.419882005556 0.0255118194444 0.011958665625
0 0.205091097266 0.418819013194 0.0276378041667 0.0131545320312
0 0.194328302344 0.422007990972 0.0340157597222 0.0298966625
0 0.163337410938 0.420283396528 0.0458490986111 0.0429835296875
0 0.341419878125 0.412441058333 0.031889775 0.017937996875
0 0.361749608594 0.411378070139 0.0425196986111 0.02511319375
0 0.367728939844 0.418819015972 0.0361417402778 0.017937996875
0 0.384471071094 0.418819015278 0.0531496222222 0.034680128125
0 0.446656127734 0.426259961806 0.0892913625 0.0777313226562
0 0.493892852734 0.446456817361 0.1041732625 0.0908858523437
0 0.621850566016 0.476220603472 0.184960679167 0.190142769531
0 0.823952 0.542126134722 0.329527652778 0.350388878125
0 0.302554217188 0.412441058333 0.031889775 0.0215255953125
0 0.123772179688 0.429448936806 0.0531496236111 0.0490305265625
0 0.557273775391 0.4156300375 0.0552756083333 0.0526181257813
0 0.320943684766 0.407547535417 0.0203773763889 0.0143278429687
