0 0.382612079687 0.518511119444 0.232220891667 0.12964944375
0 0.322173992969 0.489916755556 0.025994875 0.0165717328125
0 0.285618698828 0.483851284028 0.0242618819444 0.0233953882813
0 0.269046965625 0.482984788889 0.0190629083333 0.01169769375
0 0.254912251563 0.484717780556 0.0121309416667 0.0146221171875
0 0.236878306641 0.482118293056 0.0138639333333 0.0136473101563
0 0.221281380859 0.481251797222 0.0121309416667 0.00974807890625
0 0.213970322266 0.476052822917 0.0155969263889 0.0146221179687
0 0.210071091016 0.471720342361 0.0207959013889 0.0146221179687
0 0.616078558594 0.512445648611 0.629075997222 0.401620832812
0 0.932403704687 0.512445647917 0.698395665278 0.133548675
0 0.825174841797 0.567901383333 0.2720797 0.0633625101563
