0 0.326474991016 0.523124632639 0.0234374847222 0.0171386601563
0 0.388437839453 0.513749639583 0.0374999736111 0.0224120945312
0 0.416123366797 0.530155877778 0.0234374833333 0.0355956789062
0 0.544663317187 0.504374646528 0.0187499875 0.0237304515625
0 0.551255109766 0.520780884722 0.037499975 0.0210937351563
0 0.486655545703 0.500859025 0.00703124444444 0.0184570179687
0 0.59146504375 0.5184371375 0.037499975 0.0566894140625
0 0.507749280078 0.496171526389 0.0164062388889 0.0184570179688
0 0.899301746094 0.544218369444 0.0843749444444 0.147656148438
0 0.444468073828 0.516093388889 0.0281249833333 0.0131835851563
0 0.367344103125 0.536015247917 0.0492187152778 0.046142546875
0 0.500498308984 0.571171475 0.138281155556 0.0962401679687
1 0.272422294141 0.545390243056 0.124218663889 0.101513602344
0 0.0290945214844 0.562968356944 0.0796874472222 0.0581890429688
