0 0.356383760156 0.558651318056 0.0728289472222 0.0519572375
0 0.426326195703 0.546217108333 0.0444078944444 0.0299753289063
0 0.455315592187 0.544250245139 0.0582373263889 0.0280034671875
1 0.509138201562 0.538223685417 0.0603947375 0.07417861875
0 0.547226687891 0.544440792361 0.0479605263889 0.0439638164063
0 0.588192973828 0.549769739583 0.0586184208333 0.0399671070313
0 0.630658022656 0.544440791667 0.0657236833333 0.060949834375
0 0.678118959766 0.552434214583 0.0675000013889 0.0699424335938
0 0.722082774609 0.550657897222 0.0603947361111 0.0639473679687
0 0.789027677734 0.569309213889 0.0799342111111 0.0899259867188
0 0.760551113672 0.516907897917 0.0248684208333 0.0689432570312
0 0.85697175625 0.513355265972 0.0426315791667 0.09192434375
0 0.831790067188 0.579967108333 0.0976973694444 0.053551096875
0 0.929035354687 0.535559214583 0.200723684722 0.13988486875
