0 0.0965059769531 0.557156839583 0.136906345833 0.113077710156
0 0.468882573828 0.529428972222 0.0883825777778 0.0740853960937
0 0.354830055859 0.496502129861 0.0329268430556 0.0292442351562
0 0.249063404687 0.504300592361 0.0415918013889 0.034118275
0 0.813964551563 0.527695980556 0.178498147222 0.319736973437
0 0.955799092969 0.477439220833 0.150770280556 0.0848082828125
0 0.160355890625 0.538960426389 0.0727856527778 0.03801750625
0 0.187163106641 0.533761452083 0.0554557375 0.0292442351562
0 0.208121475 0.522497005556 0.0571887277778 0.04581596875
0 0.268559561328 0.503434096528 0.0259948763889 0.0146221179688
0 0.275870620703 0.496502129861 0.0329268430556 0.0253450039062
0 0.431839875781 0.514698543056 0.0727856527778 0.0448411609375
0 0.405032659766 0.502567600694 0.0450577847222 0.0282694273437
0 0.392360157812 0.498235121528 0.0225288930556 0.0107228859375
0 0.384561694922 0.4947691375 0.0225288916667 0.0146221164063
0 0.390410542578 0.476572724306 0.0207959013889 0.0185213492188
0 0.301215624609 0.497368625694 0.0207959013889 0.0233953882813
0 0.330947263672 0.493902641667 0.0173299166667 0.0146221179688
