0 0.831102091797 0.749845704861 0.357597395833 0.335247560156
0 0.955455546875 0.607776972222 0.101180658333 0.0865406484375
0 0.904778590625 0.556493624306 0.0540554180556 0.0444397921875
0 0.125912746484 0.670841629861 0.232854118056 0.245588328906
0 0.243639215625 0.605004899306 0.164938334722 0.130200796875
0 0.312248017969 0.60292584375 0.0748459680556 0.02260971875
0 0.32745110625 0.589065479861 0.0859342569444 0.038982275
0 0.423737323828 0.591837552778 0.0665297472222 0.0522362476562
0 0.535226629297 0.6050049 0.08177615 0.0615919945313
0 0.506379744531 0.600846788889 0.0595995638889 0.0194911375
0 0.493125771875 0.593223589583 0.0498973097222 0.021050428125
0 0.479481975391 0.581442281944 0.0429671305556 0.0140336179688
0 0.468566938281 0.571047008333 0.033264875 0.0140336171875
0 0.457262079688 0.565502861806 0.0304928013889 0.00545751875
0 0.375399303906 0.57243304375 0.0554414569444 0.030406175
0 0.39333115 0.561344754861 0.0388090208333 0.017931846875
