1 0.608125221875 0.560685556944 0.041370975 0.01592238125
0 0.593427642578 0.571572653472 0.0239516152778 0.0110231867187
0 0.586078848438 0.572661363194 0.0261290347222 0.0085735890625
0 0.578117658594 0.57592749375 0.0370161347222 0.0097983890625
0 0.565869673437 0.573750074306 0.0413709736111 0.022046375
0 0.549947292188 0.5879033 0.0435483916667 0.0269455671875
0 0.52790091875 0.593346849306 0.0587903291667 0.0293951640625
0 0.494218959766 0.605322656944 0.0827419444444 0.0624647257812
0 0.426855038281 0.633629113889 0.126290341667 0.111456667187
0 0.168416173047 0.697862992361 0.433306509722 0.336832346094
0 0.866582031641 0.695685572917 0.324435523611 0.265829916406
0 0.639969984766 0.570483946528 0.0174193569444 0.00857358984375
0 0.618536012109 0.571572653472 0.0152419375 0.00979838828125
0 0.649155973828 0.572661365972 0.0217741958333 0.00979838828125
0 0.6595667625 0.57048394375 0.0304838736111 0.018371978125
0 0.663853557422 0.590080720139 0.0479032319444 0.0171471789062
0 0.699372716406 0.568306524306 0.0740322652778 0.061239928125
0 0.709783503906 0.620564595833 0.113225822222 0.0845111
