0 0.556063769141 0.526562433333 0.0124999972222 0.00878906171875
0 0.547714160938 0.528906184722 0.0140625 0.0079101546875
0 0.537606739453 0.528906182639 0.0109374958333 0.00703124765625
0 0.541122364453 0.553906181944 0.0421874944444 0.0175781226563
0 0.485311824609 0.541406181944 0.0453124944444 0.0114257789063
0 0.509042290234 0.54999993125 0.0499999930556 0.0448242132813
1 0.452352844922 0.532031184028 0.0703124930556 0.0580078070312
0 0.381600900781 0.561718680556 0.135937483333 0.108105454688
0 0.571884080078 0.531249932639 0.0187499958333 0.0123046867188
0 0.582430953125 0.528906184722 0.0140625 0.0052734375
0 0.587704390234 0.531249932639 0.0156249958333 0.00878906171875
0 0.592098921094 0.534374932639 0.0187499958333 0.0087890625
0 0.600887981641 0.537499933333 0.0218749972222 0.0140624976563
0 0.609677043359 0.543749932639 0.0249999958333 0.0246093726563
1 0.784864075 0.52126931875 0.0824612208333 0.077697109375
1 0.79784796875 0.526908560417 0.0868077375 0.0614774
1 0.907265623828 0.527695980556 0.133440363889 0.181875221094
1 0.847108017969 0.528215322222 0.0998192111111 0.0916319375
0 0.681855373047 0.555468680556 0.0234374972222 0.0474609320312
0 0.964321884766 0.582763599306 0.0953124875 0.0687103992187
0 0.825972027734 0.689794835417 0.228124970833 0.166113260156
0 0.681391966406 0.696044835417 0.262499968056 0.223242159375
0 0.426069733594 0.764794825694 0.412499948611 0.29970699375
