0 0.240888649609 0.579695449306 0.0476310541667 0.0589434304687
0 0.334662287891 0.557240809722 0.0408266194444 0.0290889664063
0 0.380209483984 0.55111681875 0.0394657291667 0.0221994726562
0 0.146244153516 0.597833270833 0.076678 0.0476716601562
0 0.546705537891 0.53305413125 0.0258568569444 0.0183719773437
0 0.527185308984 0.539178124306 0.0326612958333 0.0191374773437
0 0.495417097266 0.541219454861 0.0421875041667 0.0229649726563
0 0.410829447266 0.557550102083 0.0694052513889 0.0390404539062
0 0.646290003906 0.533734575694 0.0190524263889 0.0107169875
0 0.633659269922 0.5350954625 0.0136088722222 0.00995148671875
0 0.620645785547 0.535095461111 0.0163306472222 0.0145444820313
0 0.604570303906 0.533054129861 0.0122479847222 0.0099514875
0 0.682268462109 0.533734576389 0.0244959722222 0.0183719789062
0 0.711357428125 0.536456347222 0.0190524194444 0.019902978125
0 0.761497617969 0.540539011806 0.0408266180556 0.0436334484375
0 0.928671051172 0.557550102083 0.0694052513889 0.0824976648438
0 0.457524892578 0.559158425 0.09117945 0.0650674226562
0 0.069825659375 0.63233605625 0.242805951389 0.13794413125
