0 0.115537635937 0.505546521528 0.157031143056 0.098876884375
0 0.331748425 0.466874671528 0.0421874708333 0.0250488109375
0 0.410190754687 0.470390295833 0.0257812333333 0.01054686875
0 0.483359648828 0.469218420833 0.0468749694444 0.0645995648438
0 0.698252079688 0.465702797917 0.0726562013889 0.0883300171875
0 0.720664173828 0.483280910417 0.0796874458333 0.106787036719
0 0.306040435156 0.463359048611 0.0585937083333 0.0369140375
0 0.424692696875 0.468046547222 0.0304687305556 0.0237304515625
0 0.584873250391 0.521952758333 0.175781127778 0.164794808594
0 0.375913433984 0.466874672917 0.0656249569444 0.0448241882812
0 0.0455740023437 0.502030899306 0.253124826389 0.0911480046875
