0 0.323424408984 0.61130703125 0.128511984722 0.0947463945312
0 0.383430460937 0.591967845833 0.0873382361111 0.037898559375
0 0.408345252734 0.591418646528 0.0438184041667 0.0231602304687
0 0.520988187891 0.599453982639 0.0673752125 0.0322839570312
0 0.566957736328 0.610059342361 0.0985674430556 0.0736916414062
0 0.453963886719 0.588224780556 0.0224584055556 0.014738328125
0 0.432270469922 0.587833222917 0.0218525375 0.0122920523438
0 0.422709985156 0.593903370833 0.0242805944444 0.0122920515625
0 0.477341324609 0.5854051625 0.0169964166667 0.0122920523437
0 0.487584700391 0.586619192361 0.0242805958333 0.0136578351563
0 0.499876751953 0.590261281944 0.0267086555556 0.00819470078125
