0 0.51451554375 0.542602286111 0.0321428694444 0.0189413359375
0 0.329320939062 0.553316575 0.0627551277778 0.040465578125
0 0.288855360156 0.559439029167 0.0841837111111 0.057684975
0 0.224282626172 0.567857396528 0.125510256944 0.0972895851563
0 0.528291058594 0.543367588889 0.0397959361111 0.0275510328125
0 0.547662879687 0.54795943125 0.0551020652778 0.0301339421875
0 0.574352941406 0.555612496528 0.0765306458333 0.05251915625
0 0.624030895313 0.581632914583 0.1316327125 0.101938817188
0 0.394496360937 0.543979828472 0.0673469680556 0.0843750375
0 0.493077400391 0.519490020139 0.0214285819444 0.0146364867188
0 0.471553156641 0.544745134028 0.0260204208333 0.0215242445312
0 0.723559017187 0.623571700694 0.198979681944 0.208354684375
0 0.0908323101563 0.563265559028 0.244898065278 0.17994268125
0 0.92339006875 0.708873084722 0.287356638889 0.150669685938
0 0.474250859766 0.493622672917 0.0260204208333 0.0146364867187
