0 0.419718101953 0.5328476625 0.0178807944444 0.0150869210938
0 0.437319506641 0.537317861111 0.0375496666667 0.0201158929687
1 0.303548817578 0.584701965278 0.164503305556 0.124718538281
0 0.399099310937 0.530165544444 0.019668875 0.0221274828125
0 0.38350949375 0.536423821528 0.0286092708333 0.023133278125
0 0.367416778906 0.5328476625 0.0357615888889 0.0251448671875
0 0.366913881641 0.548940377083 0.0286092708333 0.0160927148437
0 0.22559973125 0.523907265278 0.0357615888889 0.065376653125
0 0.229622909766 0.556986734722 0.0661589388889 0.0553187070313
0 0.183859252344 0.598112560417 0.1269536375 0.11667218125
0 0.0954499078125 0.678576134028 0.295033101389 0.190899815625
0 0.450897736328 0.531953622917 0.0268211902778 0.0150869210937
0 0.458441196094 0.536423821528 0.0357615875 0.010057946875
0 0.476545500391 0.539999979861 0.0572185402778 0.0301738398438
0 0.491632420312 0.555198655556 0.0947682083333 0.0362086078125
0 0.481574473438 0.553410576389 0.0590066222222 0.02011589375
0 0.533875796484 0.558774813889 0.134105955556 0.0844867523438
0 0.552482997266 0.594536401389 0.134105955556 0.0693998320312
0 0.621882828516 0.633874147917 0.227086081944 0.169979297656
0 0.818515686328 0.717913880556 0.556092694444 0.360074489844
