0 0.592124222266 0.403593465278 0.0328124777778 0.0131835835938
0 0.600693552734 0.39890596875 0.0374999736111 0.0171386601563
0 0.619809750781 0.396562220139 0.0374999736111 0.0263671703125
0 0.837998076562 0.381327857639 0.0585937097222 0.080419865625
0 0.191343248438 0.415312208333 0.0890624388889 0.0843749421875
1 0.562461157422 0.403593465972 0.0374999763889 0.0329589617188
1 0.532138912109 0.4082809625 0.037499975 0.0276855289062
0 0.414805008594 0.418827829861 0.0398437236111 0.027685528125
0 0.313950585938 0.436405943056 0.117187419444 0.0843749421875
0 0.114219278516 0.497343400694 0.178124876389 0.209618996094
