0 0.669929004688 0.614778179861 0.0382075791667 0.02579011875
0 0.698584690234 0.613504598611 0.0560377861111 0.0372523929688
0 0.553157082812 0.614778179861 0.0280188930556 0.0214917625
0 0.338955829297 0.609683839583 0.0433019263889 0.0315212554687
0 0.42205731875 0.652985764583 0.247075693056 0.157606273438
0 0.960784217969 0.644070664583 0.117169918056 0.0773703515625
1 0.945023590234 0.552372464583 0.234339831944 0.108891605469
0 0.727240375781 0.618598942361 0.0662264736111 0.01432784375
0 0.708614180469 0.62205580625 0.0687736458333 0.01432784375
0 0.674943750781 0.620782221528 0.0560377875 0.0128950578125
0 0.667063434375 0.619508636111 0.0483962722222 0.0114622734375
0 0.0230268902344 0.595310500694 0.0713208180556 0.0157606273438
0 0.0344891640625 0.599495151389 0.0840566805556 0.0157606265625
0 0.157708614453 0.596947978472 0.0738679902778 0.0157606273437
0 0.507211812891 0.605693084722 0.0191338638889 0.0143503976563
