0 0.524721885938 0.5197406 0.123071544444 0.11715464375
0 0.611522825781 0.482819136806 0.0492286180556 0.064967575
0 0.844234549609 0.472405390972 0.0397615763889 0.0319512664063
0 0.819206057812 0.475245503472 0.0416549847222 0.0202358015625
0 0.927840363672 0.453471307639 0.0284011263889 0.0223658867187
0 0.902279350391 0.460098236111 0.03408135 0.0330163085937
0 0.397981862109 0.552875247222 0.136325405556 0.157626247656
0 0.695128640234 0.535834571528 0.295371706944 0.257740216406
0 0.958194067187 0.445897673611 0.0208274916667 0.0234309296875
0 0.981092474219 0.443057560417 0.0265077180556 0.0202358015625
0 0.157488388672 0.49204293125 0.0831621847222 0.0935574585938
