0 0.925580049609 0.658536855556 0.391656130556 0.147195985156
0 0.917294183203 0.520764013889 0.105712494444 0.105279247656
2 0.688214339062 0.567554790278 0.0918485611111 0.077984628125
0 0.284156487109 0.512965552778 0.0693196694444 0.0633625101563
0 0.567338165625 0.509499566667 0.0866495861111 0.0682365484375
0 0.325585820312 0.502567600694 0.0693196680556 0.0467907765625
0 0.358729287109 0.499101616667 0.0485237694444 0.0194961570313
0 0.370914385547 0.493902641667 0.0346598361111 0.0126725023437
0 0.382612079297 0.492169651389 0.0485237694444 0.0146221179687
0 0.393822369531 0.488703665972 0.0277278680556 0.0077984625
0 0.535169507422 0.504300592361 0.0623877013889 0.0175465414062
0 0.524446621094 0.507766576389 0.0485237694444 0.01949615625
0 0.516648157812 0.499101616667 0.0485237694444 0.0175465421875
0 0.502513444922 0.4999681125 0.0502567611111 0.0146221179688
