1 0.0808041148438 0.412182609028 0.184461918056 0.160690001562
0 0.260383391797 0.504996578472 0.0179564680556 0.0146916570312
0 0.245691733984 0.502547970833 0.0228536888889 0.0165281148438
0 0.215849305859 0.499283157639 0.0424425680556 0.0376473726563
0 0.166724075391 0.492753532639 0.0555018180556 0.0679489148437
0 0.0695051386719 0.494439929861 0.0686690486111 0.137507702344
0 0.291767132812 0.511351296528 0.0424425652778 0.033056228125
0 0.431261364063 0.506590129167 0.0261185027778 0.0128552
0 0.445493907422 0.501692907639 0.0652962541667 0.0247921726562
1 0.617508738281 0.477945272222 0.132224916667 0.05601194375
1 0.294292260937 0.469316832639 0.0767230986111 0.0477478859375
0 0.516503578516 0.528083461806 0.259552615278 0.150589488281
0 0.697656981641 0.5196882375 0.177932294444 0.125797316406
