0 0.0662869335937 0.654204376389 0.154236263889 0.07993424375
0 0.984068520703 0.459242807639 0.0381258180556 0.0263198117187
0 0.292929757812 0.544159402083 0.121309420833 0.0887075140625
0 0.351905632031 0.528562476389 0.0866495861111 0.0526396234375
0 0.383099483203 0.525096493056 0.0589217194444 0.0292442351562
0 0.402595640234 0.515565038194 0.0571887263889 0.0253450039063
0 0.418192566406 0.515565038194 0.0294608597222 0.0175465421875
0 0.439638338672 0.513832046528 0.0398588097222 0.0175465414062
0 0.452310840625 0.507766575694 0.0346598347222 0.013647309375
0 0.462546323047 0.512099054861 0.0329268430556 0.0126725023438
0 0.471319593359 0.507766575694 0.0311938513889 0.0126725023438
0 0.481067671875 0.510366063889 0.0190629111111 0.0146221171875
0 0.599019421484 0.484371186806 0.0641206930556 0.0341182742187
0 0.578548456641 0.499101617361 0.0346598347222 0.0107228867187
0 0.567825570313 0.499968113194 0.0329268430556 0.0146221171875
0 0.558077491797 0.497368625694 0.0311938513889 0.0165717335937
0 0.178877239453 0.591816675 0.168100197222 0.153044832031
0 0.615591154688 0.498235121528 0.0606547097222 0.0497152
0 0.951412457422 0.464441782639 0.0207959013889 0.0233953882813
0 0.902672065234 0.463575286806 0.0329268430556 0.0311938507812
