0 0.324703985547 0.359234850694 0.0719388069444 0.0774872789062
0 0.672704392187 0.347704239583 0.0290816458333 0.013775515625
0 0.700685908984 0.34693893125 0.0214285819444 0.0163584257812
0 0.80012791875 0.347704236111 0.0137755138889 0.0120535765625
0 0.764397673047 0.346173623611 0.0107142888889 0.0111926070313
0 0.963138192578 0.380612415278 0.0520408388889 0.0275510335938
0 0.934295705078 0.372959350694 0.0551020680556 0.0335778226562
0 0.988588982422 0.390832445833 0.0811224861111 0.0198023054687
0 0.664003377344 0.360220188194 0.0321428736111 0.023246184375
0 0.709634774609 0.363281413889 0.0352041027778 0.0249681226563
0 0.689206303516 0.344847090972 0.0229591958333 0.00602678828125
0 0.727949944531 0.345612397917 0.0214285819444 0.0094706703125
0 0.735698671875 0.343316479167 0.0260204194444 0.007748728125
0 0.778316675781 0.345612402083 0.0183673513889 0.01549745625
