0 0.439330233203 0.433829401389 0.0554414583333 0.0382026289062
0 0.471295698438 0.429671292361 0.0443531652778 0.0241690109375
0 0.329790042188 0.430364310417 0.0540554208333 0.04210085625
0 0.364874089453 0.430364310417 0.0568274930556 0.0265079460937
0 0.381246644531 0.426899219444 0.0443531666667 0.0187114921875
0 0.395670086328 0.431057327778 0.0360369472222 0.0132539742187
0 0.408534235937 0.43590845625 0.0235626208333 0.0109150359375
0 0.488837722266 0.432443364583 0.0277207291667 0.0109150367187
0 0.503650986328 0.431057328472 0.0249486569444 0.0171522007812
0 0.516904960547 0.428285255556 0.0415810916667 0.0155929101562
0 0.537175742187 0.425513182639 0.0471252375 0.026507946875
0 0.543802728906 0.432443363889 0.0388090194444 0.0194911375
0 0.56290404375 0.436601474306 0.0582135291667 0.0171522015625
0 0.586293408203 0.433829400694 0.0665297458333 0.0561344757812
0 0.849033938672 0.496201040972 0.252258629167 0.226097191406
0 0.934794942578 0.555800606944 0.241170338889 0.127861860156
