0 0.343132362109 0.451444345139 0.0433247930556 0.0292442367187
0 0.364090730469 0.456643320139 0.0537227430556 0.032168659375
0 0.429890260156 0.436713915278 0.0207959 0.013647309375
0 0.444512377734 0.442779386111 0.0225288916667 0.0116976945312
0 0.507387483984 0.480905204167 0.0987805277778 0.0594632789062
0 0.6087675 0.427182460417 0.0259948763889 0.0848082828125
0 0.866604175 0.519897518056 0.173299172222 0.193011953125
0 0.0984555925781 0.545025897917 0.351797320833 0.193011953906
0 0.948975437891 0.562355815278 0.157702247222 0.100405208594
0 0.400158621094 0.453177336111 0.0814506111111 0.0477655859375
0 0.463033726953 0.454910328472 0.0571887263889 0.0331434664062
0 0.631675483984 0.604814111806 0.353530309722 0.286593507031
1 0.539068738672 0.408986047222 0.0623877027778 0.0565388554687
