0 0.548517583984 0.288254969444 0.0280188944444 0.0186261960938
0 0.560696251563 0.289104033333 0.0280188944444 0.0200589796875
0 0.572874917188 0.294198377083 0.0382075819444 0.0272229015625
0 0.493355388672 0.284434213194 0.0254717208333 0.0171934117187
0 0.444640721875 0.280613453472 0.0229245486111 0.01432784375
0 0.434611232031 0.283160625 0.0178302055556 0.011462275
0 0.423148957031 0.286981384722 0.0305660638889 0.0171934125
0 0.408104722266 0.289528556944 0.0356604083333 0.0214917648438
0 0.390194918359 0.286981383333 0.0254717222222 0.0229245476563
0 0.367986761719 0.279339868056 0.0152830305556 0.0186261953125
0 0.348644174219 0.289528555556 0.0458490972222 0.02579011875
1 0.312108174219 0.275519109028 0.0738679902778 0.0415507453125
0 0.217544409766 0.299717245139 0.0407547541667 0.0214917648437
0 0.240468958984 0.307358761806 0.0713208180556 0.0558785867187
0 0.280586919531 0.311179518056 0.0738679916667 0.0702064296875
0 0.0176709992188 0.3048115875 0.0560377861111 0.0343868234375
0 0.377299860547 0.317122927083 0.0789623375 0.0630425101562
0 0.476161977734 0.30099083125 0.0433019263889 0.0315212554688
0 0.769882759375 0.299717245139 0.0560377847222 0.083101490625
0 0.864446523437 0.3048115875 0.0458491 0.0401179609375
0 0.957577504297 0.346839928472 0.135000120833 0.0831014898438
1 0.610843701953 0.284434211111 0.0764151638889 0.0544458039062
