0 0.448376360547 0.566185658333 0.0164948472222 0.0115979398438
0 0.508105752344 0.56103101875 0.0226804180556 0.0081185578125
0 0.513324825781 0.563092875 0.0268041305556 0.011597940625
0 0.523762970703 0.566185659028 0.0329896986111 0.0208762914062
0 0.434922752344 0.564536177778 0.0247422722222 0.013917528125
0 0.419265532812 0.564536177778 0.0329896972222 0.017396909375
0 0.546262976563 0.580412467361 0.0453608319444 0.018556703125
0 0.560760401172 0.581443395833 0.0556701138889 0.0220360851562
0 0.575837724219 0.584536179861 0.0659793930556 0.0197164984375
0 0.597873809766 0.585567106944 0.0680412472222 0.0452319664063
0 0.407827061328 0.5870104 0.0309278416667 0.0197164976563
0 0.362595094922 0.610721744444 0.0412371222222 0.0405927898438
0 0.305185291797 0.629278447917 0.0701031041667 0.0533505242188
0 0.809559293359 0.645038765972 0.222680448611 0.223840244531
0 0.0156802964844 0.786275903472 0.0845360986111 0.0301546445312
0 0.671543807031 0.601739789583 0.0577319680556 0.0452319671875
