0 0.466660991797 0.586814590972 0.0239516152778 0.00979838984375
0 0.450126210156 0.590632386806 0.0402968875 0.0159223796875
0 0.434816230859 0.586814590972 0.0239516152778 0.0146975820312
0 0.481358574609 0.603145238889 0.0566129111111 0.0367439554688
0 0.415219453125 0.600967820833 0.0435483916667 0.0293951640625
0 0.229662472266 0.607500078472 0.104516143056 0.0796119054687
0 0.119430604297 0.598790401389 0.0435483916667 0.0820615039062
0 0.330095953125 0.590080722222 0.239516161111 0.133503042188
0 0.545660497656 0.607500078472 0.143709695833 0.096759084375
0 0.560970480469 0.696774285417 0.226451643056 0.142076632813
