0 0.3306473625 0.568322419444 0.220840980556 0.251955228125
0 0.682412169531 0.514671786111 0.0536506361111 0.0463204578125
0 0.709282041406 0.51868220625 0.0449168097222 0.019651103125
0 0.725424021094 0.514939140972 0.0374306791667 0.02807300625
0 0.745776949609 0.51868220625 0.0299445430556 0.0126328539063
0 0.7527952 0.51306760625 0.0311922319444 0.015440153125
0 0.765077141016 0.512443757639 0.0249537819444 0.0147383273437
2 0.589921646875 0.516186828472 0.0299445402778 0.011931025
2 0.634487544922 0.514315291667 0.0187153361111 0.00982554921875
2 0.624661992969 0.514315291667 0.0212107138889 0.0084219
2 0.610976402734 0.514939138194 0.0299445430556 0.0175456289062
0 0.648323524609 0.51529563125 0.0249537847222 0.0210547570313
2 0.882582730078 0.534010965972 0.0449168097222 0.0446160257812
0 0.918576333984 0.510304875 0.0274491611111 0.0245638804688
0 0.947000252344 0.513424095139 0.0311922291667 0.03088030625
