0 0.440596692578 0.369195917361 0.0146916569444 0.0101005148438
0 0.47242860625 0.376541745139 0.0195888763889 0.0156098859375
0 0.399429435156 0.364842822917 0.0179564680556 0.0128552
0 0.417334891797 0.365659025694 0.0163240625 0.0137734273438
0 0.428353635938 0.371698938194 0.0212212847222 0.011936971875
0 0.489544191406 0.392904669444 0.0538383055556 0.036985853125
0 0.266079232422 0.392197288889 0.0552530666667 0.0670037226563
0 0.216549870313 0.390564882639 0.0585178791667 0.03703329375
0 0.190073318359 0.389241352083 0.0558708180556 0.0293833148438
0 0.157957866797 0.387608945139 0.0591356319444 0.0330111289062
0 0.129470230859 0.383020601389 0.0630181972222 0.0348926851562
0 0.111105658594 0.383329478472 0.0571063236111 0.042238515625
0 0.0700914441406 0.384035257639 0.0715771291667 0.0385656007813
0 0.0329031855469 0.388240649306 0.0538694125 0.0431567429688
0 0.0118535011719 0.400594223611 0.0491932472222 0.0237070023437
1 0.582003880469 0.374093125 0.125695291667 0.074376515625
0 0.348866051563 0.362382604167 0.0291176666667 0.0253125171875
