0 0.552067 0.363834563194 0.0401950597222 0.021050428125
0 0.520491358594 0.386011145139 0.0540554208333 0.06393093125
0 0.435354036719 0.374368436111 0.0207905472222 0.0109150359375
0 0.463421273828 0.375061466667 0.0277207305556 0.0140336179688
0 0.452116415234 0.375754479861 0.0207905430556 0.0116946820313
0 0.418201836328 0.392386919444 0.0679157833333 0.0405415664063
0 0.397151407812 0.4110984125 0.0831621861111 0.0467787296875
0 0.476285424219 0.376447502778 0.0304928027778 0.02260971875
0 0.936471541016 0.407725722222 0.145533825 0.127056917969
0 0.955585504687 0.428516269444 0.170482480556 0.0873202921875
