0 0.395454976172 0.46016578125 0.0358803708333 0.00882993671875
0 0.387886458594 0.457923255556 0.0403654194444 0.0138756125
0 0.374010846094 0.461287045139 0.0515780402778 0.0264898078125
0 0.365180910156 0.464650828472 0.0448504652778 0.0239669671875
0 0.350674587891 0.466893352083 0.0493355125 0.0252283867187
0 0.338691103125 0.466893352083 0.0538205597222 0.02396696875
0 0.316616264062 0.466893352083 0.0762457930556 0.0378425828125
0 0.280665810547 0.466893351389 0.0897009333333 0.0517181945312
0 0.451209726172 0.448953165278 0.0179401861111 0.0138756132813
0 0.417151403516 0.451195686806 0.0269102819444 0.0189212898437
0 0.488421598828 0.447831900694 0.0201827097222 0.0126141929687
0 0.495359405078 0.445589382639 0.0246677541667 0.0113527742188
0 0.501666501172 0.44895316875 0.0313953263889 0.0113527742188
0 0.593119406641 0.462408304861 0.0986710263889 0.0454110976563
0 0.870169146484 0.54829695625 0.2489200875 0.256068132031
0 0.216964132812 0.474069451389 0.13006635 0.108482067188
0 0.468617298437 0.438189080556 0.0403654194444 0.018921290625
0 0.436451103516 0.450522959028 0.0291528013889 0.0201827085937
0 0.517181944922 0.447159171528 0.0493355125 0.0277512257812
0 0.636007664453 0.466220620139 0.1143686875 0.0958678726562
0 0.285711489453 0.345348594444 0.0134551416667 0.0163984523438
0 0.568332504297 0.387956539583 0.0134551375 0.0152631820313
0 0.741083885547 0.444019621528 0.0740032680556 0.0655938070312
