0 0.329770887891 0.607030833333 0.0187499888889 0.00791015234375
0 0.338999395703 0.616405825694 0.0234374819444 0.00791015078125
0 0.321201557812 0.616405825694 0.0234374819444 0.0039550765625
0 0.313950585938 0.622265197222 0.0210937361111 0.0105468671875
0 0.347568726562 0.622265197222 0.0210937361111 0.0065917921875
0 0.327134170703 0.630468316667 0.0234374833333 0.0131835851563
0 0.358774773828 0.632812064583 0.0187499875 0.0158203023437
0 0.303403717578 0.635155814583 0.0374999736111 0.0290038851563
0 0.130698758203 0.64687455625 0.0562499625 0.0843749429688
0 0.0693950902344 0.653905801389 0.0468749694444 0.0672362820312
0 0.0244802671875 0.674999535417 0.0843749402778 0.048960534375
