0 0.420944997656 0.515338747222 0.02125985 0.00956693125
0 0.412573933203 0.520653708333 0.0318897722222 0.0191338632813
0 0.392244203906 0.524905675694 0.0488976513889 0.031092528125
0 0.466387924609 0.558850570139 0.159307131944 0.107627983594
0 0.264286490234 0.528838728472 0.0191338625 0.0143503976562
0 0.283420353516 0.527775736111 0.0170078777778 0.00717519921875
0 0.252925758984 0.533090697222 0.0233858305556 0.0131545320313
0 0.235585694922 0.534153690972 0.0255118180556 0.0191338648438
0 0.209874566016 0.536279675694 0.0297637875 0.0203297304687
0 0.187751035938 0.540531645833 0.0382677277778 0.0263090625
0 0.151875041016 0.542657629861 0.0425196958333 0.0430511929688
0 0.108823849609 0.551161570139 0.0467716652778 0.0502263914062
0 0.0263090625 0.566043465278 0.0552756055556 0.052618125
