0 0.382612079297 0.402920577083 0.0467907791667 0.0263198117188
0 0.360191498828 0.405520065278 0.0415918055556 0.0146221179688
0 0.336796110938 0.41245203125 0.0554557375 0.039967121875
0 0.2748958125 0.441912890278 0.0831836027778 0.0409419296875
0 0.223230996875 0.44884485625 0.110911468056 0.085783090625
0 0.141834541406 0.469640756944 0.152503269444 0.1413471375
0 0.0443537570313 0.475706229167 0.2512838 0.0867578984375
0 0.451823436719 0.411585535417 0.0537227458333 0.043866353125
0 0.423554008984 0.391656129861 0.0311938513889 0.0126725023438
0 0.404057851953 0.429781948611 0.0831836027778 0.0594632789062
0 0.556127876172 0.424582972917 0.121309420833 0.106254055469
0 0.656533084375 0.436713915278 0.159435238889 0.178389835937
