0 0.468281086328 0.313124888889 0.0374999861111 0.0421874851562
0 0.387070176953 0.315937388194 0.0206249930556 0.0337499882812
0 0.314296765234 0.316874888194 0.0224999930556 0.0316406148437
0 0.0928124671875 0.312187391667 0.0281249916667 0.042187484375
0 0.451406091797 0.413437354861 0.0281249902778 0.0210937429688
0 0.405527201172 0.415312354167 0.0168749944444 0.0116015585938
0 0.423984226563 0.419999854167 0.0187499944444 0.0147656203125
0 0.470917803906 0.426562350694 0.0318749875 0.0305859265625
0 0.379687367578 0.417187353472 0.0393749875 0.0274218664062
0 0.951855135937 0.69656225625 0.313124890278 0.0938671546875
0 0.3210357625 0.415657897222 0.0284210527778 0.0169860203125
