0 0.103160470313 0.436840014583 0.0280188930556 0.065908078125
0 0.380404232813 0.438113600694 0.0203773763889 0.015760628125
0 0.373240310938 0.444481531944 0.0229245472222 0.015760628125
0 0.363210821094 0.449575876389 0.0382075833333 0.0157606265625
0 0.424104154297 0.448302289583 0.0356604097222 0.0143278429688
0 0.487146664063 0.438113601389 0.0152830333333 0.0143278421875
0 0.312346978516 0.447028702778 0.0178302027778 0.0171934101562
0 0.285840469531 0.444481531944 0.0229245472222 0.032954040625
0 0.343868232813 0.459764563889 0.0483962694444 0.042983528125
0 0.403328781641 0.45594380625 0.0458490958333 0.0300884695313
0 0.44559591875 0.464858907639 0.0789623347222 0.051580234375
0 0.311630586719 0.425632452083 0.0178302041667 0.0157606265625
0 0.238558586328 0.424358866667 0.0152830333333 0.0214917648437
0 0.267276157031 0.41456704375 0.0297637875 0.02032973125
0 0.288203820313 0.420944997917 0.0255118180556 0.01674213125
0 0.343213677734 0.422007990278 0.0148818916667 0.0119586648438
