0 0.245914988672 0.597401739583 0.433700906944 0.412573933594
0 0.503026280859 0.492165490972 0.0616535597222 0.0466387929688
0 0.524551876172 0.482598558333 0.0552756055556 0.0370718601562
0 0.541891940234 0.480472573611 0.0510236361111 0.0239173273437
0 0.561025803516 0.475157611111 0.0403937111111 0.0167421320313
0 0.62739639375 0.454960755556 0.0297637888889 0.0203297296875
0 0.681808316016 0.481535563889 0.0999212861111 0.0765354539062
0 0.714096712891 0.454960757639 0.0510236347222 0.0167421320312
0 0.730838842187 0.457086741667 0.0637795472222 0.0263090625
0 0.754756172266 0.461338711111 0.0892913638889 0.0645767898438
0 0.769106570312 0.473031629861 0.0871653791667 0.0502263921875
0 0.828301961328 0.482598559028 0.119055151389 0.120782513281
