0 0.337912147656 0.412321990278 0.0469194 0.038388603125
0 0.300723190625 0.403791189583 0.0725118013889 0.0215935875
0 0.285727645313 0.415521041667 0.0874407 0.04678610625
0 0.249138509375 0.414454690278 0.1194312 0.062381475
0 0.207150978906 0.433648991667 0.2047392 0.0455864625
0 0.112572816797 0.437914389583 0.473459401389 0.225145633594
0 0.414689347656 0.415521039583 0.0618482986111 0.0383886
0 0.445280263281 0.413388340278 0.0277251 0.02279323125
0 0.465074385547 0.424051838889 0.0447866972222 0.0335900242187
0 0.376900569922 0.426184540278 0.0789099 0.0515846835937
0 0.541251764062 0.446445189583 0.157819801389 0.13316045625
0 0.630625223438 0.465639489583 0.0597155986111 0.0383886
0 0.691207232813 0.459241390278 0.1194312 0.12356330625
0 0.835150469922 0.490733873611 0.109904366667 0.135531714844
0 0.948473068359 0.521089690278 0.132227397222 0.103053863281
