0 0.301496703906 0.330216092361 0.0315647736111 0.0259498859375
0 0.0747766449219 0.352068629167 0.0558453694444 0.0505339898437
0 0.260523198828 0.330216092361 0.0315647736111 0.0204867523437
0 0.425782998438 0.315647736111 0.0218525361111 0.017755184375
0 0.389589736719 0.321717886806 0.0291367125 0.0273156703125
0 0.366371417187 0.312005647222 0.0291367138889 0.0218525359375
0 0.330861047266 0.326574004167 0.0339928333333 0.0300472382812
0 0.284424408203 0.370279075694 0.0437050680556 0.0573629054688
0 0.195648482812 0.331430123611 0.0291367138889 0.0273156703125
0 0.137602685937 0.349640567361 0.0607014875 0.055997121875
0 0.487926146484 0.3095775875 0.0242805944444 0.0163894023437
0 0.462659152734 0.324145946528 0.0339928319444 0.0232183195313
0 0.193572826953 0.413652929167 0.140165016667 0.148924357031
0 0.0447294089844 0.393345640972 0.1116907375 0.0887759257813
0 0.728986930469 0.336286241667 0.0291367138889 0.02321831875
0 0.673672698828 0.327788034028 0.0364208930556 0.0382419367187
0 0.640893894922 0.322931916667 0.0315647722222 0.0218525367187
0 0.9618530125 0.33385818125 0.0291367152778 0.0300472359375
0 0.924976858984 0.335072211806 0.0364208902778 0.0245841023437
0 0.892880946875 0.335072213194 0.0267086569444 0.0259498875
0 0.860785035547 0.33385818125 0.0291367152778 0.0300472382813
0 0.789081401563 0.335072211806 0.0364208902778 0.0314130203125
