0 0.339819642969 0.515758554167 0.0494845472222 0.03247423125
0 0.456958839063 0.530191544444 0.0701031055556 0.0533505265625
0 0.368814493359 0.501620108333 0.0247422694444 0.0115979414062
0 0.377512948828 0.509867533333 0.0247422694444 0.0104381460938
0 0.390850579688 0.509867533333 0.0288659833333 0.016237115625
0 0.405927901172 0.512960318056 0.0391752638889 0.0255154679687
0 0.422165017578 0.523269598611 0.0515464 0.0231958789063
0 0.243556741797 0.50883660625 0.0268041291667 0.0139175273438
0 0.271391796484 0.5108984625 0.0309278416667 0.0115979398438
0 0.257474269141 0.507805678472 0.0412371180556 0.0185567039063
0 0.205863436719 0.518114959028 0.0371134069444 0.038273203125
0 0.308505205859 0.502651038194 0.0144329930556 0.0115979414063
