0 0.397294512891 0.531806513194 0.0313862236111 0.0131960820313
0 0.369102884766 0.543838501389 0.0554502 0.0407878882813
0 0.430284716406 0.543838501389 0.0554502 0.0311907375
1 0.420687567188 0.515047051389 0.0917061 0.0359893125
1 0.499864055078 0.441468901389 0.149289 0.110367225781
0 0.697205450391 0.617416650694 0.206871901389 0.202739794531
0 0.325315889062 0.563032802083 0.0810426013889 0.07317826875
0 0.114972104688 0.661137002083 0.264454801389 0.229944209375
0 0.505262450781 0.583796631944 0.321031344444 0.16435119375
1 0.878042404297 0.468127652778 0.543838502778 0.242909171094
