0 0.494593163281 0.419304217361 0.0149584569444 0.0063105984375
0 0.479868432031 0.422108927778 0.0168282611111 0.012621196875
0 0.455677804297 0.421174022917 0.0224376819444 0.0126211976562
0 0.358389410937 0.447351322222 0.0560942083333 0.036811825
0 0.450418973438 0.431457961111 0.0467451722222 0.012621196875
0 0.439375425781 0.434262671528 0.0560942069444 0.024190628125
0 0.42622834375 0.438937190972 0.0617036319444 0.0273459265625
0 0.344190563281 0.455765450694 0.0579640152778 0.0315529921875
0 0.510632601953 0.414629699306 0.0168282625 0.00841413203125
0 0.517469083984 0.417434409722 0.0224376833333 0.0136729632813
0 0.521676148828 0.422108927083 0.0243074902778 0.0115694304687
0 0.527460863672 0.423043830556 0.0373961388889 0.0168282617187
0 0.528512631641 0.427718347222 0.0355263305556 0.0147247304687
0 0.543237359766 0.429588154167 0.0542244 0.0294494601562
0 0.537452644141 0.433327768056 0.0467451722222 0.0178800289063
0 0.550599725 0.434262671528 0.0523545930556 0.0315529921875
0 0.559539740625 0.440806997222 0.0579640166667 0.036811825
0 0.488808448047 0.418369313194 0.0130886486111 0.00946589765625
0 0.466721353125 0.423043830556 0.0299169111111 0.0199835625
0 0.402037717578 0.448286225694 0.0804017013889 0.0588989195313
0 0.577156828906 0.451090934722 0.0710526638889 0.0515365546875
0 0.313689337891 0.46604939375 0.0673130541667 0.0610024523438
0 0.879013793359 0.423978732639 0.121537451389 0.148299066406
