1 0.0351926402344 0.499150870833 0.0829134083333 0.0693602554688
1 0.0902024984375 0.515095757639 0.0382677263889 0.0310925296875
0 0.118305360156 0.516918027083 0.0291563652778 0.0370718609375
0 0.144266337891 0.511299354167 0.0361417416667 0.0298966617188
0 0.187915464453 0.513425338889 0.0318897722222 0.0478346585938
1 0.219605925781 0.498543445139 0.0488976513889 0.03946359375
0 0.247708787891 0.5049214 0.0233858333333 0.0215255960938
0 0.275213717187 0.507047384722 0.0318897722222 0.0287007953125
0 0.296739313672 0.5049214 0.0276378027778 0.0143503976563
0 0.309893844922 0.5049214 0.0233858333333 0.0143503976562
0 0.437851557422 0.51980329375 0.0488976513889 0.0382677273437
0 0.514984944531 0.51980329375 0.0659055291667 0.03946359375
