0 0.332299927734 0.451387067361 0.0249614958333 0.0117007007813
0 0.347510839453 0.457627443056 0.016641 0.00936056171875
0 0.362721752344 0.448266879861 0.0312018708333 0.018721121875
0 0.379102733594 0.458667504861 0.0187211236111 0.0093605625
0 0.390218401562 0.45762744375 0.0249614986111 0.0081904921875
0 0.406014347656 0.459707566667 0.0332819972222 0.0234014015625
0 0.424735469531 0.474268440278 0.0540832444444 0.0163809796875
0 0.440531418359 0.483629002778 0.0561633722222 0.0175510539062
0 0.466857995703 0.490909440972 0.0748844958333 0.0351021039063
0 0.485579119922 0.504430249306 0.118567109722 0.0397823835937
0 0.504300241797 0.505470311111 0.124807486111 0.0491429460937
0 0.570994240234 0.527311621528 0.226733595833 0.149768982031
0 0.719008118359 0.581394864583 0.322419334722 0.298367894531
0 0.851694067187 0.738652308333 0.272496338889 0.291347471875
0 0.307026411719 0.456379370139 0.0582434930556 0.042122525
0 0.263733816016 0.461579681944 0.0769646138889 0.0444626664063
0 0.232141923047 0.46782005625 0.0936056125 0.0468028085938
0 0.198794922266 0.480300805556 0.131047861111 0.0737144210937
0 0.16895813125 0.487581240972 0.137288231944 0.08424505
0 0.130345814844 0.522943363889 0.162249730556 0.152109121875
