1 0.404538755078 0.627737979167 0.0336114 0.0177369445312
1 0.433970387109 0.624446140972 0.0388090375 0.0208555273437
0 0.423932447266 0.652859900694 0.0727669486111 0.0456092820313
0 0.340607793359 0.651788861111 0.0415811138889 0.0134488914063
0 0.369552146484 0.673792199306 0.107071365278 0.0744561820313
0 0.555790055859 0.684360731944 0.102566747222 0.0879050726563
1 0.616425225 0.632211085417 0.197163779167 0.11246391875
1 0.679186717969 0.638101744444 0.120238719444 0.0216351734375
0 0.784535035156 0.728370627778 0.297651472222 0.287615476562
0 0.309255217578 0.648410903472 0.0800436430556 0.0327451273438
0 0.326407425781 0.770035660417 0.000346509722222 0.0027287609375
0 0.274560975781 0.657073635417 0.0869738291667 0.061592025
0 0.102610609766 0.706624461806 0.265079598611 0.205221219531
0 0.451804786328 0.803555019444 0.0166324472222 0.00311858359375
