0 0.03547386875 0.568274935417 0.0859342597222 0.0693884484375
0 0.942201573828 0.641734863889 0.152464005556 0.113048596094
0 0.971438280078 0.553028531944 0.0443531638889 0.0561344757812
0 0.835000319141 0.575205116667 0.0693018222222 0.0249486554688
0 0.824085282813 0.559958715278 0.0637576777778 0.0311858203125
0 0.882558694922 0.587679446528 0.141375718056 0.106031786719
0 0.803424676953 0.578670208333 0.0900923666667 0.0272875929687
0 0.0666596890625 0.558572679861 0.0304928041667 0.0288468828125
0 0.235452937891 0.553028534028 0.0221765819444 0.0109150367188
0 0.245588329297 0.550949478472 0.0152464013889 0.00935574609375
0 0.254164428906 0.5502564625 0.0110882944444 0.0093557453125
0 0.263909998828 0.550256460417 0.0138603652778 0.00701681015625
0 0.272875920313 0.552335515278 0.0124743277778 0.007796453125
0 0.132539733984 0.554414570833 0.0304928 0.0374229835938
0 0.220249850391 0.553721552083 0.0263346930556 0.0194911367188
0 0.534446982031 0.568274934722 0.0443531666667 0.0491176671875
0 0.493125772656 0.544712314583 0.0388090180556 0.0491176671875
0 0.520413363672 0.544712315972 0.0221765819444 0.0257283007813
