0 0.727074695313 0.592210235417 0.0969212180556 0.0751464328125
0 0.932845814062 0.571732284028 0.0366127541667 0.0213081328125
0 0.916852393359 0.565077732639 0.0351562236111 0.00804199453125
0 0.901757193359 0.566015236806 0.0281249791667 0.0171386601562
0 0.887255249219 0.57070273125 0.0328124763889 0.009228509375
0 0.870116588281 0.584765222222 0.0609374583333 0.0329589625
0 0.763988733203 0.578905852083 0.0632812069444 0.0316406039063
0 0.818700608984 0.5624996125 0.147656147222 0.0751464304687
0 0.963060860156 0.571874607639 0.0187499875 0.017138659375
0 0.992007175391 0.562207806944 0.0451148333333 0.0126395507813
