0 0.0878369398437 0.847219322917 0.279226843056 0.175673879687
0 0.683062440234 0.831436936806 0.160251929167 0.143407266406
0 0.211867140234 0.830222925 0.1918167 0.116091594531
0 0.285619448047 0.848433370139 0.0922662597222 0.0341445867187
0 0.312935117969 0.841149191667 0.0679856666667 0.0423392875
0 0.335470544922 0.836293065278 0.0825540055556 0.0437050695312
0 0.592706456641 0.828596902778 0.0833780083333 0.0391791742187
0 0.4249293625 0.825366786806 0.0898382041667 0.0559971234375
0 0.543752525 0.812012461111 0.0388489527778 0.0286814515625
0 0.513022396484 0.809584400694 0.0242805930556 0.0163894023437
