0 0.529255327734 0.467772190278 0.0383886 0.0203939445313
0 0.510061026172 0.464573138889 0.0234597 0.0179946585937
0 0.499264232812 0.476302991667 0.0298578 0.0203939453125
0 0.484868507422 0.470971240972 0.0447867013889 0.0251925195313
0 0.462075275781 0.484833790278 0.0682464 0.04438681875
0 0.403892553906 0.493364589583 0.115165798611 0.091172925
0 0.649219701172 0.480568390278 0.0298578 0.0155953679688
0 0.670213467578 0.483767440278 0.0234597 0.0167950132812
0 0.684009370312 0.485900140278 0.0362559 0.02279323125
0 0.711001354688 0.486966490972 0.0341231986111 0.0311907375
0 0.762586035547 0.494430940972 0.0789099013889 0.0791764882812
0 0.817169826563 0.499762690278 0.063981 0.04198753125
0 0.856758070312 0.507227140278 0.0575829 0.06118183125
0 0.934135092969 0.510426190972 0.0981041986111 0.1079679375
1 0.597635020312 0.437914390278 0.2175354 0.10196971875
