0 0.0138285367187 0.688181425 0.0874101416667 0.0259498859375
0 0.889978635547 0.584988897222 0.415198175 0.218525355469
0 0.0841663863281 0.572848598611 0.230665652778 0.163894017969
0 0.183868579688 0.552210092361 0.145683570833 0.09560484375
0 0.228256543359 0.524287408333 0.114118797222 0.105165327344
0 0.274010288281 0.513361139583 0.0922662597222 0.0464366375
0 0.293814148047 0.508505022222 0.0728417861111 0.0368761539062
0 0.308837767187 0.507290990972 0.0655576069444 0.02321831875
0 0.314300900781 0.498792783333 0.0631295472222 0.039607721875
0 0.757497638672 0.496364723611 0.281654902778 0.234914757031
0 0.627065316797 0.48543845625 0.1821044625 0.121554728906
0 0.565605059766 0.486652485417 0.106834618056 0.0614602570312
0 0.537606499219 0.481796365972 0.0922662597222 0.0491682046875
0 0.508925046094 0.476940247917 0.0582734291667 0.0355103703125
0 0.335470545312 0.458729801389 0.0364208916667 0.0245841015625
0 0.475463350781 0.449017563194 0.0412770125 0.0286814515625
0 0.408031065234 0.500355288194 0.114815745833 0.0870621507813
0 0.3484454875 0.45023159375 0.0388489513889 0.017755184375
0 0.355957296875 0.442947415278 0.0242805944444 0.013657834375
0 0.36551778125 0.430807116667 0.0291367138889 0.013657834375
0 0.464537083203 0.440519355556 0.0291367138889 0.0122920507813
0 0.457025274219 0.430807116667 0.0291367138889 0.013657834375
0 0.452927924609 0.421094879167 0.0242805944444 0.0163894023437
1 0.418783337109 0.4356632375 0.0776979055556 0.0491682054687
