0 0.383360434766 0.474214052083 0.0146916569444 0.0128552007812
0 0.471051264453 0.467684427083 0.0146916597222 0.0101005148438
0 0.479315321875 0.468500629861 0.0261185013889 0.0137734296875
0 0.494925207422 0.473397848611 0.0293833138889 0.0229557148438
0 0.343876605469 0.475030255556 0.0228536916667 0.0165281140625
0 0.317247976562 0.477478864583 0.0310157208333 0.0220374859375
0 0.301178975781 0.482376083333 0.0277509083333 0.024792171875
0 0.645973810156 0.507678382639 0.140386948611 0.120287945313
0 0.126089488672 0.494345515278 0.071825875 0.0762129726563
0 0.80645513125 0.553928350694 0.275876679167 0.297506060938
