0 0.328930437109 0.392968456944 0.0187499861111 0.0118652257813
0 0.317065211719 0.392968456944 0.0187499861111 0.009228509375
0 0.300585730859 0.391796583333 0.0164062388889 0.0105468679688
0 0.296630655078 0.394140330556 0.0210937333333 0.00791015078125
0 0.290038863281 0.398827828472 0.0257812319444 0.013183584375
0 0.278832816016 0.40234345 0.0281249805556 0.0145019429688
0 0.144360252344 0.391796580556 0.0210937361111 0.0197753765625
0 0.0962401683594 0.418749688889 0.0890624388889 0.0949218101563
0 0.268945127344 0.389452834028 0.0117187402778 0.0105468671875
0 0.259057439063 0.384765335417 0.0164062375 0.0118652265625
0 0.308196256641 0.403850492361 0.0257812319444 0.0197753773437
1 0.427507697266 0.296144603472 0.0421874708333 0.0843749429688
