0 0.100128991016 0.650546502778 0.444334891667 0.200257982031
0 0.883517544922 0.72909125 0.228971966667 0.232918842969
0 0.577897112109 0.615339638889 0.121402977778 0.0805812257813
0 0.207769790234 0.654188591667 0.257374308333 0.176186067969
0 0.302691741797 0.639620234722 0.199100880556 0.101067977344
0 0.375078266406 0.629907997917 0.155395806944 0.09560484375
0 0.426295146094 0.608055461111 0.121402975 0.0833127921875
0 0.463854191406 0.601985311806 0.0946943236111 0.0437050703125
0 0.775252823828 0.67361306875 0.169964165278 0.131115213281
0 0.705597866797 0.65418859375 0.135971331944 0.0628260398437
0 0.682379547656 0.629907997917 0.101978498611 0.0546313390625
0 0.506876371484 0.605627403472 0.0388489513889 0.0259498867187
0 0.525314448047 0.603199343056 0.0339928305556 0.0136578351563
