0 0.527928488281 0.483296852778 0.0119017694444 0.0076511375
0 0.520755546875 0.485847231944 0.0204030333333 0.0086075296875
0 0.511191625 0.485847231944 0.0238035388889 0.0105203140625
0 0.503062291406 0.484997105556 0.0289042972222 0.009563921875
0 0.548490920312 0.480746473611 0.0170025277778 0.0066947453125
0 0.552794685156 0.483296852778 0.0221032861111 0.0076511375
0 0.559489430469 0.484997105556 0.0221032861111 0.0076511375
0 0.565227783594 0.485847231944 0.0272040444444 0.01147670625
0 0.576704489844 0.483296852778 0.045906825 0.017215059375
0 0.729727239844 0.534304436111 0.188728058333 0.135807690625
0 0.301741735547 0.476920904167 0.09181365 0.0927700429687
0 0.541078880469 0.478196094444 0.0170025277778 0.0086075296875
0 0.466958485938 0.516451781944 0.120717947222 0.08798808125
0 0.598462412109 0.479896347222 0.0646096055556 0.0449504335938
0 0.200364163672 0.713256040972 0.554282406944 0.400728327344
0 0.874142460547 0.568734554861 0.384257129167 0.251531146094
