0 0.450351404688 0.579374797917 0.0206249902778 0.008437496875
0 0.459843589063 0.580312297222 0.0337499888889 0.0147656203125
0 0.485683423438 0.58968729375 0.0337499875 0.0137109328125
0 0.421874851563 0.5728123 0.0487499833333 0.0337499875
0 0.403945170312 0.616874784722 0.0956249638889 0.0653906015625
0 0.469335773437 0.593437292361 0.0412499847222 0.0316406140625
0 0.503085761328 0.590624793056 0.0468749833333 0.0253124914063
0 0.333281132422 0.584999796528 0.0318749875 0.0253124914063
0 0.603281037891 0.614999784722 0.103124963889 0.0421874851562
1 0.133417921875 0.454687339583 0.907499681944 0.26683584375
1 0.709277095313 0.553124805556 0.313124891667 0.203554617187
