0 0.216881478906 0.317525825694 0.0185567041667 0.0208762921875
0 0.303866029297 0.310309329167 0.0247422722222 0.0185567039063
1 0.277770664063 0.316494897222 0.0494845444444 0.0498711421875
0 0.430283576172 0.306185617361 0.0288659847222 0.0394329960938
0 0.455799044141 0.314433041667 0.0206185611111 0.0231958804688
0 0.50914956875 0.309278402083 0.0309278402778 0.02783505625
1 0.549162461719 0.30000005 0.0247422722222 0.0475515546875
0 0.476095439453 0.319587681944 0.0391752638889 0.0266752617187
0 0.5224872 0.318556753472 0.0329896958333 0.0220360875
0 0.615850617188 0.30206190625 0.0329896986111 0.03015464375
0 0.689497536328 0.294845409722 0.0226804166667 0.0394329960937
0 0.702255270312 0.308247474306 0.0577319708333 0.041752584375
0 0.742848060547 0.317525825694 0.0804123847222 0.102061872656
