0 0.446942520313 0.461195460417 0.0238362569444 0.0121889953125
0 0.459740964453 0.469863186111 0.0281701222222 0.0182834945312
0 0.3366321125 0.480697849306 0.0325039902778 0.020721290625
0 0.295189526562 0.479614384722 0.108346625 0.0694772734375
0 0.255575292969 0.483948247222 0.0606741111111 0.0365669859375
0 0.235463451953 0.492615977778 0.0736757055556 0.0475370820312
0 0.166595628125 0.485031715972 0.1408506125 0.138954546875
0 0.0479497269531 0.511034903472 0.132182881944 0.0958994539063
0 0.0863450625 0.725561224306 0.504895273611 0.172690125
0 0.377465245312 0.483948252083 0.0910111652778 0.058507178125
0 0.499355198828 0.470946652083 0.0303370541667 0.0195023929688
0 0.513981994141 0.465529320833 0.0238362583333 0.0146267929688
0 0.524342640625 0.468779720139 0.0260031902778 0.0134078953125
0 0.538969433594 0.473113586806 0.0303370541667 0.0207212921875
0 0.559690726953 0.472030118056 0.0368378527778 0.0280346898437
0 0.595038814844 0.478530918056 0.0411717166667 0.025596890625
0 0.611493957031 0.480697850694 0.0455055819444 0.0292535890625
0 0.638919196875 0.489365581944 0.058507175 0.04997488125
0 0.728508313281 0.490449045139 0.112680490278 0.0999497625
0 0.819316327734 0.502367177083 0.149518340278 0.149924642969
