1 0.0930941496094 0.467041269444 0.306739536111 0.182289066406
0 0.971883423437 0.539826925694 0.161168234722 0.052639625
0 0.906083891797 0.478305716667 0.225288925 0.184238685156
0 0.341182746484 0.55888983125 0.185430115278 0.179364642969
0 0.562464125391 0.563222309722 0.194095072222 0.130624249219
0 0.764249351172 0.528562477778 0.253016791667 0.187163108594
0 0.215432533984 0.545025899306 0.0571887263889 0.0623877023438
0 0.258811482031 0.539826922917 0.0675866791667 0.0360678890625
0 0.300240816797 0.499968113889 0.0710526611111 0.0584884710937
0 0.423066604687 0.510366061806 0.0433247902778 0.0389923125
0 0.444512376953 0.505167086111 0.0259948777778 0.0214457710938
0 0.470832189062 0.499101618056 0.0346598361111 0.0214457734375
0 0.487403923437 0.499101618056 0.0346598361111 0.015596925
0 0.504463061328 0.50690008125 0.0571887263889 0.0341182742187
0 0.615103749609 0.48783716875 0.0329268402778 0.0155969242188
0 0.635574714844 0.497368624306 0.0519897513889 0.0428915453125
1 0.696987610156 0.4609758 0.117843436111 0.0760350125
