0 0.552392198828 0.448827816667 0.0234374805556 0.0118652273438
0 0.473290690625 0.462890308333 0.0281249833333 0.01450194375
0 0.454174492188 0.46406218125 0.0445312208333 0.023730453125
0 0.440331728906 0.462890307639 0.0562499597222 0.011865225
0 0.421874711328 0.46523405625 0.0562499597222 0.0224120929688
0 0.597216386328 0.4546871875 0.0257812333333 0.00922850859375
0 0.545800406641 0.455859061806 0.0234374847222 0.00922851015625
0 0.390893287109 0.473437174306 0.0679687013889 0.0435058320312
0 0.529980104297 0.455859061111 0.0281249805556 0.0237304523437
0 0.564916603906 0.469921550694 0.0609374541667 0.0382323953125
0 0.626879449609 0.457030935417 0.0351562236111 0.0250488101562
0 0.576122649609 0.454687188194 0.0492187152778 0.0316406023437
1 0.497021142578 0.441796570139 0.0562499597222 0.0316406023437
1 0.533276 0.432421577083 0.0515624625 0.0224120921875
1 0.608422432422 0.440624697917 0.0492187180556 0.0210937351563
0 0.874071665234 0.475780924306 0.447655948611 0.251806464844
