0 0.166704979297 0.568421322222 0.0317867194444 0.0178800289063
0 0.211405052734 0.570291129167 0.046745175 0.0399671242188
0 0.244009810547 0.55346286875 0.0243074902778 0.0273459273438
0 0.264519257422 0.561876997917 0.0224376847222 0.0241906273437
0 0.240328629687 0.571226032639 0.0373961402778 0.036811825
0 0.344979388281 0.556267579167 0.0261772972222 0.0168282625
0 0.360755885937 0.555332675694 0.0243074902778 0.0105176640625
0 0.373377082031 0.551593061806 0.0205678763889 0.0105176640625
0 0.384946513672 0.548788351389 0.0186980694444 0.0126211976562
0 0.460147812109 0.566551517361 0.0953601569444 0.0641577523438
0 0.587937433984 0.547853447917 0.0317867180556 0.0357600585937
0 0.69101054375 0.570291131944 0.0766620861111 0.0546918546875
0 0.658931667969 0.59085900625 0.0841413152778 0.0788824828125
0 0.530616163281 0.566551518056 0.0654432444444 0.04522595625
0 0.495907872266 0.554397772222 0.0299169111111 0.0157764960937
1 0.524305564844 0.543646381944 0.0841413138889 0.041018890625
0 0.303434615625 0.5939753625 0.1608034 0.097814278125
0 0.107280176172 0.727541894444 0.5201803 0.214560352344
0 0.824058997656 0.745492039583 0.327216223611 0.350238221875
0 0.410188907422 0.698746863194 0.289820081944 0.201939153906
0 0.579698617969 0.604259299306 0.106578995833 0.08519308125
