0 0.318227549609 0.575692926389 0.0315647777778 0.0163894023437
0 0.307984172656 0.578120985417 0.0267086513889 0.017755184375
0 0.290911879687 0.578120984722 0.0364208944444 0.0245841015625
0 0.175503176953 0.591475311806 0.0485611902778 0.0122920523437
1 0.0464366382812 0.599973518056 0.0849820833333 0.0928732765625
0 0.474473180859 0.574478894444 0.0291367138889 0.0218525351562
0 0.491545474609 0.556268447222 0.0121402972222 0.0177551867187
0 0.492911258203 0.572050836111 0.0194244777778 0.0122920492188
0 0.501105958203 0.572050836111 0.0194244777778 0.0150236164063
0 0.505886201953 0.570836804167 0.0267086555556 0.0109262679688
0 0.549591272656 0.575692926389 0.0315647777778 0.0218525359375
0 0.580867716406 0.582977103472 0.0461331319444 0.0368761546875
0 0.522821918359 0.584191134028 0.0582734263889 0.0491682054687
1 0.448386719141 0.54170009375 0.0898382041667 0.0368761539063
0 0.611597864063 0.585890765278 0.0451619222222 0.05736290625
0 0.641645101953 0.59026128125 0.0607014875 0.0573629054688
0 0.689447523828 0.589047253472 0.0922662625 0.0764838742187
0 0.752273562109 0.608471728472 0.0971223819444 0.109262677344
