0 0.486319732422 0.407240389583 0.144915229167 0.0780826101562
0 0.609879032422 0.422494623611 0.126610144444 0.0849470179687
0 0.720567569922 0.430121740278 0.0838982861111 0.0780826117188
1 0.875874744922 0.3599522625 0.358474508333 0.242828342969
0 0.0572943914062 0.426308181944 0.0457627027778 0.042044484375
0 0.0946195957031 0.433935299306 0.0305084680556 0.0343220273438
0 0.00666940195312 0.420206488194 0.0366101625 0.0111546585938
0 0.161547549609 0.440036994444 0.0457627027778 0.0394703320313
0 0.115641837891 0.432409874306 0.0366101625 0.0317478757813
0 0.559683067187 0.406477678472 0.0305084708333 0.036038128125
