0 0.560766372656 0.565720834028 0.0209576541667 0.0137024046875
0 0.545800851172 0.564087773611 0.0204133083333 0.00535849453125
0 0.607423528516 0.557283338194 0.0530746041667 0.0398059523438
0 0.61584401875 0.557963781944 0.0462701666667 0.0382749546875
0 0.644550233984 0.550478902083 0.0530746041667 0.0252614710938
0 0.431486336328 0.545715795833 0.117036305556 0.0551159351563
1 0.511098242188 0.538911359722 0.119758080556 0.06889491875
0 0.467847542969 0.526663375 0.0163306472222 0.01607548125
0 0.339243678516 0.576562580556 0.0462701694444 0.0390404539063
0 0.297141228906 0.583367018056 0.0326612944444 0.0451644453125
0 0.0995223570312 0.532528483333 0.409056141667 0.1990148125
0 0.460079904297 0.599497422917 0.134727840278 0.105638875781
