0 0.06823655 0.477439221528 0.0987805291667 0.122825789063
0 0.171078776562 0.468774261806 0.0745186430556 0.0926067453125
0 0.237365710547 0.463575286111 0.057188725 0.0672617414063
0 0.271971389063 0.454910328472 0.0433247930556 0.0389923140625
1 0.313400722656 0.439313402778 0.0849165944444 0.04581596875
0 0.356779672266 0.454910329861 0.0294608597222 0.0272946195313
0 0.377738040625 0.449711352083 0.0329268402778 0.0107228859375
0 0.839309554687 0.485237684722 0.145571305556 0.150120407813
0 0.756450887891 0.458376311806 0.1230424125 0.101380016406
0 0.68870174375 0.470507254167 0.0745186444444 0.055564046875
0 0.508849694531 0.462708790278 0.155969255556 0.085783090625
0 0.420629585156 0.43064844375 0.1334403625 0.06921135625
0 0.462546322266 0.44364588125 0.0485237680556 0.0185213492187
1 0.558077492578 0.439313401389 0.0606547111111 0.0185213492187
0 0.587321726953 0.464441782639 0.0311938513889 0.00877327109375
0 0.579523264063 0.460975799306 0.0277278680556 0.0087732703125
0 0.571237398438 0.460109303472 0.0329268402778 0.0077984625
