1 0.44975481875 0.404873113194 0.0230921069444 0.0169860203125
0 0.477232203516 0.412866534028 0.0106578930556 0.0139884867187
0 0.472236315625 0.421748113194 0.0142105263889 0.017985196875
0 0.450254406641 0.423524429861 0.0142105263889 0.0119901320312
0 0.435266742969 0.423524429861 0.0142105263889 0.01199013125
1 0.422777022266 0.408425746528 0.0159868458333 0.0169860195312
0 0.420279078125 0.430629692361 0.0142105263889 0.0159868421875
1 0.3718189625 0.41819548125 0.166973684722 0.0789350328125
1 0.298878995313 0.433294165972 0.143881579167 0.080933390625
0 0.516699720312 0.409313902778 0.0284210527778 0.024979440625
1 0.226938205469 0.49546521875 0.0976973680556 0.162865954688
0 0.140009751563 0.545202061111 0.140328947222 0.1848478625
0 0.880575239453 0.3668092125 0.16875 0.228811678906
0 0.971999992578 0.298421054167 0.0603947333333 0.0559539492188
0 0.463918164844 0.590625004861 0.339276318056 0.230810034375
0 0.0297754816406 0.675000004861 0.252236845833 0.0579523023437
