0 0.429402855859 0.359595783333 0.0190629083333 0.0302190429688
0 0.436713915234 0.374326213194 0.0242618847222 0.0272946195312
0 0.451336032812 0.380391684028 0.0294608597222 0.0370426984375
0 0.441587954297 0.391656129861 0.0207959013889 0.0331434664062
0 0.448899013281 0.408986046528 0.0277278652778 0.047765584375
0 0.447436801562 0.419383997917 0.0277278680556 0.0409419296875
0 0.465958150391 0.441912890972 0.0519897541667 0.0701861648438
0 0.484966903516 0.486970675694 0.0554557375 0.0731105882812
0 0.511286714844 0.541559914583 0.0606547097222 0.0926067453125
0 0.498126808984 0.568421286806 0.0554557375 0.0740853960937
0 0.533219891406 0.613479070833 0.100513519444 0.134523482813
0 0.0497152 0.562355814583 0.119576429167 0.0994304
