0 0.547865362109 0.536949050694 0.0122033875 0.00429025390625
0 0.541000956641 0.539237186111 0.0137288111111 0.00600635546875
0 0.532849475 0.539999897917 0.0122033875 0.0102966078125
0 0.493808169922 0.548389726389 0.0167796583333 0.0128707601562
0 0.523839942969 0.54381345625 0.0198305041667 0.00772245625
0 0.577468110547 0.54381345625 0.0198305041667 0.00858050703125
0 0.473643977734 0.549915149306 0.0167796569444 0.0223093179687
0 0.4539088125 0.55525413125 0.0213559263889 0.0137288109375
0 0.442325126953 0.556779555556 0.0213559277778 0.0163029632813
0 0.43074144375 0.559067689583 0.0289830430556 0.00686440625
0 0.420873860547 0.558304978472 0.0274576208333 0.0128707601562
0 0.347939553125 0.562881248611 0.0701694777778 0.0437605859375
0 0.318336803125 0.581186329861 0.0518643986111 0.0446186359375
0 0.175042339844 0.595677851389 0.0808474416667 0.089237271875
0 0.625089923828 0.559067690278 0.0930508305556 0.0248834695313
0 0.644396064063 0.5621185375 0.0899999833333 0.0600635484375
0 0.675714914062 0.575084636806 0.1098304875 0.081514815625
0 0.698453257031 0.582711755556 0.122033875 0.0531991421875
0 0.792838832813 0.60208465 0.227288091667 0.192203353125
0 0.911164043359 0.622372763194 0.302033840278 0.175900391406
0 0.283156726172 0.588050736111 0.07474575 0.0634957507812
0 0.394703314453 0.577372771528 0.0869491347222 0.0652118507812
0 0.511398208203 0.562881248611 0.0427118555556 0.0360381289062
