0 0.392842136328 0.548291509722 0.0361417416667 0.0370718601563
0 0.349193010156 0.548291509722 0.0318897722222 0.0382677265625
0 0.303750084375 0.548291510417 0.0531496236111 0.0502263921875
0 0.443068528516 0.545102532639 0.0382677263889 0.0275049289063
0 0.464594125 0.546165525 0.0233858333333 0.01315453125
0 0.477150723047 0.553606472917 0.0297637902778 0.0167421304688
0 0.506449451562 0.566362380556 0.0467716666667 0.017937996875
0 0.529768847266 0.574866320833 0.0552756083333 0.0430511929687
0 0.650633575391 0.61717340625 0.1313858375 0.131709739844
0 0.0699581886719 0.514275752778 0.121181136111 0.139916377344
0 0.892280816797 0.747921473611 0.340157575 0.210472499219
