0 0.453104627344 0.3271866625 0.0156480583333 0.0072016609375
0 0.445902963281 0.3271866625 0.0156480583333 0.0072016609375
0 0.441101855469 0.3243415625 0.0184931583333 0.0104024
0 0.434700378516 0.332876863889 0.0270284611111 0.0136031429687
0 0.430699453906 0.33785579375 0.0341412180556 0.0184042515625
0 0.412695296484 0.345679822917 0.0554794763889 0.0368084992187
0 0.400692525 0.355637677778 0.046944175 0.0368084984375
0 0.391090308594 0.372708286111 0.0583245805556 0.03520813125
0 0.366284578906 0.384088690278 0.0725500861111 0.0592136734375
0 0.46270684375 0.328609213889 0.0298735638889 0.015203509375
0 0.476710078516 0.325052836111 0.0227608083333 0.00960221640625
0 0.485912202734 0.330031763889 0.0241833583333 0.0104024023437
0 0.493513958594 0.335721967361 0.0327186680556 0.01280295625
0 0.507517192188 0.343545995833 0.0512118222222 0.0264060984375
0 0.515919132422 0.354926398611 0.0512118222222 0.0304070226563
0 0.534723473828 0.369151906944 0.0654373333333 0.0488112726563
0 0.911210408594 0.416096082639 0.1194942625 0.17604065
0 0.0398248109375 0.358323191667 0.145764016667 0.0782080015625
