0 0.577979207813 0.468929347917 0.0396725319444 0.0325173078125
0 0.561082959375 0.463261843056 0.0374055305556 0.0204030171875
0 0.607946138672 0.477430604861 0.0634760513889 0.0452691929688
0 0.545461899609 0.459294589583 0.0249370208333 0.0146646679688
0 0.643205094141 0.494886511806 0.0997480819444 0.0586586726562
0 0.525632733594 0.4510200125 0.030604525 0.0178526390625
0 0.257056758203 0.513475920833 0.170025138889 0.179163989844
0 0.412842291016 0.473916745139 0.0668765541667 0.0567458898437
0 0.494135560937 0.479017498611 0.102015083333 0.0765113125
0 0.744710109766 0.495339905556 0.190428155556 0.176613613281
