0 0.417385853125 0.466836945139 0.0367347097222 0.0198023046875
1 0.379257185547 0.440051218056 0.0306122611111 0.0344387914063
0 0.524545835547 0.450000202083 0.0122449041667 0.0103316382813
0 0.514214197266 0.450765506944 0.0137755138889 0.00860969765625
0 0.503021591406 0.450000201389 0.0153061305556 0.0120535765625
0 0.490537528125 0.450765506944 0.0168367416667 0.0094706671875
0 0.480205891406 0.454592040278 0.0244898083333 0.0163584265625
0 0.458251162109 0.458418572222 0.0260204194444 0.0189413351563
0 0.439740312891 0.459949186806 0.0321428736111 0.0146364867187
0 0.430700129297 0.463775720139 0.0306122597222 0.0120535757813
0 0.398198519922 0.47142878125 0.0428571625 0.0241071539063
0 0.371938942188 0.476020620833 0.0459183888889 0.0301339421875
0 0.322433180078 0.480612458333 0.0459183888889 0.0258290929688
0 0.272496933594 0.478316542361 0.0443877763889 0.0361607328125
0 0.227139489453 0.488217692361 0.0688775819444 0.0619898242188
0 0.28905984375 0.485969603472 0.0566326791667 0.044770428125
0 0.346744817578 0.479847152778 0.0535714527778 0.0499362460938
0 0.545854835937 0.44923489375 0.0137755152778 0.0094706671875
0 0.534231744531 0.450000201389 0.0153061305556 0.0120535765625
0 0.56350471875 0.459949185417 0.0352040986111 0.0189413359375
0 0.0363998828125 0.5159281625 0.136224552778 0.072799765625
