0 0.576598841016 0.563222311111 0.0173299166667 0.0107228867188
0 0.564413742969 0.568421286111 0.0138639333333 0.009748078125
0 0.557102683984 0.567554790278 0.0121309416667 0.0107228867187
0 0.531270276172 0.561489319444 0.0242618833333 0.0253450039062
0 0.477168440625 0.565821798611 0.0190629083333 0.03021904375
0 0.502026040625 0.565821798611 0.0121309416667 0.021445771875
0 0.547354605469 0.568421286111 0.0207959 0.0087732703125
0 0.602918652734 0.575353252778 0.0173299166667 0.00877327109375
0 0.579035860547 0.578819236806 0.0242618847222 0.0136473101563
0 0.608767499609 0.580552227778 0.0138639333333 0.0107228867188
