0 0.376709816797 0.427500292361 0.105882426389 0.0506250351562
0 0.420634478125 0.432794411806 0.137647154167 0.0878493234375
0 0.49582754375 0.440735595833 0.180000122222 0.134007445313
0 0.0938052109375 0.419294398611 0.0158823638889 0.014889715625
0 0.234513026953 0.422206170139 0.0502941513889 0.0312684039062
0 0.182399021875 0.412941457639 0.0211764875 0.01340074375
0 0.200266680469 0.418235577083 0.0317647263889 0.0223345734375
0 0.157192859375 0.415777589583 0.0238235458333 0.011911771875
0 0.0647702648438 0.428382642361 0.0238235458333 0.0253125171875
0 0.0126562582031 0.437206179861 0.0238235458333 0.0253125164063
0 0.691478427734 0.4447061875 0.338823761111 0.363309072656
0 0.977360975 0.57441215625 0.164117756944 0.0416912046875
