0 0.501801884766 0.608163554167 0.0183673527778 0.00947066953125
0 0.490178792187 0.605867634722 0.0198979666667 0.0120535765625
0 0.420009755859 0.621939070833 0.0397959361111 0.0180803664063
0 0.400207451172 0.622704377083 0.0382653236111 0.0284120023437
0 0.373517388672 0.625765604167 0.04132655 0.0198023054687
0 0.354145567188 0.630357441667 0.047449 0.0275510328125
0 0.329607930078 0.631888055556 0.0535714527778 0.0370217023438
0 0.280061174609 0.630393877083 0.0704081986111 0.0688775820312
2 0.291499766406 0.641873472222 0.0474489972222 0.0189413359375
0 0.640254046484 0.614541115278 0.0750000333333 0.0559630367188
0 0.9463288 0.5816329375 0.131632711111 0.1050383125
0 0.45385406875 0.624490100694 0.0857143236111 0.055102065625
0 0.544255896875 0.627551325694 0.131632709722 0.0895408578125
