0 0.559539703516 0.55109136875 0.0277278680556 0.0311938507813
0 0.504463060547 0.541559913889 0.0918485611111 0.0770098210938
0 0.441100550391 0.55629034375 0.0311938513889 0.0321686585937
0 0.392847561719 0.558023335417 0.0554557347222 0.0526396234375
0 0.251987828125 0.575353252778 0.0762516361111 0.0867578984375
0 0.124775404297 0.565821798611 0.147304297222 0.169616564844
0 0.772535217578 0.552824360417 0.0311938513889 0.0185213492188
0 0.796418010547 0.55629034375 0.0311938513889 0.0292442367187
0 0.823712629688 0.563222310417 0.0450577847222 0.0331434671875
0 0.889024755859 0.571020773611 0.0814506111111 0.0740853976562
0 0.962135344141 0.586617698611 0.0745186416667 0.0721357804687
0 0.0336308707031 0.6204110375 0.162901222222 0.0653121257812
