0 0.06713295 0.480472572917 0.544252118056 0.133937045313
0 0.202265861328 0.443267838889 0.312519769444 0.224822897656
0 0.335007039844 0.429448938889 0.144566969444 0.0717519875
0 0.363109902734 0.408189089583 0.127559090278 0.0825147867188
0 0.420511494141 0.411378065972 0.0574015902778 0.0418553273437
0 0.435459824609 0.401811134722 0.0552756055556 0.0430511945312
0 0.459377153516 0.394370188194 0.0446456819444 0.0215255960938
0 0.479108950781 0.39543318125 0.0297637902778 0.0155462640625
0 0.497644880859 0.393307195139 0.0297637875 0.0167421304688
0 0.522758076562 0.393307195139 0.0297637875 0.0167421296875
0 0.543685740625 0.397559165278 0.0467716666667 0.0298966625
0 0.565809269531 0.398409559028 0.0297637875 0.0167421296875
0 0.581355533984 0.395433180556 0.0425196972222 0.0191338632813
0 0.591520399219 0.395433180556 0.0425196972222 0.027504928125
0 0.607066663281 0.406063104167 0.0467716666667 0.027504928125
0 0.619623261328 0.410315073611 0.0467716638889 0.0191338632812
0 0.640550924219 0.406063104167 0.0552756055556 0.0370718609375
0 0.705127713672 0.425196968056 0.114803180556 0.108823847656
0 0.796611499609 0.437952877083 0.106299240278 0.0789271867187
0 0.892280817188 0.422007990972 0.163700831944 0.162637840625
0 0.923373344922 0.483661551389 0.270000075 0.150679174219
