0 0.432585371484 0.614020284722 0.0165306083333 0.00929846796875
0 0.417087926953 0.614938651389 0.0110204083333 0.00929846796875
0 0.409132566797 0.615765175694 0.0110204041667 0.00826530546875
0 0.401900424609 0.617601910417 0.0110204041667 0.00826530234375
0 0.395184865625 0.617601911111 0.014693875 0.005165815625
0 0.387952724609 0.618520278472 0.0128571402778 0.00929846796875
0 0.375554767969 0.620357013194 0.0165306097222 0.015497446875
0 0.359024158203 0.625867214583 0.0202040791667 0.0134311195312
0 0.350242272656 0.627703948611 0.0238775472222 0.01239795625
0 0.341976967969 0.630459049306 0.0293877486111 0.01446428125
0 0.330612174219 0.632295783333 0.02938775 0.0185969359375
0 0.320797126172 0.635050886111 0.0312244861111 0.0258290757812
0 0.255191271875 0.648826390278 0.055102025 0.0392601953125
0 0.231428521875 0.6598468 0.0551020305556 0.0392601953125
0 0.192168326562 0.665357002083 0.0697959041667 0.0557908046875
0 0.141543338281 0.681887610417 0.0808163097222 0.0723214140625
0 0.0749412183594 0.698352622222 0.0999708277778 0.0784465945312
0 0.44296865625 0.613010075 0.0165306111111 0.0103316296875
0 0.452525414063 0.614846808333 0.0165306083333 0.0092984671875
0 0.463890207812 0.615765175694 0.0183673430556 0.0134311203125
0 0.477321328125 0.616683542361 0.0275510152778 0.017563771875
0 0.492302191016 0.6203570125 0.0312244861111 0.0227295882813
0 0.522780500781 0.630459050694 0.0367346847222 0.019630096875
0 0.534661875781 0.628622315972 0.0367346847222 0.0206632609375
0 0.549642740234 0.634132519444 0.0477550916667 0.0340943820312
0 0.55584171875 0.6405610875 0.0459183583333 0.0196300984375
0 0.574955235547 0.639642720833 0.0624489638889 0.0351275429687
0 0.602850636719 0.647908028472 0.0716326402778 0.0578571296875
0 0.631262620703 0.659387614583 0.0808163069444 0.0557908054688
0 0.666390164844 0.673163120833 0.101020386111 0.0723214140625
0 0.748526626953 0.691530465972 0.163469348611 0.147742314844
0 0.872525564063 0.748244850694 0.198367306944 0.223201959375
0 0.955216621094 0.807990884028 0.220408118056 0.0867856984375
0 0.147742314844 0.5602039625 0.0477550916667 0.0382270328125
0 0.101766559375 0.5675509 0.0330612166667 0.043392846875
0 0.457503391016 0.676612211806 0.0991836513889 0.0702550867187
