0 0.222451366406 0.443835820139 0.1251844625 0.17604065
0 0.33007621875 0.450948574306 0.0512118263889 0.0408094234375
0 0.350480930469 0.442413269444 0.048366725 0.0528121953125
0 0.378487397266 0.440990719444 0.0398314194444 0.0320073914063
0 0.398091924219 0.438145617361 0.0256059125 0.0152035109375
0 0.436100700781 0.436723066667 0.0398314194444 0.0256059125
0 0.521193009766 0.439373547222 0.033264875 0.0304061742187
0 0.503650986328 0.438680528472 0.0291067652778 0.00935574609375
0 0.497803644922 0.437294492361 0.0263346930556 0.00857610078125
0 0.490786835547 0.436601473611 0.0249486555556 0.0101353914062
