0 0.388877574219 0.495437472222 0.0246677527778 0.0126141953125
0 0.378155507812 0.504407568056 0.03363785 0.0189212921875
0 0.360495638672 0.512256399306 0.0403654208333 0.0340583226562
0 0.332113700781 0.51786270625 0.0560630847222 0.032796903125
0 0.308146734375 0.524590277778 0.118853736111 0.0403654203125
0 0.228046602734 0.518183077083 0.204069623611 0.150108905469
0 0.4387036375 0.497679997222 0.0291528027778 0.0088299359375
0 0.450056411719 0.503286304861 0.0358803708333 0.018921290625
0 0.458886348828 0.514498921528 0.0403654180556 0.0290126460938
0 0.411583122266 0.518983968056 0.0897009361111 0.0529796132812
0 0.531417963672 0.533560370833 0.118853741667 0.0555024507813
0 0.573044803125 0.549258034722 0.145764016667 0.0983907125
0 0.701709579687 0.5720036375 0.262375233333 0.22453265
