0 0.0198809605469 0.461550129861 0.0693018208333 0.0397619210937
0 0.0756256121094 0.46016409375 0.0665297486111 0.0654902210937
0 0.148132642187 0.46778729375 0.0568274930556 0.0764052578125
0 0.372280721094 0.474024458333 0.0249486583333 0.0194911375
0 0.302892273438 0.4761035125 0.0263346916667 0.0257283015625
1 0.553548297656 0.445610710417 0.250872593056 0.135658315625
0 0.46778729375 0.465015219444 0.109496877778 0.040541565625
0 0.650224338281 0.544019298611 0.206519427778 0.152810515625
0 0.815119359375 0.590451516667 0.232854119444 0.205046764063
0 0.206606054687 0.473331438889 0.048511275 0.038982275
0 0.433093069141 0.454619947222 0.0498973111111 0.0397619210937
