0 0.521537026562 0.57783650625 0.0232189986111 0.02374670625
0 0.500164992187 0.577836509722 0.0358839111111 0.028496046875
0 0.485323301172 0.584168965278 0.0443271833333 0.0249340414062
0 0.461042315234 0.583641259028 0.0696570041667 0.0368073929687
0 0.422928828516 0.587862896528 0.103430098611 0.0783641304687
0 0.312467076953 0.611081896528 0.1920844625 0.162664935156
0 0.600316731641 0.578153148611 0.0316622722222 0.0166226945313
0 0.608628078125 0.5823747875 0.0443271833333 0.0142480234375
0 0.613377419922 0.585541014583 0.0464380041667 0.0166226945313
0 0.618720428516 0.588707242361 0.0485488208333 0.0154353601562
0 0.628100369531 0.587862896528 0.0548812736111 0.0201846984375
0 0.644129396484 0.593139943056 0.0654353666667 0.0308707179687
0 0.678562119141 0.594195351389 0.101319277778 0.0688654476563
0 0.742480347656 0.613896329167 0.151275322222 0.123482870313
0 0.838994614453 0.671592033333 0.200527741667 0.188279191406
0 0.932849769531 0.724010676389 0.333509291667 0.130606882812
