0 0.367981800391 0.4903756125 0.0444664138889 0.0740365804688
0 0.434014425781 0.489486284028 0.0462450708333 0.066032625
0 0.292944726172 0.497490239583 0.0942687986111 0.0560276820313
0 0.251424211719 0.50193688125 0.0853755180556 0.0410202671875
0 0.232915066797 0.515276805556 0.112055366667 0.0640316367187
0 0.176887384375 0.533952698611 0.1351779 0.104051409375
0 0.0699345476562 0.540177995833 0.233004011111 0.139869095312
0 0.467030739063 0.493932926389 0.0729249194444 0.026012853125
0 0.488041119141 0.509940834722 0.0978261138889 0.0300148320312
0 0.520557184766 0.516166131944 0.142292525 0.0610301539062
0 0.572582888281 0.538399340278 0.208102819444 0.123060801563
0 0.700646161719 0.619328215972 0.334387440278 0.311153734375
0 0.863726737891 0.627332169444 0.663438902778 0.271133961719
