0 0.456745986328 0.58533228125 0.0298893097222 0.0224169804687
0 0.396500351172 0.584086892361 0.0273985319444 0.0252191039062
0 0.295623935547 0.611485424306 0.0772140458333 0.0448339617188
0 0.497376764844 0.584086892361 0.0323800819444 0.025219103125
0 0.265501117969 0.605258486806 0.0448339625 0.0294222875
0 0.522595867969 0.58533228125 0.0448339597222 0.0280212265625
0 0.540109134375 0.597786159722 0.0547970666667 0.0350265328125
0 0.595451056641 0.631411630556 0.171863522222 0.0896679242188
0 0.625573874609 0.661300938194 0.221679034722 0.0798604945313
0 0.430125821484 0.600276933333 0.0547970638889 0.0448339617188
0 0.355869573047 0.617712363194 0.0946494736111 0.0896679226563
0 0.198950707031 0.617712363194 0.0946494736111 0.100876415625
0 0.805084833984 0.693858940278 0.592804608333 0.389495042969
