0 0.327752345313 0.356215255556 0.008733825 0.01684380625
0 0.15012040625 0.441974386806 0.150307551389 0.116643370313
0 0.340385198828 0.440434270139 0.0149722680556 0.00701825234375
0 0.354070788672 0.44292965 0.0124768916667 0.0105273789062
0 0.373370979297 0.440434270833 0.019963025 0.0126328523438
0 0.440395280859 0.448544250694 0.0112292013889 0.00912372578125
0 0.506156305078 0.427957378472 0.0424214291667 0.0252657054688
0 0.538440263281 0.443553493056 0.0386783611111 0.0463204578125
0 0.258131281641 0.445425027778 0.0723659722222 0.0645679148438
0 0.408321862891 0.449837084722 0.0934863972222 0.0631642617188
0 0.48868084375 0.44355349375 0.0586413875 0.0400040328125
0 0.588340013281 0.457901920139 0.0873382402778 0.0652697390625
0 0.0696912273438 0.466011899306 0.210859470833 0.138259554688
0 0.88879136875 0.520910222222 0.270748547222 0.218969446875
0 0.465590800781 0.451663473611 0.00998151111111 0.0084219015625
