0 0.363077551172 0.534842757639 0.0174676486111 0.00982555234375
0 0.351497436328 0.537338135417 0.0224584041667 0.0161419789063
0 0.340970060938 0.536714290972 0.0162199597222 0.00772008125
0 0.332899069922 0.542328892361 0.0224584041667 0.0182474539062
0 0.318160741797 0.541705047917 0.0286968513889 0.0126328523438
0 0.2992114625 0.540457361806 0.0686229097222 0.0350912578125
0 0.276753059766 0.553558094444 0.0623844583333 0.0477241148437
0 0.263067467188 0.514255886111 0.0262014722222 0.0357930828125
1 0.38764143125 0.520494331944 0.0237060944444 0.0224584046875
0 0.379219529688 0.55147860625 0.0573937013889 0.0364949078125
0 0.441331055078 0.555845518056 0.116035091667 0.0919390945313
0 0.163174347266 0.545864001389 0.203373325 0.178965413281
0 0.754637492187 0.574097106944 0.216777736111 0.224584048438
0 0.956236766406 0.641355116667 0.203537094444 0.08492084375
2 0.0444255253906 0.561460119444 0.139741186111 0.0484259398438
