0 0.604832574219 0.401546456944 0.0309278388889 0.0197164984375
0 0.477835130859 0.394329961806 0.0206185597222 0.0208762929687
0 0.456378941797 0.414948521528 0.0453608319444 0.0382732023437
0 0.2128222 0.425257802083 0.0536082569444 0.05451031875
0 0.145554148047 0.457216570139 0.1587629125 0.110180430469
0 0.276610869922 0.434536154167 0.105154655556 0.0939433132812
0 0.401288725781 0.42216501875 0.105154656944 0.069587640625
0 0.531185654297 0.468556777778 0.202061888889 0.141494867969
0 0.657023304297 0.414948520833 0.0989690888889 0.0730670226562
0 0.791849357812 0.430412442361 0.204123745833 0.172809307813
0 0.0488829582031 0.456297116667 0.220051991667 0.0970794757813
0 0.902899633594 0.4807560875 0.303092833333 0.191366010937
