0 0.545652038281 0.445755117361 0.0203773763889 0.0214917640625
0 0.565711018359 0.443207945139 0.0305660652778 0.0157606273438
0 0.578606077344 0.444481529861 0.0280188958333 0.0186261953125
0 0.590784744141 0.453396632639 0.0407547513889 0.0171934117187
0 0.616574860156 0.462311736111 0.0687736472222 0.0429835265625
0 0.478311176172 0.457217390278 0.0483962666667 0.0100294898438
0 0.677468194531 0.483962697917 0.147735984722 0.0902654109375
0 0.818836229297 0.579906194444 0.295471963889 0.253602822656
0 0.364882404687 0.51283065625 0.132452948611 0.091698196875
0 0.0472818820312 0.663113807639 0.365094654167 0.0945637640625
0 0.274378195703 0.563349573611 0.165566186111 0.150442352344
0 0.452759841016 0.474623074306 0.0764151625 0.0458490992188
0 0.507683241406 0.465707970833 0.0942453694444 0.057311371875
0 0.928205447266 0.727217634028 0.5374533125 0.141845647656
