0 0.472457741797 0.358753336111 0.0204030333333 0.00765113828125
0 0.482978054687 0.357053083333 0.0204030333333 0.013389490625
0 0.493020173438 0.3596034625 0.0221032861111 0.0124330984375
0 0.500193114453 0.361303715278 0.0323048027778 0.00956392109375
0 0.508800644531 0.363854094444 0.0374055611111 0.0229534125
0 0.526493901172 0.3672546 0.0544080888889 0.0200842367188
0 0.540361586719 0.368104725694 0.0697103652778 0.017215059375
0 0.565705980078 0.3672546 0.0952141555556 0.0545143554687
0 0.607309039844 0.379156369444 0.115617188889 0.078424159375
0 0.420334367969 0.361303715278 0.0323048027778 0.0200842359375
0 0.407423073047 0.361303715278 0.0187027805556 0.00573835390625
0 0.399771934375 0.365554348611 0.0136020222222 0.009563921875
0 0.338084638281 0.362153840972 0.0442065708333 0.0162586671875
0 0.300307147656 0.371505231944 0.0561083416667 0.0363429046875
0 0.201798750781 0.383407000694 0.0969144097222 0.0612091
0 0.151588160937 0.396158897222 0.115617188889 0.0602527078125
2 0.270180792969 0.385107253472 0.0425063208333 0.0468632171875
0 0.368210993359 0.363854094444 0.0850126388889 0.0497323945313
0 0.449504329297 0.368954853472 0.0748111208333 0.0459068242187
0 0.6855419375 0.401259658333 0.156423255556 0.131982120312
0 0.0640782765625 0.391908265278 0.195529069444 0.128156553125
