0 0.365185295703 0.316405997222 0.0187499861111 0.0210937351562
0 0.340795664453 0.332812234722 0.0140624888889 0.0171386601562
0 0.353320069922 0.362109091667 0.0773436972222 0.0369140367187
0 0.326293720703 0.360937218056 0.0609374583333 0.0329589617188
0 0.406054408594 0.356249719444 0.117187419444 0.081738225
0 0.297289834375 0.363280964583 0.103124929167 0.0619628484375
0 0.227416836328 0.366796588194 0.133593656944 0.127880771094
1 0.435717473828 0.298660497222 0.037499975 0.0461425460937
1 0.510204727344 0.263504269444 0.0234374833333 0.05537105625
0 0.163476450391 0.395926054861 0.142968651389 0.121288978906
0 0.497861592187 0.369609113889 0.189843619444 0.125244054688
0 0.069963634375 0.400077843056 0.269531063889 0.13992726875
