0 0.0442737457031 0.531125172917 0.0790447402778 0.0885474914062
0 0.173471121484 0.546098352083 0.0665297486111 0.0506769570313
0 0.741832682422 0.54055420625 0.124743281944 0.119285760156
0 0.434652359766 0.525307806944 0.0582135305556 0.0350840476562
0 0.469736407813 0.521149696528 0.0415810930556 0.0272875921875
0 0.669325652734 0.541940242361 0.0803901152778 0.0506769570312
0 0.635411073828 0.535010059722 0.0609856 0.0311858195312
0 0.493905417969 0.519070640972 0.0318788375 0.0226097203125
0 0.129421150781 0.529465914583 0.0498973097222 0.04210085625
0 0.241690101953 0.521842714583 0.0318788375 0.0358636914063
