0 0.403119307812 0.587862397222 0.0187027805556 0.0076511375
0 0.412205033984 0.587012270833 0.0136020222222 0.00669474609375
0 0.418899779297 0.585312020139 0.0204030347222 0.0143458820312
0 0.418899778516 0.595513534722 0.03060455 0.0181714507812
0 0.3720365625 0.591262902083 0.0255037902778 0.0143458828125
0 0.351952325391 0.595513536111 0.0272040444444 0.0219970195312
0 0.237663459766 0.596363661806 0.0153022708333 0.0143458820313
0 0.130547533984 0.638869981944 0.219332608333 0.203711536719
0 0.332059365234 0.599339106944 0.045906825 0.0344301195312
0 0.270372069141 0.610390749306 0.0884131458333 0.0640782773438
1 0.387530111328 0.578085946528 0.0646096069444 0.0286917664062
0 0.429611368359 0.598488977083 0.0340050541667 0.0267789804688
