0 0.118681251172 0.663296329167 0.0843955583333 0.0830768742187
0 0.166153751953 0.642197440972 0.0808790763889 0.0791208351563
0 0.218571305859 0.648351282639 0.0545054652778 0.0395604164063
0 0.308076750391 0.632527116667 0.033406575 0.0187911992187
0 0.397087688281 0.623735913194 0.0263736097222 0.016813178125
0 0.379285500781 0.624615032639 0.0457142597222 0.0227472390625
0 0.631483162109 0.634724919444 0.0843955583333 0.0484615117187
0 0.675988630859 0.642637001389 0.0896702805556 0.0741757835937
0 0.750658919141 0.651428202778 0.135384538889 0.116703230469
0 0.849889670703 0.648204772917 0.158241670833 0.130549375781
0 0.0445054695313 0.673406215278 0.105494444444 0.0890109390625
0 0.892483037891 0.750768809028 0.323516304167 0.213626252344
0 0.274450395313 0.633845797917 0.0615384263889 0.046483490625
0 0.3471426625 0.643516121528 0.0843955569444 0.0672527109375
0 0.477362373047 0.661391605556 0.251428430556 0.155604317969
0 0.551702995312 0.632966675694 0.0879120375 0.01483515625
1 0.608241416406 0.604834825 0.123076855556 0.07516479375
