0 0.318383571094 0.505312149306 0.0703124513889 0.056689415625
0 0.418578813281 0.495937156944 0.0234374833333 0.0065917921875
0 0.434399115625 0.500624651389 0.0468749694444 0.03032224375
0 0.473949869531 0.509999643056 0.0609374583333 0.0303222453125
0 0.479223303125 0.519374640972 0.0703124513889 0.0250488109375
0 0.467358077344 0.499452775694 0.0726561986111 0.0382323953125
0 0.511523085547 0.51703089375 0.0984374319444 0.0632812054687
0 0.533935180078 0.533437130556 0.0984374305556 0.0527343398437
0 0.585377391016 0.545727163194 0.145312398611 0.101513602344
0 0.697437861328 0.575024019444 0.236718586111 0.206982278906
0 0.847730726953 0.6758052 0.396093480556 0.301904088281
