0 0.784720316406 0.365661255556 0.0450577861111 0.0370426984375
0 0.853951661719 0.372292427083 0.0317954430556 0.02538498125
0 0.759862715234 0.374326213194 0.0346598347222 0.0224205789062
0 0.742316175391 0.376059204861 0.0381258180556 0.0204709664063
0 0.72535435625 0.38234458125 0.0394190013889 0.0309992125
0 0.690163955469 0.391656129861 0.0346598347222 0.0194961578125
0 0.432327279688 0.414185024306 0.0554557347222 0.0848082828125
0 0.373351404297 0.41505151875 0.0641206930556 0.107228863281
0 0.6584827 0.394255618056 0.0502567611111 0.051664815625
0 0.874890042187 0.394255617361 0.0398588097222 0.0321686578125
0 0.80519128125 0.385590657639 0.0433247930556 0.0350930828125
0 0.0584884707031 0.42804895625 0.121309420833 0.116976941406
