0 0.465473576953 0.295986161806 0.0163141986111 0.0126180117188
0 0.439090459766 0.29831676875 0.0244712986111 0.0149121976563
0 0.398368690625 0.296277494444 0.0570996944444 0.027530209375
0 0.420736985937 0.308513142361 0.0367069458333 0.0309714859375
0 0.384603585547 0.308513142361 0.0448640458333 0.0229418414063
0 0.368544296484 0.310552417361 0.0489425958333 0.0229418414063
0 0.349617277734 0.313611329861 0.0632175180556 0.0378540382813
0 0.332984442578 0.317689878472 0.0591389680556 0.0412953148438
0 0.300865864062 0.325846978472 0.0795317180556 0.0481778671875
0 0.260144095703 0.334004077778 0.0958459166667 0.0722668007812
0 0.161494176953 0.3424525 0.132552861111 0.147974877344
0 0.494150879688 0.29219894375 0.0163141986111 0.0103238296875
0 0.504474707813 0.297588454861 0.0224320208333 0.01720638125
0 0.518239813281 0.29933640625 0.0224320236111 0.0103238296875
0 0.533725555859 0.301375680556 0.0346676722222 0.0252360257812
0 0.536019739844 0.30749350625 0.0346676736111 0.0137651046875
0 0.554946758984 0.306473868056 0.0530211444444 0.0332656695313
0 0.560108673438 0.318709516667 0.0570996944444 0.0206476578125
0 0.579035692578 0.315650605556 0.0713746194444 0.0355598539063
0 0.597389165625 0.328905890278 0.0938066388889 0.0378540375
0 0.624919375781 0.331924856944 0.124315872222 0.0653842484375
0 0.662199868359 0.350318276389 0.144788511111 0.0894731820312
0 0.818941809375 0.366632473611 0.307930494444 0.287920110937
0 0.920459458203 0.45053406875 0.4390267375 0.156004522656
0 0.479489585938 0.295118308333 0.0150887555556 0.0139792890625
