0 0.496971731641 0.470103170139 0.0226804152778 0.0104381460937
0 0.512628950391 0.469072242361 0.0164948486111 0.0139175289062
0 0.525386684766 0.464948530556 0.0164948472222 0.0115979398438
0 0.484793894531 0.472165026389 0.0268041277778 0.013917528125
0 0.477255233594 0.479381521528 0.0371134069444 0.015077321875
0 0.463337705469 0.483505234722 0.0494845444444 0.024355675
0 0.448840280078 0.507216578472 0.0721649597222 0.0231958804687
0 0.423324811719 0.522680498611 0.111340225 0.0603092875
0 0.361275832812 0.548453699306 0.171134051389 0.121778370312
0 0.628631428125 0.526482045833 0.129896927778 0.045231965625
0 0.680242261719 0.5584408125 0.169072191667 0.104381459375
0 0.223260345312 0.594845459722 0.278350563889 0.265592825
0 0.784754990234 0.604238523611 0.250701986111 0.210489146094
0 0.0704690242187 0.667719181944 0.354639233333 0.140938048437
0 0.905818410547 0.675000277083 0.538960426389 0.186719263281
0 0.524249967969 0.486275852778 0.0494845416667 0.0289948515625
1 0.539556142578 0.461842295139 0.0225288930556 0.0165717335937
0 0.553203452344 0.471373749306 0.0207959013889 0.0107228859375
