0 0.0912185222656 0.768557197917 0.458778056944 0.180877753906
0 0.230775064844 0.614707154861 0.383932090278 0.377348417188
0 0.456482434375 0.526693842361 0.155236081944 0.122404342188
0 0.507939036328 0.492735948611 0.0845482194444 0.0569141210937
0 0.837729078125 0.539168170139 0.152464006944 0.2050467625
0 0.753137542969 0.490656894444 0.0831621861111 0.096676040625
0 0.6330721375 0.465015220833 0.0512833472222 0.0343044015625
0 0.615530114062 0.458778056944 0.0388090194444 0.021050428125
0 0.544192551953 0.456005984028 0.0332648736111 0.0296265289062
0 0.565866686719 0.450461838194 0.0304928013889 0.0093557453125
