0 0.303403719141 0.349687251389 0.0421874694444 0.0263671695313
0 0.336362680078 0.335624761806 0.0421874708333 0.0369140367188
0 0.358115594141 0.354374749306 0.0515624652778 0.0355956773438
0 0.413486650391 0.349687252778 0.0515624638889 0.0355956789062
0 0.463584272266 0.380155983333 0.0562499611111 0.0461425460937
0 0.578940637891 0.415312207639 0.0796874458333 0.0237304523437
0 0.171567871094 0.356718497917 0.121874915278 0.076464790625
0 0.453696583594 0.328593516667 0.0281249805556 0.0210937359375
0 0.392392914453 0.403593466667 0.103124927778 0.0698729976562
0 0.524887940625 0.4246872 0.135937405556 0.10019524375
0 0.264512143359 0.374296611806 0.105468676389 0.0672362820312
0 0.0832378539062 0.415312206944 0.135937405556 0.166113167187
1 0.782627021875 0.465702797917 0.508593401389 0.4337399375
