0 0.425612255078 0.444161444444 0.0169964166667 0.0109262679687
0 0.418100444531 0.442947414583 0.0194244763889 0.009560484375
0 0.411271528906 0.452659651389 0.019424475 0.01502361875
0 0.420149120703 0.476940246528 0.0339928319444 0.0245841023438
0 0.446099007031 0.467228008333 0.0339928333333 0.0163894015625
0 0.498681670703 0.489080545139 0.0388489513889 0.0204867523438
0 0.506876371484 0.492722634028 0.0461331291667 0.0204867523437
0 0.524631556641 0.493936665278 0.0631295472222 0.0259498851562
0 0.552630117969 0.500006813194 0.0704137263889 0.0464366375
0 0.350494162891 0.466013979167 0.0752698444444 0.0546313382812
0 0.297911500781 0.48543845625 0.104406559722 0.086044359375
0 0.248060403125 0.472084128472 0.0825540236111 0.032778803125
0 0.205721116016 0.472084129167 0.111690738889 0.0901417101563
0 0.142895075 0.48908054375 0.0776979041667 0.0464366375
0 0.017499090625 0.464799950694 0.0582734291667 0.03499818125
