0 0.121206173437 0.436668705556 0.128960102778 0.121206173438
0 0.342652305859 0.386336184028 0.0195888763889 0.0137734289062
0 0.385809049219 0.381438964583 0.0130592513889 0.00826405625
0 0.373872077344 0.382255168056 0.0179564722222 0.0101005140625
0 0.359639533984 0.386336184028 0.0261185041667 0.0165281148438
0 0.313728103906 0.394498215278 0.0424425666667 0.031219771875
0 0.421773006641 0.374909339583 0.0163240625 0.0110187429687
0 0.428659719922 0.378174152083 0.0261185013889 0.00826405703125
0 0.441974035156 0.384703777778 0.0391777527778 0.020201028125
0 0.491558378516 0.379806556944 0.0391777527778 0.0202010289062
0 0.405857034375 0.390961325694 0.0473397847222 0.029383315625
0 0.467837464062 0.384431702083 0.0571342236111 0.0394838296875
0 0.550478037109 0.409461930556 0.195344625 0.125797316406
0 0.862339543359 0.398118481944 0.255366325 0.262859178906
