0 0.502050910547 0.398175092361 0.0234596986111 0.0131960820313
0 0.513447526172 0.393909693056 0.0362559 0.0167950117187
0 0.523644498437 0.40137414375 0.0469193986111 0.02039394375
0 0.543438620312 0.400307793056 0.0533175 0.0311907375
0 0.441468901562 0.397108743056 0.0255923972222 0.0167950125
0 0.413877095703 0.394976043056 0.0383886 0.0335900273438
0 0.383286180078 0.393909692361 0.0618483013889 0.0251925195312
0 0.325703279297 0.403080301389 0.1194312 0.0971711445312
0 0.583026863672 0.418542376389 0.0938388 0.0815757742188
0 0.0635961054687 0.453838559028 0.238862398611 0.126232495312
0 0.992260065234 0.440402550694 0.100236898611 0.0154798695313
