0 0.689786432031 0.486806902778 0.096311975 0.0762129734375
0 0.767945184375 0.496251539583 0.1567110125 0.134061375
0 0.519564351563 0.463603409722 0.0261185027778 0.013773428125
0 0.539032699609 0.448911752083 0.0555018180556 0.0354397898437
0 0.487426336719 0.455441377083 0.0293833152778 0.0137734296875
0 0.507168251172 0.451360361111 0.0212212833333 0.0110187429687
0 0.561329838281 0.451902950694 0.0457073791667 0.0211192578125
0 0.587958467969 0.456206569444 0.0489721916667 0.0339744578125
0 0.456206564453 0.475574392361 0.133857320833 0.0743765148438
0 0.889558477344 0.546039930556 0.213845233333 0.220883045312
