0 0.360588805078 0.532511934028 0.0166409986111 0.00819049140625
0 0.340112577344 0.523151371528 0.0145608708333 0.0117007015625
0 0.324901665234 0.531471870833 0.0145608722222 0.0163809835937
0 0.318466279297 0.541872495139 0.0145608736111 0.0198911929688
0 0.317296210156 0.557473430556 0.0166409972222 0.0222313328125
0 0.354738453906 0.530431809028 0.0166409986111 0.008190490625
0 0.350058173438 0.548112869444 0.0145608722222 0.01053063125
0 0.371704471875 0.55331318125 0.0166409986111 0.0140408421875
0 0.373459576563 0.572034304861 0.0208012486111 0.012870771875
0 0.337772436719 0.55331318125 0.0208012486111 0.0163809828125
0 0.357663630078 0.556433368056 0.0145608722222 0.0117007023438
0 0.292139700781 0.583474989583 0.0270416208333 0.0163809828125
