0 0.286234061328 0.648944884722 0.0151898666667 0.0104430351562
0 0.292879627344 0.649788768056 0.0168776333333 0.012341765625
0 0.304746712109 0.647257120139 0.0253164458333 0.0189873320313
0 0.318037845703 0.646413240278 0.0337552611111 0.0170886007812
0 0.332753030078 0.647257122222 0.0523206555556 0.0218354351562
0 0.362658080469 0.648944886111 0.0759493361111 0.047468334375
0 0.37120238125 0.671729683333 0.0573839416667 0.028481003125
0 0.398734015625 0.673417447222 0.0708860472222 0.04936706875
0 0.441550460156 0.693670603472 0.0675105208333 0.0636075703125
0 0.0992088207031 0.769258289583 0.460759306944 0.198417641406
0 0.985519431641 0.7869798 0.0945147277778 0.0278208117187
0 0.928431900781 0.76656424375 0.1117171625 0.141493757813
0 0.243401811328 0.645245930556 0.0187027805556 0.0105203132813
0 0.259182282422 0.661398331944 0.0646096055556 0.0420812554687
