0 0.492584266797 0.486627563889 0.0224252333333 0.0138756132812
0 0.505198460156 0.506810274306 0.0403654208333 0.0264898078125
1 0.533580397266 0.461959807639 0.0493355125 0.0378425820313
0 0.644585301562 0.466444854167 0.0179401861111 0.0605481296875
0 0.563223751953 0.521386676389 0.163704202778 0.0895607757813
0 0.518443364844 0.526992984028 0.0941859791667 0.0277512265625
0 0.616581794922 0.556145788194 0.170431773611 0.136233292969
0 0.233362584766 0.506810275694 0.0605481291667 0.0327969039062
0 0.285080779297 0.570722189583 0.0897009347222 0.0782080007813
0 0.135602582812 0.548296957639 0.215282240278 0.271205165625
0 0.175853335156 0.718658652083 0.430564484722 0.351706670312
1 0.370947398047 0.437772594444 0.352076163889 0.253545296094
0 0.831455574219 0.582415348611 0.457474758333 0.335537554688
