0 0.948819326563 0.516552766667 0.0326842194444 0.019184215625
0 0.908452539844 0.532184349306 0.0184736875 0.03117435
0 0.835312717578 0.530763296528 0.0241579013889 0.0335723773438
0 0.729000189453 0.527210663194 0.0255789513889 0.0335723773438
0 0.684237021484 0.541421195139 0.0397894875 0.0399671164063
0 0.631080757031 0.524368559028 0.0454736958333 0.047161196875
0 0.599107064453 0.549947511806 0.0596842263889 0.0519572507812
0 0.546750143359 0.534315929167 0.0511579083333 0.0463618539062
1 0.634112503516 0.487837170139 0.0294608569444 0.0614128945313
1 0.798367625781 0.510366063194 0.0571887263889 0.0448411609375
