0 0.398040950391 0.558761295833 0.0244712972222 0.0126180132813
0 0.375672654687 0.557741658333 0.0550604194444 0.0206476578125
0 0.356745635156 0.565898757639 0.0713746180556 0.0240889328125
0 0.322906419531 0.57609513125 0.104003015278 0.0458836828125
0 0.254654441016 0.590370054861 0.181495456944 0.120444667969
0 0.463425198438 0.576095131944 0.0305891222222 0.0126180125
0 0.478910941797 0.566918395139 0.0448640458333 0.0229418414063
0 0.483499309375 0.58323259375 0.0163141986111 0.022941840625
0 0.503573421875 0.567938032639 0.0713746180556 0.02638311875
0 0.516191433594 0.57303621875 0.0652567930556 0.0240889328125
0 0.532250723047 0.57405585625 0.0672960680556 0.0263831179688
0 0.555192564453 0.586291505556 0.112160113889 0.0355598539063
0 0.576987314063 0.596487879167 0.104003013889 0.0562075109375
0 0.622870997266 0.626057363889 0.134592136111 0.102091194531
0 0.123025625 0.619939539583 0.362990915278 0.24605125
0 0.0160592886719 0.813670645833 0.203927480556 0.0286773007813
0 0.903908555078 0.7718655125 0.393580036111 0.189270191406
0 0.442203995312 0.574055856944 0.0224320222222 0.0137651046875
0 0.411232509375 0.57201658125 0.0142749236111 0.0137651046875
