0 0.440856848047 0.491303154167 0.0173299166667 0.0175465414063
0 0.424772519531 0.494769136111 0.0207958972222 0.012672503125
0 0.412100016797 0.496502130556 0.0346598361111 0.0146221179688
0 0.393578667578 0.492169650694 0.0502567597222 0.0282694257812
0 0.3726203 0.493036145833 0.05198975 0.0311938515625
0 0.316568847656 0.499101617361 0.0918485625 0.106254054687
0 0.287812016797 0.506900078472 0.0901155680556 0.0916319382813
0 0.160599592578 0.516431534722 0.185430116667 0.316812549219
0 0.125019106641 0.53809393125 0.187163106944 0.241752347656
0 0.0923630433594 0.5840182125 0.265147736111 0.182289066406
0 0.486672816406 0.507766575694 0.1126444625 0.0760350109375
0 0.648978323047 0.514698544444 0.0849165972222 0.0682365492188
0 0.708929005859 0.51296555 0.123042411111 0.0945563617188
0 0.790812865234 0.539826921528 0.142105318056 0.154994447656
0 0.920949711328 0.553690855556 0.266880725 0.157918869531
