0 0.354374876562 0.434330208333 0.0431249861111 0.0337499875
0 0.379687366797 0.439017707639 0.0449999847222 0.0253124898437
0 0.476718583984 0.4483927 0.0149999888889 0.0126562476563
0 0.463534994922 0.447455202778 0.0243749916667 0.0116015601562
0 0.251542880469 0.418392715278 0.0449999888889 0.034804675
1 0.203627124219 0.409017718056 0.0487499833333 0.044441875
0 0.325370978906 0.422142711806 0.0187499930556 0.0137109328125
0 0.500976385156 0.436205209028 0.00937500138889 0.0232031140625
0 0.587988075391 0.460580195833 0.0656249722222 0.0664452914063
0 0.0628989011719 0.397874860417 0.0787499736111 0.0917577820313
0 0.285965229297 0.412874851389 0.0224999916667 0.0253124914062
0 0.497957341406 0.466312328472 0.0506249763889 0.0421874828125
0 0.424656586719 0.467249832639 0.131249954167 0.0769921609375
0 0.630320577344 0.53662480625 0.194999931944 0.176132751563
