0 0.635260017188 0.456301740278 0.0461331305556 0.0341445875
0 0.683745329688 0.457515772917 0.0922662625 0.0682891734375
0 0.756131854687 0.476940247917 0.1311152125 0.158430882813
0 0.847639348437 0.491508604861 0.150539690278 0.18847811875
0 0.889295741797 0.514575170139 0.143255509722 0.181649202344
0 0.976705885937 0.440519354167 0.0485611888889 0.0396077203125
0 0.915928522266 0.542497853472 0.189388640278 0.166625585156
0 0.581311570703 0.491508605556 0.155395808333 0.0901417101563
0 0.144260857813 0.487866518056 0.070413725 0.117457379687
0 0.0338884917969 0.486652485417 0.0776979041667 0.0677769835937
0 0.0243280078125 0.502434873611 0.0849820833333 0.048656015625
0 0.319081143359 0.452659648611 0.0922662611111 0.0491682054688
