0 0.825229391016 0.534725777083 0.244547070833 0.223882222656
0 0.607663594141 0.467974410417 0.1135397125 0.0975536929688
0 0.117438726563 0.456121361806 0.0923290013889 0.0898336171875
0 0.0334609738281 0.467467534028 0.0798521069444 0.0659715632813
0 0.195231670313 0.440642215972 0.0486598736111 0.0596551390625
0 0.348580470313 0.429413013194 0.0286968541667 0.0210547546875
0 0.292434457031 0.431284548611 0.01746765 0.0182474546875
0 0.531171977734 0.454990640972 0.0698705902778 0.0512332351562
0 0.485904255859 0.445009127778 0.054898325 0.0393022085937
0 0.454322124609 0.436275304861 0.0324399180556 0.0210547554688
0 0.438531058594 0.433156080556 0.0237060972222 0.0119310265625
0 0.419230866797 0.430036856944 0.0249537833333 0.0182474539062
0 0.268104510547 0.438562739583 0.0262014708333 0.0238620554687
0 0.319337746484 0.427333536111 0.0187153388889 0.0196511039063
0 0.371090047656 0.423590468056 0.0199630305556 0.017545628125
