0 0.514840644141 0.380386723611 0.0490134138889 0.0299674414063
0 0.553798317188 0.405426186111 0.0905682694444 0.0599348828125
0 0.618827665234 0.417404082639 0.1044198875 0.0809120914063
0 0.678163200391 0.464819232639 0.194988151389 0.152833952344
0 0.412158452344 0.374704006944 0.0404893416667 0.020377859375
0 0.385487428516 0.380031552083 0.0639305402778 0.0437524664062
0 0.351024870312 0.401341735417 0.0809786847222 0.0323648359375
0 0.331845708984 0.407202033333 0.0990923416667 0.0419544195313
0 0.304575336328 0.415726104861 0.1225335375 0.0425537679687
0 0.264993922656 0.423506540278 0.127861083333 0.05094465
0 0.165629483203 0.450000306944 0.217058972222 0.192077336719
0 0.0454089160156 0.439412064583 0.185294243056 0.0900550023437
0 0.839360791797 0.563088222917 0.430465648611 0.317654878906
0 0.495541613281 0.374526422222 0.0223756888889 0.0119869765625
0 0.424818451172 0.37559193125 0.0351617986111 0.0167817664063
0 0.479179389062 0.374526422222 0.0287687416667 0.01738111875
0 0.457602832031 0.359609295833 0.01811365 0.01018893125
0 0.464495343359 0.357478278472 0.0138516152778 0.00839088359375
