0 0.495267211719 0.300905932639 0.0121402958333 0.013657834375
0 0.484340944141 0.314260260417 0.0194244763889 0.00819470078125
0 0.515071071094 0.3081901125 0.0169964166667 0.0122920515625
0 0.52668023125 0.310618172222 0.0218525361111 0.01092626875
0 0.473414677344 0.302119963194 0.0145683569444 0.0136578359375
0 0.461805515625 0.306976083333 0.019424475 0.01502361875
0 0.450196357422 0.306976082639 0.0145683569444 0.0109262664063
0 0.43995298125 0.314260260417 0.0097122375 0.0122920515625
0 0.439270089844 0.30333399375 0.0121402958333 0.01092626875
0 0.425612254687 0.304548022917 0.0097122375 0.0136578359375
0 0.423563578516 0.315474289583 0.0121402958333 0.0177551851563
0 0.405808394531 0.310618170833 0.0169964166667 0.0122920515625
0 0.392833451172 0.317902350694 0.0218525347222 0.0191209695313
0 0.36346910625 0.313046229861 0.0169964152778 0.01502361875
0 0.343665246484 0.316688320139 0.0242805958333 0.0245841023437
0 0.305423309375 0.323972498611 0.019424475 0.0163894015625
0 0.175673878125 0.330042648611 0.0267086555556 0.040973503125
0 0.123774106641 0.325186528472 0.0412770125 0.0600944726563
0 0.0472902324219 0.321544440278 0.0728417861111 0.0928732757813
0 0.553313010156 0.308190113889 0.0218525361111 0.0122920515625
0 0.610675915234 0.328828617361 0.0388489513889 0.0368761539062
0 0.504827695703 0.334898768056 0.0558453694444 0.0382419367187
