0 0.390168135937 0.424718807639 0.0254909375 0.01548574375
0 0.403359692969 0.422169713889 0.0428247722222 0.017779928125
0 0.640807753125 0.414012615278 0.0224320222222 0.017779928125
0 0.692426896094 0.410443881944 0.0214123833333 0.0166328328125
0 0.830077946484 0.400757329167 0.0367069472222 0.0424424070313
0 0.903205065234 0.454288291667 0.229418416667 0.192137922656
0 0.467522916016 0.418581070833 0.0458836833333 0.0332656695313
0 0.429668877344 0.425718530556 0.0805513555556 0.045883684375
0 0.584813081641 0.421130160417 0.0611782430556 0.0510455992187
0 0.722464129297 0.404815963194 0.0407854930556 0.0550604195313
