0 0.530694388672 0.402187359028 0.125624956944 0.104414025781
0 0.354034294531 0.443437344444 0.0393749861111 0.0126562453125
0 0.278624164844 0.443437344444 0.0393749861111 0.0221484296875
0 0.378819442187 0.450937342361 0.0581249791667 0.0474609203125
0 0.519620174219 0.488437328472 0.170624940278 0.141328075
1 0.318174932422 0.436874847222 0.123749955556 0.0632812289062
0 0.203214035547 0.449062340972 0.0431249847222 0.0316406148438
0 0.0935265730469 0.450937341667 0.0243749916667 0.0147656195312
0 0.106710162891 0.457499838889 0.0299999888889 0.0179296820313
0 0.129385935547 0.453749840972 0.0374999875 0.0274218648437
0 0.155753114453 0.464062336806 0.0506249819444 0.0337499882812
