0 0.442493716797 0.618490414583 0.0208012486111 0.0128707726562
0 0.434888260156 0.618490409722 0.0291217444444 0.018721121875
0 0.421432455469 0.620570538194 0.0249614958333 0.017551053125
0 0.408561682422 0.615370228472 0.0312018708333 0.0152109117187
0 0.486371348828 0.617450348611 0.0145608722222 0.00936056171875
0 0.495731909766 0.616410289583 0.0166409986111 0.0140408414062
0 0.504507434375 0.616410286111 0.0249614972222 0.0128707703125
0 0.514453032031 0.619530472917 0.0312018708333 0.0140408421875
0 0.519718348047 0.622650660417 0.0332819958333 0.0152109132812
0 0.535514294922 0.620570535417 0.0499229930556 0.0234014039063
0 0.385160277734 0.617450348611 0.0436826194444 0.0386123132813
0 0.569446330859 0.616410285417 0.0832049902778 0.0631837867188
0 0.462476687891 0.617915569444 0.0200164611111 0.0150123460938
