0 0.657617207422 0.554502001389 0.0255924 0.00839750703125
0 0.631824867578 0.551302952083 0.0362559013889 0.0119964382812
0 0.621627895313 0.559833752083 0.0533175013889 0.01559536875
0 0.601833773828 0.555568351389 0.0618483 0.0287914523438
0 0.594635910938 0.565165500694 0.0554502013889 0.0239928765625
0 0.580240184766 0.565165501389 0.0810426 0.0263921617188
0 0.542451407031 0.563032800694 0.119431198611 0.08037613125
0 0.504662629297 0.582227101389 0.127962 0.0959715007812
0 0.667814178906 0.554502002083 0.0426540013889 0.0167950125
0 0.681610082422 0.553435652083 0.0362559013889 0.0131960804688
0 0.689407766797 0.554502001389 0.0511848 0.0167950117187
0 0.696605629687 0.556634701389 0.0554502 0.0167950125
0 0.722397970312 0.564099151389 0.0831753 0.04678610625
0 0.727796367969 0.568364551389 0.0661137 0.0359893125
0 0.745191202344 0.567298201389 0.0682464 0.0371889578125
0 0.835164483203 0.589691552083 0.223933501389 0.171549057031
