0 0.530271278906 0.459796138194 0.0183673541667 0.007748728125
0 0.536298066797 0.462092059028 0.0198979680556 0.0111926070312
0 0.543185825 0.465918591667 0.0244898083333 0.0146364875
0 0.501859276953 0.462092059028 0.0198979680556 0.00947066796875
0 0.496262971875 0.463622672222 0.0229591944444 0.0103316375
0 0.491958123438 0.463622670139 0.0260204180556 0.01549745625
0 0.491527639453 0.472041042361 0.0306122597222 0.00947066796875
0 0.565274477734 0.470009773611 0.0505102277778 0.0309949117187
0 0.930851812109 0.477662838194 0.0933673875 0.133450314844
0 0.43483755625 0.574856760417 0.266326648611 0.174776864062
1 0.148134621484 0.434805677083 0.264796040278 0.293590692969
