0 0.325513442969 0.443834830556 0.026510575 0.0332656703125
0 0.283357809766 0.447403560417 0.0356873097222 0.0315450320312
0 0.175817927734 0.451991926389 0.0693353444444 0.0699726179688
0 0.380287089062 0.446383921528 0.0234516597222 0.021221203125
0 0.344440462109 0.442815191667 0.0244712972222 0.0195005648437
0 0.241202175391 0.445364286111 0.0601586055556 0.0481778664062
0 0.555383753125 0.437424444444 0.0244712972222 0.0183534734375
0 0.563700169922 0.444561906944 0.0407854944444 0.0177799273438
0 0.580619777734 0.442522631944 0.0570996944444 0.0263831179688
0 0.612833942187 0.443032449306 0.0723942541667 0.0521926890625
0 0.708436897266 0.447450874306 0.109101201389 0.0911938195312
0 0.522636657422 0.44864045625 0.0203927486111 0.0131915570312
0 0.487363576172 0.448130638194 0.0234516597222 0.0252360257813
