0 0.0321659136719 0.806362920139 0.163306470833 0.0627709257813
0 0.0907116410156 0.765499089583 0.175554456944 0.139320833594
0 0.197116015234 0.734198684028 0.1456149375 0.0750189117188
0 0.270221178906 0.717187592361 0.0789314625 0.0650674234375
0 0.311558130078 0.71038315625 0.0544354902778 0.0160754804688
0 0.330695607422 0.701537388194 0.0476310541667 0.0206684742187
0 0.366674064063 0.699496058333 0.0326612944444 0.0283234671875
0 0.388490788281 0.698135167361 0.0244959680556 0.0107169875
0 0.399207775391 0.696774283333 0.0190524222222 0.00918598984375
0 0.411073011328 0.696093839583 0.0231350819444 0.0145444820313
0 0.454323710547 0.688608961806 0.0190524236111 0.0107169882813
0 0.465040697656 0.695413396528 0.0272177458333 0.0122479859375
0 0.486857422266 0.693372064583 0.0449092791667 0.0283234664063
0 0.509439645313 0.702217831944 0.0653225888889 0.0443989484375
0 0.556900588672 0.730796464583 0.0979838819444 0.0489919414063
0 0.610868274219 0.749848886111 0.187802444444 0.127838348438
0 0.729137884375 0.816532363194 0.253125034722 0.254145698437
0 0.431358737891 0.686567627778 0.0176915333333 0.0153099820313
