0 0.154507043359 0.760783366667 0.128241388889 0.151095216406
0 0.412831122656 0.714859086806 0.157702245833 0.0965059765625
0 0.919731201562 0.629942491667 0.133440361111 0.0887075140625
0 0.852469461328 0.635141467361 0.109178479167 0.0809090507812
0 0.312913319141 0.707927119444 0.057188725 0.0389923148438
0 0.353367844531 0.708793615972 0.0623877013889 0.03801750625
0 0.507387484375 0.682798738889 0.0277278666667 0.0263198125
0 0.505437867969 0.665468822222 0.0138639361111 0.0165717328125
0 0.494227578906 0.675000277083 0.0363928263889 0.005848846875
0 0.48691651875 0.674133780556 0.0311938527778 0.0068236546875
0 0.485454306641 0.662002839583 0.0207959013889 0.0155969257813
0 0.461084110938 0.65333788125 0.0103979513889 0.013647309375
