0 0.458289664062 0.443066571528 0.141448481944 0.0514830875
0 0.683528171094 0.397303825694 0.0790447402778 0.0315918953125
0 0.757242592188 0.420185197917 0.0998459875 0.080734840625
0 0.842072678125 0.408744514583 0.193451601389 0.114666876563
0 0.374044612109 0.405624325 0.0208012472222 0.0187211226562
0 0.360003769922 0.409784573611 0.0208012472222 0.00936056171875
0 0.351813278906 0.410824636111 0.0270416222222 0.0117007015625
0 0.341867682031 0.412904761806 0.0270416236111 0.0081904921875
0 0.33309215625 0.408744511111 0.0312018722222 0.0117007015625
0 0.303840402734 0.4170650125 0.0228813722222 0.0117007039062
0 0.156996594922 0.422265320833 0.0665639916667 0.0573334382813
0 0.0891325257812 0.431625881944 0.0852851138889 0.09243554375
0 0.319051313281 0.411864699306 0.0332819958333 0.028081684375
0 0.931583046875 0.395223701389 0.653159166667 0.13455806875
0 0.584657240625 0.539792370139 0.405624323611 0.290177401562
0 0.405051472266 0.403544198611 0.0208012472222 0.0105306304687
0 0.395690909375 0.401464074306 0.0208012458333 0.008190490625
0 0.0323841238281 0.437866257639 0.0436826180556 0.0351021054687
