0 0.907117526563 0.678464831944 0.248100519444 0.183216690625
0 0.767171161328 0.560651733333 0.170482480556 0.132539733594
0 0.670884944141 0.530158931944 0.109496877778 0.0803034867188
0 0.601106671484 0.516298568056 0.0429671305556 0.0233893632812
0 0.583954470703 0.514912533333 0.0318788388889 0.00935574609375
0 0.574208902734 0.509368386111 0.0263346916667 0.0116946820313
0 0.518464251562 0.554414570139 0.171868515278 0.09511675
0 0.420618742187 0.510061403472 0.0693018208333 0.0584734109375
0 0.0760154363281 0.531544969444 0.126129313889 0.141115833594
0 0.00623716289063 0.556493625694 0.0790040763889 0.0109150367187
0 0.254164429297 0.506596314583 0.0706878569444 0.0810831304688
0 0.181657398438 0.481647658333 0.0679157861111 0.0436601484375
0 0.466228002734 0.486498786111 0.0277207305556 0.0218300742188
