0 0.359704094922 0.55369085625 0.0329268430556 0.0175465414062
0 0.375301020703 0.550224872917 0.0155969263889 0.00974807890625
0 0.385049099219 0.55629034375 0.0242618847222 0.009748078125
0 0.400646024609 0.558023335417 0.0277278680556 0.0175465414062
0 0.428428048437 0.569287781944 0.0606547111111 0.043866353125
0 0.483992095703 0.578819236806 0.110911470833 0.0711609726563
0 0.523959216797 0.599615136806 0.1178434375 0.108203669531
0 0.343619765625 0.55369085625 0.0225288930556 0.0107228859375
0 0.336308706641 0.555423847917 0.0225288930556 0.0116976945312
0 0.327535436328 0.557156839583 0.0259948763889 0.0116976945313
0 0.318274761328 0.560622822917 0.0329268430556 0.0165717320313
0 0.306577067578 0.566688295139 0.0485237708333 0.0282694273437
0 0.280257255469 0.572753765278 0.0571887277778 0.0419167375
0 0.257349271484 0.5892171875 0.0901155722222 0.0272946195313
0 0.221768784766 0.599615136806 0.114377454167 0.0809090507812
0 0.0307064472656 0.780712772917 0.140372329167 0.0594632789062
