0 0.897761782031 0.634804680556 0.465708233333 0.200368890625
0 0.432859173437 0.451755473611 0.0408418833333 0.028379090625
0 0.422957678906 0.447920778472 0.0346509097222 0.0194911375
0 0.409313882813 0.445841725 0.0166324388889 0.0077964546875
0 0.391382036328 0.445841722917 0.0110882902778 0.00623716484375
0 0.386704162891 0.447227760417 0.0194045097222 0.00623716328125
0 0.379687353516 0.446534742361 0.0180184736111 0.0155929101562
0 0.367602848438 0.447227760417 0.0138603652778 0.0132539734375
0 0.352399762109 0.447920777083 0.0180184736111 0.00623716484375
0 0.346162597656 0.444455686111 0.0249486555556 0.0077964546875
0 0.337196674219 0.44653474375 0.0263346958333 0.0116946828125
0 0.329400220703 0.449306815972 0.0235626208333 0.0148132664063
0 0.318095359766 0.452078886111 0.0263346916667 0.0124743273437
0 0.306790500391 0.452078886111 0.0291067611111 0.0163725554687
0 0.279113085938 0.447920777778 0.0512833472222 0.038982275
0 0.216741444922 0.452078889583 0.0568274958333 0.0343043992188
0 0.188284385547 0.454157942361 0.0665297486111 0.0319654648437
0 0.146183530078 0.459702088889 0.0831621888889 0.0771849054688
2 0.0207580492187 0.487785810417 0.109496873611 0.040541565625
2 0.0133514175781 0.50996239375 0.0984085875 0.0241690117188
