0 0.082489946875 0.284630397917 0.0478428680556 0.059673578125
0 0.140408420703 0.299191272917 0.0603236180556 0.0702042101563
0 0.241619489453 0.297111149306 0.0395223708333 0.0549932976562
0 0.415569926953 0.301271397222 0.0686441166667 0.0292517539062
0 0.446576785937 0.295031022917 0.0436826180556 0.0187211234375
0 0.46295776875 0.292950896528 0.0353621208333 0.0397823859375
0 0.498644908594 0.300231335417 0.0416024930556 0.012870771875
0 0.502155119141 0.291910835417 0.0374422430556 0.0175510523437
0 0.524386452734 0.295031024306 0.0353621208333 0.0105306304687
0 0.532576943359 0.298151211111 0.0291217472222 0.0128707710938
0 0.544862680469 0.299191271528 0.0187211208333 0.0093605625
0 0.935081080469 0.311672020833 0.0852851138889 0.0900954015625
0 0.643148573828 0.304391584028 0.0291217458333 0.0163809820313
0 0.566508978906 0.316525647917 0.0561633680556 0.036272175
0 0.346925804297 0.3030048375 0.0915254888889 0.125197507031
0 0.672400328516 0.319645835417 0.0416024930556 0.0257415445313
0 0.846740783203 0.357088080556 0.133127983333 0.145088700781
0 0.0334828539062 0.296147813194 0.0696570041667 0.0664907765625
