0 0.243020182031 0.813760119444 0.0125331583333 0.009064159375
0 0.230431071094 0.817341022222 0.0125331583333 0.00805703125
0 0.255105728125 0.837931211806 0.0322281236111 0.02114970625
0 0.218849089063 0.842407340278 0.0411803805556 0.04733505625
0 0.286326723047 0.841512115278 0.0572944416667 0.0332352523438
0 0.125689669531 0.852254822917 0.0501326375 0.022156834375
0 0.100511448047 0.862102304861 0.0626657958333 0.0302138664062
0 0.0602262933594 0.862102304861 0.0984748208333 0.0543849585937
0 0.0305159921875 0.88090204375 0.114588884722 0.059420603125
0 0.274241176563 0.780636770139 0.0179045125 0.0151069328125
0 0.2379845375 0.785112898611 0.00895225555556 0.0151069328125
0 0.159932050781 0.787798575694 0.0107427069444 0.012085546875
