0 0.396066447266 0.833294695833 0.0158823638889 0.0148897148437
0 0.381921215625 0.839912346528 0.0185294236111 0.0163786890625
0 0.368520471484 0.846529997222 0.0158823638889 0.0193566304687
0 0.355864213281 0.851824118056 0.0211764861111 0.017867659375
0 0.334229965625 0.854843976389 0.0272162027778 0.0313567234375
0 0.308366016406 0.851824120833 0.03705885 0.0134007453125
0 0.288264901562 0.847853529861 0.0450000319444 0.020845603125
0 0.276353126953 0.849177059028 0.0529412125 0.0238235445312
0 0.431503975781 0.829324104861 0.0132353041667 0.0148897171875
0 0.438948833594 0.833294694444 0.0211764833333 0.014889715625
0 0.448627148828 0.853147648611 0.0238235472222 0.0193566289062
0 0.469472751563 0.86108883125 0.0397059125 0.0253125171875
0 0.495529754688 0.858441771528 0.0714706375 0.0387132625
0 0.249402744141 0.854471180556 0.0794118194444 0.0491360632812
0 0.197288735938 0.863735893056 0.092647125 0.087849325
0 0.540198903125 0.866382952778 0.0979412444444 0.07444858125
0 0.903656879297 0.901588868056 0.116470666667 0.120606699219
0 0.928224911719 0.929383002778 0.140294213889 0.13996333125
