0 0.317246482422 0.680155775694 0.0562499597222 0.0276855289062
0 0.397007169141 0.677812027778 0.0796874472222 0.0553710554688
0 0.60135273125 0.653202668056 0.0257812305556 0.0105468671875
0 0.619150570703 0.649687046528 0.0234374847222 0.0118652257813
0 0.633652514063 0.648515171528 0.0257812347222 0.0145019421875
0 0.669907371875 0.637968304861 0.0281249819444 0.02636716875
0 0.707480588672 0.647343298611 0.0281249833333 0.0171386601563
0 0.751645597656 0.641483928472 0.0398437236111 0.0237304515625
0 0.778671945703 0.64499955 0.0468749666667 0.0276855289062
0 0.820200237891 0.629765185417 0.0820311930556 0.0738280742187
0 0.868979500781 0.647343297917 0.0656249541667 0.0659179234375
0 0.940170858594 0.644999549306 0.0796874458333 0.0975585265625
0 0.478086215234 0.693046392361 0.180468623611 0.112060469531
0 0.212436983203 0.773905711806 0.262499818056 0.263671692969
0 0.0785329640625 0.742265107639 0.185156123611 0.157065928125
