0 0.333491699609 0.582235549306 0.0165879069444 0.0122016820313
0 0.341028032812 0.600737447222 0.0255198555556 0.0157904109375
0 0.306217351563 0.598823456944 0.0318998222222 0.0208146328125
0 0.394858982031 0.630723280556 0.100803438889 0.058855171875
0 0.038856971875 0.6071174125 0.0535917027778 0.07033910625
0 0.243414578516 0.603289431944 0.0153119138889 0.00861295234375
0 0.324519874219 0.612859377778 0.0523157055556 0.0330163140625
0 0.196761088672 0.607117410417 0.142911201389 0.0976134539062
0 0.484577229687 0.651139164583 0.202882865278 0.147855673438
0 0.27966075 0.605203421528 0.0191398930556 0.029427584375
