0 0.562190602344 0.518217259722 0.0194244777778 0.013657834375
0 0.547849875 0.530357558333 0.0339928361111 0.02321831875
0 0.525997341406 0.5255014375 0.0339928333333 0.020486753125
0 0.513022396484 0.530357556944 0.019424475 0.0109262679688
0 0.502779021875 0.532785616667 0.0291367138889 0.0177551859375
0 0.480243594141 0.532785616667 0.0291367138889 0.0218525351562
0 0.454293707031 0.537641736806 0.0631295486111 0.032778803125
0 0.816226328125 0.542497851389 0.0971223805556 0.16116245
0 0.302008851172 0.610483519444 0.349640569444 0.334616950781
0 0.106957907422 0.564350392361 0.325359979167 0.213915814844
