0 0.400780975 0.587108971528 0.0374999736111 0.0237304515625
0 0.365185295703 0.589921461111 0.0304687305556 0.0237304523437
0 0.34145484375 0.587890228472 0.0304687291667 0.0184570171875
1 0.359907478516 0.566797773611 0.0246677555556 0.0184657835938
0 0.378368880859 0.5737496125 0.0234374833333 0.0131835851563
0 0.249169750781 0.603515211806 0.0304687291667 0.01845701875
0 0.216869967969 0.623437072222 0.0796874444444 0.06723628125
0 0.170727421094 0.599999588889 0.0328124777778 0.061962846875
0 0.152929581641 0.621093322917 0.0468749680556 0.0659179226562
0 0.0540526972656 0.6339839375 0.0492187166667 0.0580077726562
