1 0.0974659019531 0.486282539583 0.394558631944 0.194911500781
0 0.2680784375 0.596241504167 0.111807011111 0.11018996875
0 0.466464576563 0.583786850694 0.0859343152778 0.034304425
1 0.443594960547 0.53250346875 0.0739219930556 0.0696483773438
0 0.696720031641 0.5879449625 0.0462012444444 0.0301463117187
1 0.646822687109 0.52742133125 0.207905601389 0.0821227132813
0 0.548475248828 0.612540895139 0.213668293056 0.132244138281
0 0.407731244922 0.603653384722 0.166324483333 0.120585249219
0 0.825692367188 0.632298159028 0.279055518056 0.227136871875
1 0.959236653906 0.553974584722 0.360369711111 0.0800436578125
0 0.361061645313 0.548151447222 0.0509434416667 0.0343868234375
