1 0.36676835625 0.189652556944 0.252870075 0.19271146875
0 0.223491766406 0.335460704861 0.0265105736111 0.040148221875
0 0.251021976953 0.349735628472 0.0346676708333 0.0424424070312
0 0.232668502734 0.390521124306 0.0958459152778 0.0607958804688
0 0.124841848438 0.348715990972 0.0774924430556 0.104385378125
0 0.032883303125 0.328323243056 0.0448640444444 0.06576660625
0 0.0445454023437 0.408874596528 0.161102709722 0.0883260890625
0 0.542956910156 0.43674468125 0.1366314125 0.0344127625
0 0.156386880859 0.422129883333 0.171299083333 0.153710338281
0 0.390967210547 0.48296825 0.499622325 0.320038688281
0 0.766529944531 0.553867032639 0.362990915278 0.400335134375
