0 0.510973720703 0.491508604861 0.0145683569444 0.0232183195312
0 0.571751086328 0.529143527083 0.0315647736111 0.0163894007812
0 0.597018080078 0.525501438194 0.0534173097222 0.0368761523437
0 0.611358807422 0.541283825 0.05098925 0.0218525351563
0 0.640040260937 0.541283825 0.0752698444444 0.051899771875
0 0.669404604687 0.557066211806 0.0679856652778 0.06146025625
0 0.760229205859 0.578918747222 0.135971333333 0.117457378906
0 0.864028750391 0.6177677 0.174820286111 0.204867521094
0 0.431075388672 0.5255014375 0.0291367138889 0.0109262679688
0 0.413320203516 0.529143527083 0.0412770125 0.0245841023437
0 0.488438294531 0.489080545139 0.0145683569444 0.0109262671875
0 0.472048892578 0.490294575 0.0169964166667 0.0163894007812
0 0.374395374219 0.547353974306 0.0776979069444 0.0587286890625
0 0.459073948047 0.521859348611 0.0218525361111 0.00956048359375
0 0.449513465625 0.529143527083 0.0364208930556 0.02321831875
0 0.171576528516 0.583774866667 0.121402975 0.136578347656
0 0.0509607855469 0.637192175694 0.208813118056 0.101921571094
0 0.508242154688 0.537641734722 0.0776979027778 0.0450708546875
0 0.556044576172 0.53642770625 0.0364208930556 0.0314130195312
0 0.55467879375 0.492722634722 0.0218525361111 0.0177551859375
0 0.530777582812 0.491508604861 0.0145683569444 0.0136578359375
