0 0.0723554292969 0.759592211806 0.260015590278 0.144710858594
0 0.9368483625 0.487095870833 0.226733594444 0.1240274375
0 0.189362446484 0.530431809028 0.5033901875 0.378724892969
0 0.361758875391 0.477388627778 0.139368358333 0.0713742804688
0 0.377554822656 0.434746071528 0.162249731944 0.109986595313
0 0.426697769922 0.419145135417 0.118567109722 0.0444626664062
0 0.447173997266 0.408744511806 0.1019261125 0.0198911914063
0 0.457119594141 0.395223700694 0.0748844902778 0.0304218242187
0 0.835052257813 0.432665945833 0.191371475 0.189551367188
0 0.723895592578 0.412904761111 0.131047858333 0.105306316406
0 0.66597711875 0.401464074306 0.104006234722 0.0760545609375
0 0.623269557813 0.414984885417 0.0603236180556 0.02574154375
0 0.599868154687 0.397303825694 0.0582434930556 0.03510210625
0 0.491636663672 0.392103513194 0.0353621208333 0.0198911914063
0 0.55716059375 0.412904761806 0.0769646180556 0.0620137203125
1 0.537269400391 0.374422453472 0.0374422458333 0.0198911929688
0 0.502752330859 0.386903201389 0.0249614972222 0.0187211226562
0 0.510942821875 0.384823075694 0.0249614958333 0.0140408421875
