0 0.469160659766 0.418051335417 0.0326283986111 0.0154857429687
0 0.500132144922 0.403776409028 0.0367069458333 0.0498985054688
0 0.442777539844 0.429267345139 0.0183534736111 0.0177799265625
0 0.425284385938 0.429267346528 0.0203927458333 0.0195005640625
0 0.394026127344 0.427737890278 0.0254909333333 0.021221203125
0 0.378253611719 0.429267345139 0.0244712958333 0.011470921875
0 0.365635599219 0.426718252083 0.0275302097222 0.014912196875
0 0.348429218359 0.427737888889 0.0295694833333 0.0229418429688
0 0.3203254625 0.427228071528 0.0367069486111 0.02982439375
0 0.510742746484 0.469033204861 0.138670684722 0.0952086414063
0 0.638643513281 0.422129881944 0.0305891222222 0.019500565625
0 0.663019219531 0.419070970139 0.0448640458333 0.0372804921875
0 0.174560880469 0.424104154167 0.043301925 0.0931309796875
0 0.829343308203 0.417736224306 0.0916981958333 0.116055528906
