0 0.4208241625 0.446299904861 0.0293833152778 0.0284650875
0 0.408428077734 0.452829530556 0.0359129388889 0.0183645710937
0 0.398327564453 0.452013328472 0.0440749736111 0.0202010289063
0 0.381340334766 0.452013327083 0.0636638486111 0.0321380007812
0 0.464440022266 0.4479323125 0.0293833166667 0.0422385164063
0 0.486477507422 0.452829529861 0.0424425652778 0.0202010273437
0 0.499791822656 0.456910546528 0.0538694097222 0.0211192578125
0 0.512187907422 0.461807765972 0.0669286625 0.0275468570312
0 0.529955630469 0.470051415972 0.0834159625 0.0336989859375
0 0.552314494141 0.482376084028 0.0914147569444 0.0459114289062
0 0.581697809766 0.493802928472 0.107738820833 0.0642760007812
0 0.276845917969 0.45952239375 0.0718258819444 0.05601194375
0 0.243330574609 0.467684427083 0.0620314430556 0.0532572570312
0 0.337449005469 0.461154800694 0.107738820833 0.0835588015625
0 0.212722955469 0.518561098611 0.179564697222 0.1634446875
0 0.0601783976563 0.607418417361 0.288935929167 0.119369715625
