0 0.108627604297 0.625077484028 0.393143573611 0.217255208594
1 0.0986820078125 0.367142015972 0.218413095833 0.197364015625
0 0.210819823437 0.457627442361 0.0332819958333 0.0292517546875
0 0.273418578125 0.457627442361 0.0249614958333 0.018721121875
0 0.286289349609 0.454507254167 0.0228813722222 0.0140408429688
0 0.302670332031 0.45554731875 0.0208012486111 0.0397823859375
0 0.337772436719 0.45554731875 0.0208012486111 0.016380984375
0 0.354153419141 0.454507254861 0.0187211208333 0.0234014039063
0 0.373459576563 0.45034700625 0.0187211236111 0.012870771875
0 0.389255524219 0.451387070139 0.0208012513889 0.0210612625
0 0.420262383594 0.451387070139 0.0291217458333 0.01053063125
0 0.446003927344 0.45658738125 0.0187211236111 0.012870771875
0 0.457119594922 0.454507254861 0.0187211208333 0.0117007023438
0 0.466480155859 0.455547319444 0.02912175 0.0117007023438
0 0.431378051562 0.460747629861 0.0395223708333 0.0257415421875
0 0.492806733203 0.473228377083 0.0852851152778 0.0503130179687
0 0.325173344531 0.455667744444 0.0136020222222 0.009563921875
