0 0.374389013672 0.409700024306 0.0258308152778 0.0183534742187
0 0.351829536719 0.417857124306 0.0231117819444 0.0130003765625
0 0.334240791406 0.418536879861 0.0326283958333 0.0221771140625
0 0.305181125 0.419896397222 0.0353474305556 0.0435894984375
0 0.260598464062 0.422828953472 0.0435045291667 0.0451189546875
0 0.213567689844 0.427587263194 0.0557401791667 0.0489425953125
0 0.115728844141 0.4425322875 0.107382491667 0.0856495414062
0 0.514152157422 0.416691817361 0.0176737152778 0.0107061929688
0 0.481268851953 0.416691817361 0.0203927486111 0.0122356492188
0 0.533440289063 0.409087020139 0.0407854930556 0.026000753125
0 0.497498070703 0.412485813194 0.0367069458333 0.0229418414063
0 0.415289805859 0.437636869444 0.135951652778 0.0894731820313
0 0.660002782031 0.445114209722 0.115558905556 0.115473935937
