0 0.479350927734 0.497149811806 0.0208012458333 0.00936056171875
0 0.488711488281 0.506510375 0.0228813722222 0.0093605609375
0 0.509772751562 0.512750749306 0.0603236180556 0.0374422453125
0 0.329581945313 0.514830873611 0.0936056138889 0.0561633671875
0 0.303840401562 0.494029625 0.0187211222222 0.014040840625
0 0.295649910938 0.490909439583 0.0166409986111 0.0117007015625
0 0.281024033594 0.488829313889 0.0291217472222 0.0269116140625
0 0.218425279297 0.495069686806 0.0332819958333 0.0210612632812
0 0.168112263672 0.488829315278 0.0540832444444 0.0748844914063
0 0.242996753125 0.492989561806 0.0291217458333 0.023401403125
1 0.0618247988281 0.46645823125 0.107145904167 0.123649597656
1 0.602793329687 0.471148254167 0.268336091667 0.162639753125
0 0.815161064844 0.626117547222 0.561633680556 0.367402032813
0 0.414997067969 0.560593618056 0.243374594444 0.152109121875
