0 0.116556351953 0.690254106944 0.529321936111 0.233112703906
0 0.2133775375 0.542288032639 0.190677929167 0.175042340625
0 0.324066076172 0.541525320139 0.0793220180556 0.0549152445313
0 0.463070286328 0.507966004861 0.0335593152778 0.0188771148438
0 0.485808629688 0.532372779861 0.0823728652778 0.03861228125
0 0.800713230469 0.497288041667 0.0671186333333 0.035180078125
0 0.580623230078 0.565169384722 0.309660958333 0.187055049219
0 0.4017196625 0.539999897917 0.164745731944 0.1089724375
0 0.674150754687 0.556779555556 0.0945762527778 0.0102966078125
0 0.479373249219 0.479745671528 0.0198305041667 0.012012709375
0 0.448483424219 0.520169393056 0.0762711722222 0.020593215625
