1 0.455625126172 0.476220604167 0.0297637888889 0.0239173289063
1 0.489707321484 0.488976513194 0.0722834847222 0.0466387929688
0 0.502861852344 0.518740300694 0.0552756041667 0.0442470609375
0 0.545315111719 0.518740300694 0.119055148611 0.047834659375
0 0.29717281875 0.529370225694 0.0382677263889 0.0322883953125
0 0.329461213281 0.51980329375 0.0616535597222 0.0370718609375
0 0.188946903125 0.541063142361 0.0999212875 0.100452784375
0 0.0783292539062 0.570118279861 0.155196893056 0.156658507812
0 0.403007001563 0.601653709722 0.255118180556 0.188946903125
0 0.598331870703 0.563385982639 0.157322876389 0.136328777344
0 0.926397891406 0.550630075 0.250866211111 0.143503976562
