0 0.103753136719 0.697397582639 0.425462004167 0.207038420313
0 0.868391638281 0.478428135417 0.359334476389 0.261078957813
0 0.213588773047 0.529583389583 0.254528584722 0.228794999219
0 0.744519498828 0.434135170139 0.238308629167 0.178965413281
0 0.357930847656 0.441642969444 0.0386783638889 0.0533387109375
0 0.441221384375 0.432116344444 0.0424214305556 0.0210547546875
0 0.429992181641 0.438978636111 0.0461645 0.0210547554688
0 0.386829935547 0.41776791875 0.00873382361111 0.0203529289062
0 0.402621000781 0.413401007639 0.00499075694444 0.0098255515625
0 0.449994198828 0.428373277778 0.0349352972222 0.0161419789063
0 0.4580651875 0.424630210417 0.0324399180556 0.0070182515625
0 0.463679789844 0.415272542361 0.0212107152778 0.0042109515625
0 0.532458653906 0.410281784722 0.0386783638889 0.015440153125
0 0.545793332422 0.414024852778 0.0411737444444 0.0196511054687
0 0.556320708984 0.419015609028 0.0561460125 0.0182474539062
0 0.60193934375 0.400300270833 0.0212107138889 0.0084219015625
0 0.408586514844 0.450831681944 0.0698705916667 0.0498295859375
0 0.492103707813 0.437107101389 0.0673752138889 0.0526368859375
0 0.579130026953 0.423382520833 0.0698705916667 0.0470222851563
0 0.635977863672 0.394061826389 0.0361829833333 0.0287748304688
0 0.516667587891 0.412153318056 0.0124768916667 0.0119310273437
