0 0.0287007953125 0.494291476389 0.0574015888889 0.057401590625
0 0.510037050781 0.436535557639 0.0170078763889 0.0107627984375
0 0.520799850391 0.454606430556 0.0233858361111 0.0131545320312
0 0.504057719141 0.452480444444 0.0191338638889 0.0131545304688
0 0.458016859375 0.458858398611 0.0361417416667 0.01674213125
0 0.3856669375 0.467362338889 0.0488976527778 0.0322883953125
0 0.477748655859 0.452480444444 0.0191338638889 0.00837106640625
0 0.491301821094 0.456378089583 0.0297637875 0.0179379984375
0 0.418752582812 0.474448961111 0.0659055305556 0.0466387921875
2 0.469975523047 0.480118247222 0.0361417416667 0.0143503976563
0 0.217448389062 0.525472597917 0.197716590278 0.180575839062
