0 0.882654374219 0.634534357639 0.200629826389 0.2343160875
0 0.0210406285156 0.595088472917 0.102015165278 0.0420812570312
0 0.491107388281 0.544931017361 0.0289043013889 0.0124330984375
0 0.505453271875 0.561933545139 0.0391058125 0.0239098046875
0 0.515495390234 0.581486452083 0.0782116263889 0.0286917648438
0 0.224752163672 0.547481396528 0.0238035430556 0.0133894898438
0 0.0176932558594 0.536429752778 0.0323048055556 0.0315609414063
0 0.0454286292969 0.539830258333 0.0255037944444 0.0239098054687
0 0.0659910605469 0.544931016667 0.0357053111111 0.0325173335938
0 0.110463298047 0.550881901389 0.0374055638889 0.0545143554687
0 0.323260559766 0.532179121528 0.0136020263889 0.00765113671875
1 0.338722238281 0.528211872222 0.0544080888889 0.0277353734375
1 0.612409808984 0.502141338889 0.326448536111 0.174063378906
0 0.154935534766 0.566184176389 0.0578085944444 0.0573835304687
0 0.251052948438 0.550031773611 0.0323048055556 0.0258225890625
0 0.302698128125 0.55428240625 0.0408060708333 0.06981663125
0 0.420174971875 0.632494034722 0.278841458333 0.175976164062
