0 0.420687566406 0.558411940278 0.0149289 0.0119964375
1 0.444080619922 0.553080190278 0.0298578 0.0131960820313
1 0.405092198047 0.550947490972 0.0255924013889 0.0143957257812
0 0.501063697656 0.566942743056 0.0405213027778 0.0287914515625
0 0.512460314063 0.576539891667 0.0426540027778 0.0179946578125
0 0.534653724219 0.581871641667 0.0533175027778 0.02879145
0 0.559246421875 0.588269740972 0.0703791041667 0.04918539375
0 0.610831101953 0.591468790972 0.123696598611 0.0827754195312
0 0.679810617578 0.631990090972 0.162085201389 0.127162236719
0 0.853701211719 0.700236490972 0.277251001389 0.292597576563
0 0.970066655859 0.826065791667 0.1834122 0.0598666882813
