0 0.0427411472656 0.250785520139 0.0249537819444 0.0854822945313
0 0.0774814925781 0.338123761806 0.1771718625 0.154962985156
0 0.185843290625 0.306931530556 0.0673752138889 0.0701825140625
0 0.87931673125 0.464764211111 0.360582163889 0.237918725
0 0.710527782812 0.384288261111 0.177171861111 0.182474539062
0 0.610868610547 0.33874760625 0.135998115278 0.101062821094
0 0.563846326562 0.320656113889 0.109796647222 0.068778865625
0 0.491207423047 0.298197708333 0.0474121888889 0.0414076835937
0 0.498436219141 0.311922288889 0.0474121888889 0.0364949070313
0 0.424744578906 0.303188463889 0.0748613472222 0.047724109375
0 0.352456587109 0.292583106944 0.0436691166667 0.0294766554688
0 0.295257839062 0.292583106944 0.0436691166667 0.0357930828125
0 0.314944035156 0.295702331944 0.0336876083333 0.014036503125
0 0.3233659375 0.29320695 0.0336876083333 0.011229203125
0 0.372493697266 0.286968507639 0.0237060958333 0.0140365023438
0 0.3826701625 0.28821619375 0.0162199597222 0.0119310265625
0 0.391092064844 0.290087729167 0.0149722722222 0.0077200765625
0 0.398812142188 0.28821619375 0.0162199597222 0.010527378125
0 0.451799941016 0.290087729167 0.0224584027778 0.0112292023437
0 0.463029142188 0.298821552083 0.0324399180556 0.019651103125
