0 0.799106503125 0.401249716667 0.0609374555556 0.050097621875
0 0.865683605859 0.404765340972 0.0726562013889 0.0883300179688
0 0.697592900391 0.450468434028 0.154687395833 0.113378827344
0 0.515659432422 0.417655954861 0.0374999736111 0.0184570179688
0 0.530161374219 0.411796585417 0.0492187180556 0.0210937359375
0 0.282309982422 0.425859073611 0.0398437222222 0.0290038851563
0 0.265171322266 0.427030949306 0.0562499625 0.0263671695313
0 0.244077585938 0.427030947917 0.0609374569444 0.031640603125
0 0.207822728906 0.438749690972 0.0796874458333 0.0566894140625
0 0.381186867969 0.414140333333 0.0210937361111 0.01054686875
1 0.367344103906 0.403593465278 0.0468749666667 0.0250488109375
0 0.340976934766 0.417655954861 0.0374999736111 0.0303222460938
0 0.161021002734 0.456327803472 0.0726561986111 0.0738280742187
0 0.416782545703 0.410624709722 0.0234374833333 0.0158203023438
0 0.437217102734 0.403593466667 0.0234374833333 0.0171386601563
0 0.456333300781 0.41531220625 0.0328124763889 0.01845701875
0 0.559165261719 0.423515326389 0.0679687027778 0.0580077734375
0 0.944125933203 0.436405943056 0.112499922222 0.110742110156
0 0.983320486719 0.389928640278 0.0447867 0.0311907375
