0 0.047574075 0.466688725 0.118013241667 0.0935389046875
0 0.402116694922 0.485463557639 0.1877483375 0.215240058594
0 0.608304600781 0.440761572917 0.0411258263889 0.02011589375
0 0.583662631641 0.429139056944 0.0321854305556 0.0150869195312
0 0.684242098437 0.446125811806 0.0303973513889 0.017098509375
0 0.712907246094 0.432715215972 0.0715231763889 0.0402317859375
2 0.980951524219 0.445231771528 0.0643708597222 0.0352028140625
2 0.565055430078 0.453278129861 0.0911920513889 0.0341970179688
2 0.101384090234 0.434503295139 0.0429139069444 0.0201158945312
2 0.120494188672 0.438973493056 0.0518543027778 0.0201158929687
2 0.144633260547 0.440761573611 0.0590066222222 0.0341970179687
2 0.168772332422 0.4416556125 0.0429139055556 0.0140811257813
2 0.192911403906 0.445231771528 0.0643708597222 0.0422433765625
2 0.228114217969 0.446125813194 0.0625827791667 0.03419701875
2 0.265328620312 0.447913890278 0.0590066222222 0.0402317859375
2 0.303548817578 0.445231770833 0.0500662222222 0.0221274820312
2 0.0862971699219 0.42824501875 0.0268211902778 0.0160927148438
2 0.503199058203 0.436291374306 0.0321854291667 0.0251448664063
