0 0.390415376953 0.483280911111 0.0281249805556 0.0105468679687
0 0.380527688672 0.483280910417 0.0187499875 0.0118652257813
0 0.482700469141 0.485624658333 0.0234374833333 0.0105468679688
0 0.491269799219 0.485624659028 0.0187499875 0.0145019421875
0 0.500498309375 0.484452786806 0.0304687319444 0.0118652265625
0 0.363389028516 0.506718394444 0.0796874444444 0.0408691132813
0 0.35020544375 0.521952759028 0.0867186902778 0.0382323953125
0 0.295493568359 0.536015248611 0.14296865 0.0896483757812
1 0.458310838281 0.472734043056 0.0726562 0.035595678125
0 0.192002427344 0.573515223611 0.255468575 0.209618998438
0 0.400962245313 0.482109036806 0.0210937347222 0.013183584375
0 0.437217102734 0.518437135417 0.0843749402778 0.0593261304688
0 0.0463238167969 0.656718291667 0.346874761111 0.0922850929687
