0 0.0596160394531 0.508295342361 0.172022243056 0.116746072656
0 0.153223251953 0.4970765 0.149584558333 0.104124877344
1 0.309410565625 0.417609703472 0.166412820833 0.100969578125
0 0.364102421875 0.446591711806 0.0560942097222 0.021035328125
0 0.380930682812 0.446591709028 0.0336565263889 0.021035328125
0 0.4003883625 0.446591711111 0.0373961388889 0.032604759375
0 0.461916698437 0.423219126389 0.0280471055556 0.0189317953125
0 0.508194421484 0.464354879167 0.132756297222 0.0967625117188
0 0.663855853125 0.4465917125 0.09349035 0.0757271828125
0 0.697512378906 0.408260670139 0.0317867152778 0.037863590625
0 0.741686567578 0.459680361111 0.149584558333 0.134626102344
0 0.797430188672 0.39891163125 0.0430055569444 0.0925554460937
0 0.879467969531 0.502685921528 0.261772979167 0.239802746875
0 0.983592847266 0.391432405556 0.0355263305556 0.0273459257812
0 0.559205091797 0.417609700694 0.0243074902778 0.0220870945312
0 0.548687429297 0.412935184028 0.0224376819444 0.0199835617187
