1 0.428112602734 0.440586477083 0.0571342236111 0.0247921710938
0 0.455200346484 0.46278720625 0.0440749708333 0.0165281148437
0 0.447854517578 0.456257584028 0.0342805347222 0.0128552007813
0 0.484583660547 0.470133036806 0.0718258791667 0.0532572570312
0 0.356949887891 0.451360363194 0.0440749708333 0.0238739429688
0 0.374855345312 0.458706190972 0.0457073791667 0.0284650859375
0 0.414339174219 0.461154799306 0.0473397847222 0.03030154375
0 0.988473071484 0.433675956944 0.0293833138889 0.0137734289063
0 0.967812930078 0.435308363194 0.0391777541667 0.0330562289063
0 0.948989242969 0.439389376389 0.0440749722222 0.022955715625
0 0.917310355859 0.432043550694 0.0718258791667 0.0532572570312
0 0.906291613672 0.450000018056 0.0555018166667 0.0275468570312
0 0.892059070313 0.446735206944 0.0685610666667 0.0284650859375
0 0.850279671094 0.451632426389 0.0848851305556 0.0734582859375
1 0.178904419922 0.390471186806 0.778756493056 0.357808839844
