0 0.795119091406 0.576926407639 0.424478320833 0.408393254687
0 0.0303222453125 0.445546568056 0.110156172222 0.060644490625
0 0.0804198675781 0.431484079167 0.0679687027778 0.0395507539062
0 0.244555496484 0.412734092361 0.0304687291667 0.0250488085938
0 0.276855278516 0.420937211111 0.0468749666667 0.0316406039063
0 0.310473417187 0.431484078472 0.0632812069444 0.0408691125
0 0.350683353516 0.439687201389 0.107812427778 0.0527343398437
0 0.4067135875 0.451405938889 0.149999897222 0.0856933
0 0.498339501562 0.478359044444 0.217968602778 0.184570184375
0 0.123925695703 0.413905964583 0.0328124736111 0.0263671679688
0 0.146996968359 0.4115622125 0.0234374833333 0.0171386585938
0 0.208300637891 0.401015348611 0.0164062361111 0.0184570210938
0 0.183251826953 0.404530972917 0.0187499902778 0.0237304539063
0 0.158862196875 0.410390341667 0.0164062361111 0.0118652296875
