0 0.443148402734 0.460663201389 0.0170616 0.0143957257812
0 0.428752677734 0.467061301389 0.0383886 0.0143957273438
0 0.413757130469 0.475592102083 0.0639810013889 0.03239038125
0 0.39936140625 0.47879115 0.0661137 0.03958824375
0 0.282995962109 0.4585305 0.0383886 0.0203939445312
0 0.224213417969 0.506516252083 0.113033098611 0.11636544375
0 0.183425530078 0.492653701389 0.0895734 0.0827754195312
0 0.329602121094 0.48518925 0.1535544 0.111566870313
1 0.462162755859 0.454265100694 0.0234597013889 0.0143957257813
1 0.47895776875 0.458530502778 0.0234597 0.0119964375
1 0.50295064375 0.448933350694 0.0810426013889 0.0359893125
0 0.5521360375 0.462795901389 0.0298578 0.0191943
0 0.567731405859 0.471326701389 0.0469194 0.0311907367187
0 0.586925705859 0.475592101389 0.0554502 0.0311907367188
1 0.524544230859 0.458530501389 0.0682464 0.0431871757812
0 0.619316088281 0.480923852083 0.0618482986111 0.0551836140625
0 0.742279573047 0.487321951389 0.1258293 0.123563305469
