0 0.389756198047 0.506718395139 0.0281249819444 0.0145019429687
0 0.381186867969 0.512577765972 0.0351562263889 0.0210937359375
0 0.367344103125 0.511405890972 0.0328124763889 0.0118652265625
0 0.360093132812 0.516093388889 0.0281249833333 0.013183584375
0 0.351523802344 0.516093388194 0.0328124763889 0.0118652265625
0 0.339658576953 0.516093388194 0.0468749680556 0.0171386601562
0 0.323179094922 0.514921513194 0.0492187180556 0.0237304523438
0 0.137290550781 0.531327751389 0.0820311944444 0.050097621875
0 0.489951442187 0.502030896528 0.0234374847222 0.01450194375
0 0.413486650391 0.5172652625 0.0773436972222 0.0514159804687
0 0.516977790234 0.512577764583 0.0773436958333 0.0500976226562
0 0.22957564375 0.5512496125 0.201562361111 0.200390489062
0 0.0567800492187 0.533671499306 0.2367185875 0.113560098437
