0 0.382235105078 0.526271558333 0.0291217472222 0.0140408414063
0 0.370534401563 0.527311622222 0.0270416194444 0.0210612625
0 0.364684049609 0.534592060417 0.0291217486111 0.0187211226562
0 0.35181328125 0.535632122917 0.0312018736111 0.01638098125
0 0.284534244531 0.526271556944 0.0374422472222 0.0339320359375
0 0.251772278906 0.536672183333 0.0457627416667 0.043292596875
0 0.813990994141 0.541872491667 0.135208108333 0.135728138281
0 0.920467380469 0.569954175694 0.170570229167 0.156789401563
0 0.430793014844 0.574114427778 0.174730477778 0.120517228125
0 0.337772436328 0.538752306944 0.0457627444444 0.0304218257812
0 0.5220584875 0.522735398611 0.0345301722222 0.0222313328125
0 0.612153889844 0.507550435417 0.0416024930556 0.0386123140625
