0 0.219338587891 0.403246685417 0.196343406944 0.211526742969
0 0.48296705 0.403801327778 0.290632613889 0.338193198438
0 0.656119471875 0.406574539583 0.136442029167 0.0393102796875
0 0.69074995625 0.392708479167 0.141988452778 0.113563029688
0 0.757515034375 0.393817764583 0.126458465278 0.0798685046875
0 0.833951689453 0.389935267361 0.107600623611 0.142265774219
0 0.874197927734 0.356656724306 0.100944915278 0.109195221094
0 0.908204439453 0.339462809722 0.0865242138889 0.0723808320313
0 0.963114036328 0.346673161111 0.0898520666667 0.0449260335938
0 0.984641094141 0.334471027778 0.0743220805556 0.0280787710937
0 0.0524197996094 0.468139844444 0.190796983333 0.104839599219
