0 0.696208412109 0.513353452083 0.0462235597222 0.0443542257813
0 0.542956915625 0.493504500694 0.0217522652778 0.0152945609375
0 0.555957292578 0.497583050694 0.0271903319444 0.0152945601563
0 0.510838338281 0.496903290972 0.0285498458333 0.01223565
0 0.582340410547 0.504380635417 0.0516616319444 0.0428247695312
0 0.488661224219 0.498262811111 0.0557401777778 0.037471675
0 0.435582147266 0.504523535417 0.0244712986111 0.0114709195312
0 0.417993403906 0.507242565278 0.0326283972222 0.0221771140625
0 0.399257565234 0.513360390278 0.0339879138889 0.0290596679687
0 0.883156613281 0.507922324306 0.0638972736111 0.0542956921875
0 0.610925053516 0.500294459028 0.0264706069444 0.0312684039062
0 0.637726542578 0.50426505 0.0291176666667 0.0312684039062
