0 0.46535140625 0.604297993056 0.01280835 0.00936610625
0 0.459947883203 0.604938411806 0.0140891875 0.00864563671875
0 0.457786475 0.607500082639 0.0140891875 0.0086456375
0 0.455985300391 0.610702170139 0.0128083513889 0.00936610703125
0 0.454184125391 0.613263839583 0.0153700208333 0.00864563515625
0 0.452022715234 0.617106344444 0.0153700222222 0.0100865742188
0 0.450581776172 0.620948851389 0.0153700222222 0.0100865773437
0 0.446619192969 0.623510520833 0.0204933611111 0.0122479859375
0 0.440134966406 0.623510520833 0.0204933611111 0.010807046875
0 0.431489329687 0.62799344375 0.0320208763889 0.0223345625
0 0.413837821484 0.635038034028 0.0409867208333 0.0230550304688
0 0.405192183594 0.639520959722 0.0371442194444 0.0216140921875
0 0.392944198828 0.646565552083 0.0512334041667 0.0360234867187
0 0.479232464844 0.608396661806 0.0179316875 0.0151298640625
0 0.488598571094 0.614160420139 0.0140891875 0.00936610625
0 0.479952935547 0.624407102083 0.0320208791667 0.0180117445312
0 0.497964678906 0.622485847917 0.0230550291667 0.012247984375
0 0.508051253906 0.624407100694 0.0345825486111 0.0122479859375
0 0.514535482422 0.626968771528 0.0448292263889 0.0180117445312
1 0.536149573828 0.631451693056 0.0589184138889 0.0410667742188
0 0.322770439453 0.65407980625 0.117836826389 0.0821335492188
0 0.292150477344 0.684179431944 0.113994322222 0.071326503125
0 0.161565337109 0.710223051389 0.254886180556 0.214699978906
0 0.0430480667969 0.801802760417 0.254886181944 0.0842949570312
0 0.667695324609 0.630170859028 0.0678842597222 0.0958224726563
0 0.598890464844 0.634013365278 0.0217741972222 0.011527515625
0 0.781529542578 0.629530440278 0.0666034222222 0.108070458594
1 0.917338087109 0.623766683333 0.0755692694444 0.105909050781
0 0.983981537109 0.616081672917 0.0601992486111 0.0317006679688
