0 0.397969817578 0.533551597222 0.00936055555556 0.00819048515625
0 0.390656883594 0.533031565972 0.0104006180556 0.00760545
0 0.384221501953 0.535111689583 0.0104006180556 0.00760544765625
0 0.378078639453 0.537191814583 0.0145608680556 0.0117006929687
0 0.370473189453 0.539271938194 0.0145608680556 0.0117006929687
0 0.361112634766 0.5439522125 0.015600925 0.0140408320312
0 0.352044597656 0.549152519444 0.0260015388889 0.01930614375
0 0.338296283594 0.556432951389 0.0301617861111 0.0292517328125
0 0.285350648438 0.572033876389 0.0551232638889 0.03451704375
0 0.251711155859 0.578794276389 0.0707241888889 0.0315918695313
0 0.21075873125 0.589194891667 0.0832049277778 0.060843603125
0 0.135508644922 0.606875970833 0.115446836111 0.105306236719
0 0.433920203125 0.530951443056 0.0176810472222 0.0064353796875
0 0.440648102734 0.534071628472 0.0239214180556 0.00819048671875
0 0.448546069141 0.537711843056 0.029121725 0.0134557960938
0 0.4602467625 0.543952211111 0.0270416 0.0169660046875
0 0.495914379297 0.569087054861 0.0634437569444 0.0386122867187
0 0.516975626953 0.575847454167 0.083204925 0.0397823554688
0 0.602683202344 0.589888270833 0.120300447222 0.118762032813
0 0.538329390234 0.577580880556 0.0894452972222 0.0286666960938
0 0.0613612214844 0.625617359028 0.169530034722 0.122722442969
