0 0.4581596875 0.331867915278 0.0918485611111 0.140372329687
0 0.539068738672 0.325802445139 0.0485237708333 0.0233953882813
0 0.559539703516 0.339666378472 0.0277278680556 0.0233953882813
0 0.581472880078 0.344865353472 0.0207959013889 0.0302190429688
0 0.989917367578 0.29200910625 0.105712495833 0.0165717335937
0 0.935328128125 0.275545684028 0.1074454875 0.127699828125
0 0.887075139844 0.287676626389 0.0970475361111 0.0467907765625
0 0.861730135547 0.293742097222 0.0918485611111 0.0584884710937
0 0.823712630078 0.311938510417 0.0485237680556 0.0253450039062
0 0.803241664844 0.332734411111 0.0173299166667 0.01169769375
0 0.709660111719 0.330134923611 0.015596925 0.01169769375
0 0.726231845312 0.325802444444 0.0173299166667 0.0077984625
0 0.72915626875 0.300674064583 0.0155969263889 0.005848846875
0 0.727206653125 0.285943634722 0.01039795 0.0077984625
0 0.756938292188 0.331867915278 0.00866495833333 0.0107228859375
