2 0.429467385156 0.583115695139 0.0290816458333 0.0154974546875
0 0.494282752734 0.55025535 0.0382653222222 0.0180803648438
0 0.483951116016 0.554847188889 0.0260204194444 0.0111926070312
0 0.457261052734 0.554081881944 0.0153061305556 0.00774872890625
0 0.454247658594 0.561734947917 0.0244898069444 0.012053578125
0 0.439611173438 0.561734946528 0.0367347097222 0.02582909375
0 0.41550401875 0.547959429167 0.01836735 0.0172193984375
0 0.423252746094 0.567092093056 0.0321428722222 0.0172193953125
0 0.400867532031 0.567092091667 0.0290816444444 0.0172193953125
0 0.376329894141 0.567857397917 0.0244898069444 0.0129145476562
0 0.392257833594 0.573979849306 0.0336734847222 0.0241071515625
0 0.513482368359 0.55025535 0.0566326777778 0.0309949117187
0 0.520800610937 0.568622703472 0.0382653180556 0.0232461828125
0 0.541463885156 0.570153318056 0.0566326777778 0.0387436390625
1 0.470433880469 0.54949004375 0.0581632902778 0.02582909375
0 0.326307544141 0.567857397917 0.0459183875 0.0180803664063
1 0.759783782422 0.4548737125 0.512755333333 0.341083755469
0 0.940914369531 0.701530919444 0.251020522222 0.11623091875
