0 0.0440749726563 0.6818017625 0.00979443888889 0.0165281140625
0 0.0670306875 0.712817483333 0.0359129388889 0.0440749734375
0 0.290466312891 0.684522422222 0.01305925 0.0183645726563
0 0.251441596484 0.691052047917 0.0163240652778 0.0211192585937
0 0.231240567578 0.691052049306 0.0228536902778 0.0247921726563
0 0.200939024609 0.693500656944 0.0310157194444 0.0394838289063
0 0.328572805859 0.628204402083 0.0114268458333 0.0137734289063
0 0.292761890625 0.631469214583 0.0146916569444 0.032138
0 0.372800805469 0.682073813194 0.0277509069444 0.0165281140625
0 0.0440749726563 0.699486132639 0.0277509069444 0.0202010296875
0 0.354436234766 0.692140303472 0.0424425652778 0.0275468570313
0 0.406316149219 0.686426880556 0.0506045972222 0.0339744578125
