0 0.640749348828 0.380593147917 0.0305084680556 0.0205932164063
0 0.557089407812 0.378305013194 0.0259321986111 0.018019065625
0 0.412016270703 0.375254164583 0.0305084652778 0.0248834695313
0 0.0915343386719 0.370677894444 0.021355925 0.0171610117187
0 0.120279037891 0.373728742361 0.0335593152778 0.0386122804688
0 0.0194580828125 0.35999993125 0.0366101625 0.0154449125
0 0.0739443007812 0.375254163889 0.0610169333333 0.0163029625
0 0.00972904140625 0.361525356944 0.10067795 0.0194580828125
0 0.519840816016 0.380484180556 0.0335593138889 0.0317478757813
0 0.440471126172 0.397263838889 0.0671186305556 0.0755084601563
0 0.865705107813 0.382959351389 0.0214285805556 0.0146364859375
