0 0.454909017969 0.499245734028 0.0534906152778 0.038685175
0 0.262915919141 0.464858904861 0.0305660625 0.0214917648437
0 0.234976626563 0.464858909028 0.0458490986111 0.0286556875
0 0.216350430859 0.467406079861 0.0509434402778 0.0372523898438
0 0.138980078516 0.471226840278 0.0636793055556 0.0286556882813
0 0.113189960938 0.469953255556 0.066226475 0.031521253125
0 0.0587441574219 0.472500424306 0.173207698611 0.117488314844
0 0.171934116797 0.472500427083 0.0815095069444 0.0573113726563
0 0.409467192188 0.491559165972 0.0524118208333 0.0476470921875
0 0.283649089844 0.460853272222 0.0238235444444 0.025312515625
