0 0.229661744141 0.349615891667 0.0312688805556 0.0282949367187
0 0.262545051953 0.353014681944 0.0353474305556 0.0282949382812
0 0.186072246484 0.367289604861 0.0856495402778 0.0527662367187
0 0.0858928726562 0.374766946528 0.160422951389 0.1598281625
0 0.388342816016 0.357093231944 0.0516616277778 0.0321185789062
0 0.490434010547 0.377485978472 0.0679758263889 0.0527662351563
0 0.34207676875 0.357093232639 0.0462235625 0.02982439375
0 0.428873401953 0.378845495139 0.116918420833 0.0810611726562
0 0.685265855859 0.476730686806 0.233836843056 0.185064188281
0 0.899598266406 0.417838909722 0.107401805556 0.100944103125
