1 0.734988253906 0.34721664375 0.116398020833 0.19330701875
1 0.547269715625 0.316827482639 0.0413447736111 0.033052096875
1 0.583694005859 0.326346538194 0.0583436097222 0.0450883289063
0 0.479707532031 0.304312195139 0.0142749236111 0.0131915578125
0 0.480281078125 0.31450856875 0.0142749236111 0.0074561
0 0.495766821875 0.316038025 0.0152945611111 0.008603190625
0 0.515294160938 0.317910979861 0.0170011958333 0.007509646875
0 0.525626821094 0.322253469444 0.0138603638889 0.0086744015625
0 0.626354799219 0.356211361806 0.0318788375 0.018140965625
1 0.931871271484 0.372150779861 0.0914784041667 0.0880999398437
