0 0.169375067188 0.460833517361 0.0750000319444 0.10875004375
0 0.281406361719 0.450833511806 0.0316666791667 0.0328125125
0 0.332031381641 0.446666844444 0.0266666777778 0.0459375179687
0 0.401406410938 0.440000177083 0.0266666791667 0.0253125109375
0 0.503437700781 0.458333516667 0.03833335 0.0328125125
0 0.521718958594 0.446666844444 0.0183333388889 0.0131250046875
0 0.536250215625 0.458333515278 0.0250000111111 0.023437509375
0 0.556875222656 0.452500180556 0.0233333416667 0.0103125046875
0 0.579375232422 0.471666854861 0.0716666930556 0.0496875195312
0 0.644765882813 0.480833523611 0.0700000277778 0.0571875234375
0 0.716015911719 0.471666854861 0.0750000319444 0.0478125203125
0 0.783750312891 0.524166875694 0.128333384722 0.145312557031
0 0.886875339062 0.475121713194 0.0583333569444 0.0375000140625
