0 0.416135779688 0.459471075 0.0138603638889 0.0085761015625
0 0.410288438672 0.458778056944 0.0124743277778 0.00779645234375
0 0.404830920313 0.459471075 0.0138603638889 0.009355746875
0 0.461745041016 0.462936165972 0.0180184736111 0.0155929101563
0 0.446931776953 0.464322203472 0.0124743263889 0.0109150367188
0 0.4668127375 0.482340677083 0.0263346930556 0.01637255625
0 0.507744125391 0.485805767361 0.0277207291667 0.0187114945312
0 0.520608276172 0.4989731125 0.0346509083333 0.0163725570312
0 0.326086726172 0.458085038889 0.0249486555556 0.0109150351562
0 0.319459738281 0.455312964583 0.0277207291667 0.010135390625
0 0.312832752734 0.456699001389 0.0304928027778 0.0124743273437
0 0.301527892578 0.458778056944 0.0318788361111 0.0210504273438
0 0.541268880859 0.505210277778 0.0443531666667 0.0358636929688
0 0.442643726563 0.495508021528 0.0582135291667 0.0428805015625
0 0.278138527734 0.461550127778 0.0401950555556 0.0335247554688
0 0.823908096484 0.748416355556 0.492042933333 0.350060824219
0 0.154174894922 0.446996747917 0.0415810902778 0.0210504289062
