0 0.462403514453 0.421779579167 0.0167796555556 0.0111546601562
0 0.434087842187 0.424830428472 0.0198305069444 0.0128707625
0 0.424220257813 0.424830428472 0.0198305069444 0.008580503125
0 0.449961779688 0.420254157639 0.0289830458333 0.0154449140625
0 0.411778523437 0.430169409722 0.024406775 0.0180190640625
0 0.367159889062 0.454576186111 0.106779644444 0.074650409375
0 0.4902901625 0.434745680556 0.0762711722222 0.0497669390625
0 0.322627058203 0.440847372917 0.0152542319444 0.0120127117188
0 0.308812442187 0.440084661806 0.0259321986111 0.018019065625
0 0.288219225 0.445423644444 0.024406775 0.0214512671875
0 0.265909907031 0.445423644444 0.0274576222222 0.019735165625
0 0.243600589453 0.446949067361 0.0335593152778 0.0248834695313
0 0.221291270313 0.447711779861 0.0442372819444 0.023167365625
0 0.197265851172 0.453050760417 0.0396610069444 0.0283156695312
0 0.172811407812 0.456864319444 0.0381355861111 0.02402541875
0 0.141492558203 0.468304995833 0.0427118555556 0.0386122820313
0 0.524183171094 0.408813482639 0.0183050819444 0.0128707609375
0 0.53662490625 0.417966022222 0.0183050805556 0.0137288125
0 0.549924691016 0.417966020833 0.021355925 0.0163029617188
0 0.566227654688 0.417203310417 0.0289830458333 0.019735165625
0 0.605268960156 0.421016867361 0.0366101597222 0.029173721875
0 0.622000949219 0.424067715972 0.0366101625 0.0214512671875
0 0.649887596484 0.424830427778 0.0350847388889 0.0188771148437
0 0.667048609766 0.423305004861 0.0442372819444 0.0223093179687
0 0.690215977734 0.425593139583 0.0457627041667 0.0446186335937
0 0.731402411328 0.42101686875 0.0640677847222 0.0480508382813
0 0.779453236719 0.42101686875 0.0671186291667 0.0686440546875
0 0.842605771875 0.414915175 0.0976271 0.099533878125
0 0.915111055859 0.427881275 0.0930508305556 0.0900953226562
0 0.977982776172 0.438511570833 0.0823728694444 0.0420444835938
