0 0.562072807422 0.515143883333 0.0323408722222 0.0218300882812
0 0.539722955859 0.519301995139 0.0258726958333 0.0270277273438
1 0.530107323047 0.496663383333 0.0748460138889 0.0296265476563
0 0.507237705078 0.520226017361 0.0240246458333 0.0140336289062
1 0.497102308203 0.511447782639 0.0360369708333 0.0145533929688
0 0.480469858984 0.520226017361 0.0203285458333 0.0176719757812
0 0.457340360938 0.524384132639 0.0360369708333 0.0213103234375
0 0.533225907031 0.541478590278 0.0628336916667 0.035863715625
0 0.605992866797 0.518839979167 0.0212525694444 0.0150731554687
0 0.588320890234 0.551642864583 0.0535934430556 0.0400218273437
0 0.454637582422 0.542864628472 0.0434291708333 0.0150731554688
0 0.432287729297 0.544712677778 0.0637577166667 0.0431404117188
0 0.696575828906 0.618326679167 0.285523691667 0.21778111875
