0 0.0829400835938 0.445153265278 0.044387775 0.0671556421875
0 0.188408881641 0.4375002 0.0352040972222 0.0473533367187
0 0.243941431641 0.425255295833 0.0290816444444 0.0344387914063
0 0.2801021625 0.426020602778 0.0244898055556 0.0327168515625
0 0.312388528125 0.425255297222 0.0229591944444 0.0198023046875
0 0.442251473047 0.426020602778 0.0244898055556 0.0206632757812
0 0.391023771094 0.428061418056 0.0153061305556 0.0146364859375
0 0.337681038281 0.424687201389 0.0328124777778 0.02636716875
0 0.362729849219 0.429374697917 0.0234374847222 0.0290038859375
0 0.480063752734 0.434062194444 0.0328124777778 0.0395507539062
