0 0.395799819922 0.530535217361 0.0249077569444 0.0154116742188
0 0.44833961875 0.533025993056 0.0348708583333 0.016812734375
0 0.465152354687 0.529289827778 0.0473247361111 0.025219103125
0 0.342559489844 0.530535215972 0.0747232708333 0.054641390625
0 0.128197108984 0.547036604167 0.0330027777778 0.0406307773438
0 0.178635316406 0.541121013194 0.0348708597222 0.040630778125
0 0.077058371875 0.541121010417 0.0398524097222 0.0280212265625
0 0.0400472582031 0.544827234722 0.072292375 0.0796264742187
0 0.271805893359 0.543611789583 0.124538781944 0.106480658594
0 0.416815739453 0.529912522917 0.0572878430556 0.0378286539062
0 0.489951136328 0.539564278472 0.0765913541667 0.0523996835938
0 0.721406459766 0.508118236111 0.0249077583333 0.0238180414063
0 0.914052389844 0.528044440278 0.094649475 0.145710376562
0 0.378286553906 0.526176358333 0.0348708583333 0.02241698125
0 0.771844675391 0.490931883333 0.0273985305556 0.0322244101562
