0 0.0407364769531 0.595302645139 0.130287423611 0.0810831304688
0 0.120260317188 0.599460754167 0.0831621861111 0.0982353328125
0 0.299968601172 0.593223591667 0.0679157861111 0.0771849039063
0 0.448491067969 0.5883724625 0.0277207277778 0.029626528125
0 0.563098955078 0.582828317361 0.0166324375 0.00701680859375
0 0.568556473828 0.5897585 0.0166324388889 0.00779645546875
0 0.574403814844 0.589065481944 0.0207905472222 0.0116946828125
0 0.580251155859 0.595302645833 0.0277207305556 0.00935574609375
0 0.591166192187 0.595302644444 0.0332648722222 0.018711490625
0 0.612606444141 0.595302644444 0.0498973111111 0.0257283007813
0 0.614165734375 0.60431188125 0.0540554208333 0.017931846875
0 0.622741834766 0.605697917361 0.0623716375 0.0194911367188
0 0.646910844922 0.593916608333 0.0859342583333 0.0475583742188
0 0.665622336719 0.608469990972 0.0956365125 0.0444397921875
0 0.712011243359 0.623716391667 0.131673461111 0.0810831304688
0 0.798551892969 0.650051082639 0.195431134722 0.18477598125
0 0.945125244531 0.729748176389 0.279979358333 0.108370721875
0 0.54984498125 0.592530572222 0.0443531666667 0.024169009375
0 0.494490152344 0.582135297917 0.0180184736111 0.009355746875
1 0.462914510156 0.576591154167 0.0318788388889 0.021050428125
