0 0.0608891851563 0.376804184722 0.0762886694444 0.0939433125
0 0.118298987891 0.369587692361 0.0742268208333 0.0510309367187
0 0.216881479687 0.36237119375 0.0597938236111 0.044072171875
0 0.186726834766 0.360309338194 0.0432989763889 0.0255154679687
0 0.244716534375 0.350000059028 0.0309278430556 0.0208762921875
0 0.258634063281 0.346907273611 0.0247422722222 0.0092783515625
0 0.271971694922 0.350000057639 0.0226804152778 0.0150773210937
0 0.288788707812 0.352061913889 0.0309278416667 0.0185567046875
0 0.830412508203 0.421134088194 0.156701056944 0.125257752344
0 0.768943426562 0.343814490972 0.0268041291667 0.02551546875
0 0.570038753906 0.3860825375 0.0536082555556 0.022036084375
0 0.579317105469 0.351030986806 0.0371134097222 0.0266752625
1 0.513788744922 0.371649545833 0.140206208333 0.0997422835937
0 0.380992330859 0.393195938889 0.294845405556 0.170489719531
0 0.672680523047 0.400412446528 0.230927873611 0.208762921094
