0 0.937734024219 0.622748401389 0.0810426027778 0.1223636625
0 0.812971072656 0.587558851389 0.0277251 0.0383885984375
0 0.671413110938 0.582227102778 0.021327 0.033590025
0 0.636023619922 0.5715636 0.0341232 0.0419875304688
0 0.291126041797 0.558767402083 0.0255924013889 0.0455864632812
0 0.193954896875 0.545971202083 0.0255924013889 0.023992875
0 0.08178820625 0.54063945 0.0277251 0.04918539375
0 0.24493975625 0.583293451389 0.0618483 0.11636544375
0 0.0517971117187 0.574762651389 0.1002369 0.09717114375
0 0.459076167578 0.630212853472 0.484122901389 0.347896688281
