0 0.0206574539062 0.498792783333 0.116546855556 0.0396077203125
0 0.84477601875 0.588630984722 0.432194591667 0.308403540625
0 0.220744732813 0.472084129861 0.116546856944 0.11199424375
0 0.08758084375 0.486652484722 0.0922662583333 0.105165328125
0 0.156552910156 0.458729802083 0.0752698430556 0.0710207421875
0 0.713109675391 0.457515770139 0.101978498611 0.0915074929688
0 0.651649419531 0.444161443056 0.104406558333 0.069654959375
0 0.613407482813 0.442947413194 0.0776979013889 0.0559971234375
0 0.577214219141 0.438091294444 0.0679856638889 0.0437050710937
1 0.521899989453 0.374961747917 0.0728417847222 0.0368761539063
0 0.498681671094 0.388316075 0.0315647722222 0.009560484375
0 0.489804077734 0.388316076389 0.0267086527778 0.0136578351563
0 0.349811271484 0.400456374306 0.0267086541667 0.0204867523438
0 0.368249348438 0.398028313194 0.0267086541667 0.0163894015625
0 0.410588636328 0.393172194444 0.0412770111111 0.0327788039062
0 0.428946947656 0.351710527778 0.0284210527778 0.0189843765625
