0 0.0570646871094 0.419678720139 0.0566750458333 0.0605714554688
0 0.357690385938 0.378305934028 0.0215365152778 0.008288725
0 0.305088858984 0.383973440278 0.0147355138889 0.0102015085937
0 0.393395666016 0.37263843125 0.0102015097222 0.00573834921875
0 0.364385125391 0.3811396875 0.0136020111111 0.00637594140625
0 0.414436277344 0.388507445139 0.0260705236111 0.017852640625
0 0.376818214453 0.393608197222 0.0476070388889 0.0331549007812
0 0.337287369531 0.392474697917 0.0294710236111 0.019127828125
0 0.352589632031 0.384540189583 0.0158690125 0.010201509375
0 0.0146646683594 0.425912975 0.0646095527778 0.0293293367187
