0 0.422402196094 0.53124980625 0.0187499930556 0.009492184375
0 0.413964699219 0.52843730625 0.0206249902778 0.0116015578125
0 0.502031074219 0.527499805556 0.0224999916667 0.0126562453125
0 0.370722526562 0.52562480625 0.0449999847222 0.0305859265625
0 0.344882691797 0.531249803472 0.0599999791667 0.0316406132812
0 0.329589727734 0.535937304167 0.0618749777778 0.0242578039063
0 0.297421770313 0.5387498 0.0787499722222 0.0548437296875
0 0.253652254688 0.554687295833 0.0881249694444 0.062226540625
0 0.177187436719 0.561249793056 0.123749958333 0.1033593375
0 0.514832335156 0.525374816667 0.0299999888889 0.0126562453125
0 0.398816751563 0.528187309028 0.0281249902778 0.0189843671875
0 0.487410470313 0.530062309028 0.0206249930556 0.01687499375
0 0.472644850781 0.530062309028 0.0206249930556 0.0126562453125
0 0.456824543359 0.530999809722 0.0187499944444 0.0105468710938
0 0.442058923828 0.531937309722 0.0168749944444 0.0168749945312
0 0.616609644141 0.547874802778 0.112499961111 0.0833202835937
0 0.0680273203125 0.599999788889 0.202499930556 0.136054640625
