1 0.215188066406 0.304533921528 0.0249370208333 0.03889325
0 0.0133894796875 0.29221654375 0.0113350097222 0.026778959375
0 0.567968970312 0.357392842361 0.0283375236111 0.012751884375
0 0.621208092187 0.359093094444 0.0249370194444 0.0146646671875
0 0.631090803125 0.36022659375 0.0249370208333 0.014027075
0 0.637147948438 0.362493597222 0.0249370194444 0.0133894796875
0 0.64320509375 0.360793343056 0.030604525 0.014027075
0 0.661695327344 0.365327347222 0.0396725333333 0.0318797125
0 0.671578038672 0.377229113889 0.0385390305556 0.0261413648438
0 0.691981055859 0.378929363889 0.06234255 0.0414436273438
0 0.733661880078 0.394245740972 0.0907083041667 0.0379947289062
0 0.746176569141 0.398765629861 0.0770780625 0.0580210789062
0 0.792402153516 0.410100639583 0.0929470763889 0.0816120664062
0 0.845003680469 0.440138413194 0.0872795708333 0.02996693125
0 0.807194348437 0.808186160417 0.00453400416667 0.0051007546875
0 0.524261890625 0.3499684125 0.0260705194444 0.014027075
0 0.586427330859 0.357336168056 0.0249370222222 0.0197654226562
