0 0.318168382422 0.586160099306 0.0388185486111 0.0208860664063
0 0.295858264453 0.594598915278 0.042194075 0.0256329007813
0 0.261681062891 0.603037729167 0.0556961805556 0.0503164351562
0 0.08652290625 0.581096810417 0.140084329167 0.134810071875
0 0.222757026953 0.607257138889 0.0675105222222 0.0332278335938
0 0.149181108594 0.61400819375 0.111392359722 0.140506271875
0 0.0399386691406 0.65789003125 0.1282699875 0.0798773382813
0 0.337630398438 0.586497653472 0.0320674986111 0.0180379671875
0 0.368484816016 0.585653771528 0.0303797347222 0.0113924007812
0 0.380826582813 0.588185415972 0.0455696013889 0.0132911328125
0 0.393987182422 0.598191438889 0.0540084194444 0.0322784679688
0 0.420569449609 0.589752620139 0.0337552569444 0.0170886007812
0 0.445727667578 0.584689329167 0.0438818388889 0.0256329007813
0 0.47420866875 0.589752620139 0.0337552569444 0.0313291015625
0 0.642314398828 0.632790579167 0.237974586111 0.189873341406
