0 0.384947856641 0.329849040278 0.0357053083333 0.0162586679687
0 0.363429032422 0.339200429167 0.0408060666667 0.0229534117187
0 0.337128246875 0.346001440278 0.0510075833333 0.0411248640625
0 0.028691765625 0.331549291667 0.0731108694444 0.055470746875
0 0.0372992957031 0.373205484028 0.0612091013889 0.0745985914062
0 0.901638736328 0.302219931944 0.0697103638889 0.111897885156
1 0.665648963281 0.278416391667 0.222733113889 0.246749184375
0 0.449982525 0.400126157639 0.247103393056 0.152066357813
0 0.7294084625 0.368104724306 0.127518956944 0.11859263125
2 0.968155830859 0.294143729167 0.0510075833333 0.0277353726563
2 0.940420457031 0.299244488194 0.0612091013889 0.0334737265625
2 0.918423436719 0.307745751389 0.0714106166667 0.0411248640625
2 0.991587439062 0.284792340972 0.0561083430556 0.015302275
