0 0.494584320312 0.466013979861 0.0218525347222 0.01502361875
0 0.510973721875 0.468442038889 0.0267086527778 0.0122920515625
0 0.536240716406 0.463585920833 0.0169964166667 0.013657834375
0 0.522582881641 0.462371890278 0.0145683555556 0.0136578351563
0 0.557410360156 0.4611578625 0.0169964166667 0.01502361875
0 0.581311570703 0.469656070139 0.0679856680556 0.0327788023437
0 0.714475459375 0.5255014375 0.0631295472222 0.02321831875
0 0.448147682813 0.470870098611 0.0461331305556 0.0177551859375
0 0.346396813281 0.457515772222 0.0339928333333 0.0218525359375
1 0.248743295313 0.440519355556 0.165108047222 0.192575470313
0 0.261035345313 0.480582336806 0.104406559722 0.1352125625
0 0.24669461875 0.487866514583 0.0995504402778 0.111994245312
0 0.222110517188 0.491508604861 0.101978498611 0.09560484375
0 0.159967367969 0.485438455556 0.143255511111 0.1270178625
0 0.0711914433594 0.498792783333 0.145683569444 0.140675697656
0 0.0281692636719 0.537641736111 0.126259094444 0.0546313382812
0 0.473414676562 0.473298158333 0.0752698444444 0.0355103703125
0 0.540338066797 0.53642770625 0.1432555125 0.0928732757813
0 0.392833451562 0.513361140278 0.135971333333 0.10379954375
0 0.825786813672 0.486652486806 0.286511020833 0.204867522656
