0 0.460449738281 0.58922649375 0.0397790041667 0.0167817671875
0 0.431780885547 0.586740305556 0.0348066277778 0.0181802476562
0 0.356262933594 0.601657430556 0.159116013889 0.104886045313
0 0.275850298828 0.583011024306 0.0273480652778 0.0223756898437
0 0.250677647266 0.59792815 0.0323204388889 0.0223756882813
0 0.205227028125 0.60165743125 0.0248618763889 0.0237741703125
0 0.185648299219 0.59917124375 0.0248618763889 0.018180246875
0 0.0989425027344 0.6004143375 0.0273480638889 0.0405559382813
0 0.0353116351562 0.604143619444 0.0248618777778 0.03915745625
1 0.064679728125 0.556906051389 0.0472375666667 0.0727209921875
