0 0.237209045703 0.546312001389 0.159975825 0.115696800781
0 0.544815622656 0.570798099306 0.163240640278 0.11386034375
0 0.482376078906 0.549032681944 0.0848851305556 0.0330562296875
0 0.463093280078 0.538422038889 0.0669286611111 0.0128551992188
0 0.455747450391 0.534341025694 0.0555018180556 0.0165281148437
0 0.445646934375 0.522914177778 0.0652962555556 0.0220374875
0 0.364383705469 0.513119740972 0.0261185013889 0.010100515625
0 0.350610276562 0.514752145833 0.0489721916667 0.0192828015625
0 0.335459505469 0.531076213194 0.0685610680556 0.0183645734375
0 0.311126448437 0.537605836111 0.0685610666667 0.0339744578125
0 0.420854763672 0.516384554861 0.0195888763889 0.0110187429687
0 0.979997391406 0.639947934722 0.0995767888889 0.0385656015625
