0 0.364620698828 0.316836878472 0.0260204208333 0.0284120023437
0 0.345679363672 0.322959328472 0.0443877763889 0.0318558820313
0 0.323724636328 0.322959329861 0.0505102291667 0.0309949117187
0 0.292729723047 0.323724634722 0.0704081944444 0.0585459445312
0 0.268622570313 0.331377700694 0.0673469708333 0.0482143078125
0 0.216964382813 0.326785861111 0.0948980027778 0.0792092203125
1 0.144499423437 0.335204233333 0.134693938889 0.13689419375
0 0.054945534375 0.353958590278 0.163775580556 0.108482192187
0 0.599665475 0.294424329861 0.0596939069444 0.0507972171875
1 0.469228526953 0.286224621528 0.0382653236111 0.0180803648438
1 0.447273798047 0.293112376389 0.0275510333333 0.0206632757812
0 0.483065541016 0.308309173611 0.0520408416667 0.0318558820312
0 0.425811050781 0.310605092361 0.0382653236111 0.0551020671875
