0 0.506550264063 0.398774797917 0.0213438791667 0.0110054375
0 0.495044580078 0.405000096528 0.0231225347222 0.0120059304688
0 0.479938427734 0.416249714583 0.0234374847222 0.0182063679687
0 0.575584372656 0.387213533333 0.0195652222222 0.0110054375
0 0.568080665234 0.3925495 0.0231225361111 0.0180088976562
0 0.536064846875 0.397885470139 0.0266798486111 0.022010875
0 0.551072261719 0.427233303472 0.0782608902778 0.0520257046875
0 0.591592282031 0.392549500694 0.0409091013889 0.0110054375
0 0.598095495312 0.395217485417 0.0462450708333 0.0180088984375
0 0.616938350781 0.405932764583 0.0534463763889 0.044354821875
