1 0.438337517969 0.442917977778 0.0436826194444 0.023401403125
0 0.460130092969 0.454507255556 0.0208012472222 0.0093605609375
0 0.467150514453 0.45138706875 0.0312018708333 0.0117007023438
0 0.478266180859 0.456587380556 0.0374422444444 0.0198911929688
0 0.500497514062 0.463867817361 0.0478428680556 0.0245714734375
0 0.525068987109 0.471148254167 0.0665639916667 0.0339320351562
0 0.555490811719 0.477388628472 0.0790447402778 0.036272175
0 0.778389177734 0.536672182639 0.210092598611 0.187211225781
0 0.603902446875 0.489720784722 0.108166486111 0.085415121875
0 0.899738205078 0.527424102083 0.323977315278 0.197357869531
