0 0.396416635547 0.516645256944 0.108546733333 0.0180926351562
0 0.351859946484 0.508505021528 0.0534173097222 0.0327788039063
0 0.575848437891 0.518217259722 0.140827452778 0.0928732773437
0 0.605895674219 0.535213675 0.150539688889 0.0874101421875
0 0.746571371094 0.550996063194 0.313219673611 0.267693560938
0 0.884515502344 0.559667709722 0.494977266667 0.229451623438
0 0.159615395312 0.533582958333 0.0712471 0.0976745734375
0 0.28903390625 0.532785615972 0.145683570833 0.106531110938
0 0.444733223047 0.530357556944 0.169964166667 0.106531111719
0 0.373029589844 0.492722634722 0.0461331305556 0.0232183171875
