0 0.148870399219 0.693818004167 0.019424475 0.0109262671875
0 0.172771609375 0.698674124306 0.0242805958333 0.0122920515625
0 0.183014985156 0.701102183333 0.0291367138889 0.0109262671875
0 0.191892578125 0.702316213194 0.0267086541667 0.009560484375
0 0.198721495312 0.710814421528 0.0388489513889 0.0122920515625
0 0.221939814844 0.712028450694 0.0655576069444 0.0368761546875
0 0.127700755078 0.698674124306 0.0242805958333 0.00409735078125
0 0.124286295703 0.692603975694 0.0364208930556 0.0136578335937
0 0.104482435937 0.692603974306 0.0509892486111 0.0314130203125
0 0.252669942578 0.721740689583 0.0898382013889 0.0655576070312
0 0.0559971222656 0.692603974306 0.0849820819444 0.0710207414063
0 0.159113774609 0.698674123611 0.019424475 0.0150236179688
