0 0.355908524219 0.34322058125 0.1040062375 0.0643538578125
0 0.26054780625 0.325539521528 0.0520031180556 0.0351021046875
0 0.297405016016 0.314098835417 0.0249614958333 0.0198911929688
0 0.309105717969 0.309938586111 0.0249614972222 0.0081904921875
0 0.319051314062 0.315138898611 0.0228813722222 0.0117007015625
0 0.330752016016 0.321379273611 0.0270416222222 0.0163809820312
0 0.36643915625 0.307858461806 0.0249614958333 0.012870771875
0 0.377554823438 0.309938586806 0.0291217458333 0.0117007015625
0 0.416167138672 0.323459397917 0.0270416236111 0.0187211242188
1 0.417337208594 0.295377713889 0.0374422472222 0.0210612640625
0 0.161091841797 0.328659709028 0.0332819958333 0.0702042101563
0 0.107853648828 0.328659709028 0.0332819958333 0.0526531570312
