1 0.487898427344 0.547993423611 0.0444078944444 0.0229810859375
0 0.469913230859 0.563092108333 0.0213157888889 0.0129893101562
0 0.552345385156 0.564868424306 0.0426315791667 0.029975328125
0 0.580821947656 0.559539477083 0.0390789486111 0.03097450625
0 0.579822770703 0.57552631875 0.0497368430556 0.0309745070313
0 0.599306734766 0.57907895 0.0675 0.0439638148438
1 0.2026332125 0.551546054861 0.250460526389 0.179851975
1 0.0558540238281 0.515131580556 0.412105266667 0.111708047656
0 0.265581403906 0.598618423611 0.142105263889 0.1278947375
0 0.518373345313 0.561315792361 0.0390789486111 0.0219819078125
0 0.6584827 0.596149153472 0.131707370833 0.0965059765625
