0 0.0945563601562 0.383857667361 0.265147731944 0.189112720312
0 0.240408493359 0.351155691667 0.167650466667 0.154757727344
0 0.429754410156 0.367867990278 0.167314694444 0.124503704687
0 0.588550559766 0.366101625694 0.1830508125 0.110661336719
0 0.741828770703 0.320603469444 0.0519897527778 0.0331434664062
0 0.768148582812 0.331001419444 0.0450577861111 0.037042696875
0 0.799829838281 0.337933386806 0.0623877013889 0.0516648171875
0 0.699424629687 0.330134923611 0.0675866777778 0.0575136640625
0 0.662686552734 0.334838752778 0.0581790166667 0.0276601898438
0 0.481811730078 0.331665401389 0.117685997222 0.0444144835938
1 0.701844239453 0.280620865972 0.0433247902778 0.0516648164062
