0 0.388948330469 0.571020773611 0.584018211111 0.775947045313
0 0.944101398828 0.778113284722 0.346598344444 0.110153286719
0 0.895848410547 0.517298030556 0.223555933333 0.204709647656
0 0.690651358594 0.501701104861 0.195828065278 0.143296753125
0 0.783745508203 0.496502129861 0.1126444625 0.0584884710938
0 0.819813398438 0.460975799306 0.0415918013889 0.0331434671875
0 0.589758746875 0.44884485625 0.114377451389 0.083833475
0 0.491303154687 0.415918013889 0.0623877027778 0.0467907765625
0 0.519085177734 0.416784510417 0.0329268430556 0.0165717335937
0 0.558077491406 0.422849980556 0.0693196666667 0.043866353125
0 0.770585602344 0.429781947917 0.0207959013889 0.03801750625
