0 0.0857396320312 0.572780295833 0.220840977778 0.171479264062
0 0.211132385938 0.537221156944 0.129759672222 0.07649894375
0 0.282016725391 0.506028926389 0.119778155556 0.0666733898438
0 0.686268011328 0.521001196528 0.129759673611 0.0722879929688
0 0.831194904297 0.554688803472 0.207116398611 0.245638802344
0 0.773294329688 0.431791420139 0.0561460097222 0.09615004375
0 0.393957836328 0.476084385417 0.0449168097222 0.0350912570312
0 0.565554084766 0.459864427778 0.0524029444444 0.0343894320312
0 0.416041940625 0.469131120833 0.0399260555556 0.02245840625
0 0.43428939375 0.465388052778 0.0324399194444 0.0140365015625
0 0.445869509375 0.462268828472 0.0262014708333 0.0077200765625
0 0.454993236328 0.461021144444 0.0187153388889 0.0105273773438
0 0.466924264062 0.454782696528 0.0187153375 0.011931028125
0 0.546932332422 0.45353500625 0.0411737430556 0.0189492804688
0 0.535001303125 0.449791939583 0.0336876097222 0.0133346796875
0 0.528684876562 0.451663474306 0.0299445402778 0.011931028125
0 0.518859324609 0.450415785417 0.0199630263889 0.00772007890625
0 0.511841073438 0.451039627083 0.0162199569444 0.009123728125
0 0.500962782031 0.451663472917 0.0199630236111 0.0154401546875
0 0.487979017969 0.454158852778 0.0149722666667 0.0091237265625
