0 0.387951094531 0.630927939583 0.0185567041667 0.0104381453125
0 0.374613463672 0.631958866667 0.0247422722222 0.0162371164063
0 0.355476862891 0.625773298611 0.0371134083333 0.0197164976563
0 0.346778407422 0.632989794444 0.043298975 0.0255154679687
0 0.448840279688 0.627835155556 0.0247422722222 0.016237115625
0 0.458698529297 0.630927938889 0.0391752638889 0.0127577335938
0 0.461018117188 0.636082579167 0.0371134083333 0.012757734375
0 0.485373791797 0.634020722917 0.0577319680556 0.0405927914062
0 0.420425326953 0.633174215972 0.0800435430556 0.0498711414063
0 0.0893041382813 0.653608355556 0.0391752638889 0.044072171875
0 0.165850542578 0.661855779167 0.138144352778 0.106701047656
