0 0.41006260625 0.319026399306 0.0213157958333 0.019184215625
0 0.390478719922 0.321868505556 0.0298421111111 0.0183848726562
0 0.37888825625 0.33110535 0.0341052722222 0.0175855296875
0 0.364899766406 0.341763246528 0.0383684291667 0.0247796109375
0 0.261784607813 0.353131672222 0.0724737027778 0.067944096875
0 0.174656294922 0.376579045139 0.0966316041667 0.109509896094
0 0.0267779675781 0.399315893056 0.133578980556 0.0519572507813
0 0.470412952344 0.341052720833 0.0397894805556 0.02797698125
0 0.512378423047 0.318315872222 0.0198947416667 0.0127894773437
0 0.521171188281 0.326131664583 0.0184736875 0.0159868453125
0 0.529963953906 0.334657981944 0.0213157944444 0.019184215625
0 0.542353760156 0.346736931944 0.0312631638889 0.026378296875
0 0.625085690234 0.363079041667 0.106578975 0.0847302851563
0 0.733796244141 0.405710632639 0.186157943056 0.182250047656
0 0.960409790234 0.575526465278 0.241579008333 0.0775362039063
