0 0.536010144922 0.592642800694 0.0198170402778 0.0110796867188
0 0.500901089453 0.590018460417 0.0291367125 0.0150236179688
0 0.490657713281 0.58880443125 0.0315647736111 0.01912096875
0 0.473585419922 0.594874580556 0.0339928333333 0.0177551851562
0 0.458561801563 0.602158758333 0.0534173083333 0.036876153125
0 0.433636253125 0.605396172222 0.0534173083333 0.0314130203125
0 0.389111712109 0.601915952778 0.0898382027778 0.0887759257813
0 0.627440927734 0.603129984028 0.0388489513889 0.0300472351563
0 0.225012826953 0.627653383333 0.167536105556 0.173454500781
0 0.0916781953125 0.67500054375 0.247662070833 0.181649201563
0 0.601115429297 0.609234811111 0.0607708472222 0.0423392867188
0 0.553313010156 0.595915163889 0.0437050722222 0.03141301875
1 0.0752888136719 0.552383538889 0.126259094444 0.150577627344
1 0.575988778906 0.583928834028 0.0428571625 0.0172193953125
