0 0.110640690625 0.611746079167 0.329268427778 0.22128138125
0 0.928991877344 0.583151715278 0.171566180556 0.136473098437
0 0.6336251 0.520764013889 0.0571887277778 0.0389923140625
0 0.576598841016 0.520764013889 0.0571887277778 0.0282694273438
0 0.427940644531 0.525096492361 0.114377451389 0.08773270625
0 0.265147734375 0.564088806944 0.181964130556 0.189112723438
0 0.854419076953 0.538960426389 0.145571305556 0.116002133594
0 0.782283296484 0.538093930556 0.0953145444444 0.0614128945313
0 0.732568096484 0.528562476389 0.0727856527778 0.0731105882812
0 0.684802512109 0.532028460417 0.0485237680556 0.0243701976562
0 0.667255970703 0.521630509028 0.0346598347222 0.0126725023437
0 0.482529883984 0.523363501389 0.0762516361111 0.0253450039062
0 0.502026041016 0.517298030556 0.0675866777778 0.0233953898438
0 0.518597773828 0.516431534028 0.0554557347222 0.0194961570312
0 0.535656911328 0.516431534028 0.0415918013889 0.0165717335937
