0 0.494565696484 0.577030844444 0.0328124777778 0.0158203023438
0 0.477427035938 0.573515223611 0.0445312222222 0.0210937359375
0 0.453037404687 0.571171475 0.0632812055556 0.035595678125
0 0.527524657422 0.573515223611 0.0304687277778 0.0158203023437
0 0.510385998047 0.577030847222 0.037499975 0.0237304539063
0 0.622446467188 0.58171834375 0.0281249819444 0.0158203015625
0 0.635711245703 0.58840969375 0.0274451930556 0.0186194054687
0 0.429306951172 0.587577713889 0.0632812055556 0.0514159804687
0 0.660019683594 0.603983953472 0.0539062152778 0.0435058296875
0 0.546640855859 0.58054646875 0.0257812319444 0.0197753757813
0 0.0660085585938 0.632108933333 0.124218663889 0.132017117188
0 0.879954338672 0.668437032639 0.253124826389 0.235523746094
