0 0.625665504297 0.618172245833 0.105338769444 0.0787441929687
0 0.386314340234 0.608469990972 0.0859342597222 0.0740663210938
0 0.427635551953 0.594609625694 0.0609856013889 0.0382026289062
0 0.440499702344 0.581442280556 0.0762320027778 0.0514566015625
0 0.470905875781 0.575205115972 0.0498973097222 0.0187114921875
0 0.486498785547 0.573819078472 0.0415810902778 0.0171522007813
0 0.499752758594 0.57243304375 0.0304928013889 0.012474328125
0 0.585903585156 0.591144535417 0.0568274930556 0.03352475625
0 0.573429257812 0.575898136111 0.0429671305556 0.0288468828125
0 0.566412448047 0.567581917361 0.0374229847222 0.0319654648437
0 0.553548297266 0.560651734028 0.0318788375 0.0233893632813
0 0.522812053516 0.573973488889 0.0643708583333 0.0382201976562
1 0.101886987109 0.596480408333 0.148722444444 0.176014064844
0 0.00740663203125 0.609163009028 0.0817761486111 0.0148132640625
0 0.982353317578 0.695097268056 0.145533822222 0.0343044007812
1 0.223085244531 0.57129136875 0.101920523611 0.10259105625
