0 0.451523076562 0.425454647222 0.0391304444444 0.027013346875
0 0.429512201563 0.413893380556 0.033794475 0.0250123578125
0 0.666129107813 0.444130541667 0.136956555556 0.07603756875
0 0.574583878906 0.449466511111 0.208102819444 0.1410697
0 0.898744039844 0.498379568056 0.334387438889 0.201099359375
0 0.212404933203 0.415672036111 0.0764822333333 0.0490242226563
0 0.410881507031 0.411585534722 0.0190629083333 0.0165717328125
0 0.402108236328 0.41505151875 0.0225288930556 0.0126725023437
0 0.392847561719 0.409852543056 0.025994875 0.01169769375
0 0.177902431641 0.415918014583 0.0346598347222 0.0243701960937
