0 0.096466559375 0.570118264583 0.210472498611 0.191338635938
0 0.267475464453 0.552047391667 0.114803177778 0.0980610507812
0 0.233991203516 0.52866155625 0.0595275736111 0.0310925289062
0 0.346402651172 0.539291484028 0.0637795458333 0.0621850570313
0 0.355371652344 0.51590565 0.0425196944444 0.03946359375
0 0.321289457031 0.504212732639 0.0191338597222 0.0215255984375
0 0.493807432031 0.558526579167 0.107514075 0.08012305625
0 0.425643042578 0.529218365972 0.0829134069444 0.0538139914063
0 0.454343837891 0.501580563194 0.0361417430556 0.0203297304688
0 0.563765621484 0.506591813889 0.0425196972222 0.0239173289063
0 0.526693759766 0.507654806944 0.0361417416667 0.0263090617188
0 0.478859101563 0.499150870833 0.0531496222222 0.0334842609375
0 0.502178495312 0.501732407639 0.0127559097222 0.0155462640625
0 0.608610614063 0.514488315972 0.0722834847222 0.051422259375
0 0.532075159766 0.491709919444 0.0127559083333 0.0179379960938
0 0.706041422656 0.529977652778 0.0977953027778 0.0287654109375
0 0.344573971094 0.464527688194 0.121181134722 0.09806105
0 0.665152209375 0.53235896875 0.101886884722 0.05874415625
0 0.824907657812 0.513255177778 0.043301925 0.0171934109375
