0 0.153770031641 0.39070285 0.0164062361111 0.0171386601563
0 0.131357937891 0.387187226389 0.0234374833333 0.0276855273438
0 0.110264203516 0.389530976389 0.0140624888889 0.0171386601562
0 0.0944439007813 0.402421592361 0.0164062402778 0.0329589625
0 0.0397320238281 0.423515326389 0.0492187166667 0.0527343382813
0 0.0674175523437 0.436405943056 0.0562499611111 0.050097621875
0 0.113560099219 0.418827829861 0.0210937347222 0.0237304515625
0 0.104990768359 0.476249664583 0.0937499347222 0.0777831507813
0 0.294834387891 0.38015598125 0.0234374819444 0.0145019429688
0 0.316587303906 0.377812233333 0.0234374833333 0.015820303125
0 0.357456414844 0.378984108333 0.0164062388889 0.013183584375
0 0.360093131641 0.387187226389 0.0234374833333 0.0184570179687
0 0.366025745313 0.395390347917 0.0257812319444 0.0250488109375
0 0.37064 0.403593465278 0.0281249805556 0.0342773203125
0 0.375254254297 0.422343453472 0.0562499625 0.0355956773437
0 0.384482764453 0.438749690278 0.0515624638889 0.0382323960938
0 0.00734160703125 0.411796584028 0.0304687263889 0.0146832140625
0 0.00734160703125 0.450468432639 0.0656249541667 0.0146832140625
0 0.331748425 0.375468484722 0.0234374833333 0.0118652265625
0 0.311973048047 0.388359100694 0.0210937347222 0.0171386601562
0 0.395688810937 0.459843425694 0.0749999486111 0.058007771875
0 0.833383822266 0.450468434722 0.159374891667 0.237304524219
1 0.197275861328 0.434062194444 0.229687341667 0.193798694531
0 0.991586839844 0.472734043056 0.0585937111111 0.015820303125
0 0.453696583594 0.419999704167 0.0515624638889 0.0369140375
