0 0.268375732031 0.506406059722 0.0430055611111 0.0368118265625
0 0.356198228906 0.52229941875 0.0673130513889 0.058898921875
0 0.531843221484 0.493317411806 0.0168282652778 0.0126211960938
0 0.557085615625 0.497057024306 0.0168282625 0.0084141328125
0 0.583379777344 0.496122120833 0.0224376833333 0.0168282625
0 0.429700698437 0.511466445833 0.0456471055556 0.0344127625
0 0.4992384625 0.53538806875 0.108448806944 0.0757271828125
0 0.216313293359 0.51669 0.0448753666667 0.0567953882813
0 0.060125978125 0.516689997917 0.0710526652778 0.089400146875
0 0.0150753175781 0.537257874306 0.0560942097222 0.0301506351563
0 0.321489935547 0.555021040278 0.136495911111 0.107280174219
0 0.411461923828 0.505740150694 0.0244712986111 0.0217947492188
0 0.395976180859 0.502681238889 0.0265105722222 0.00917673671875
0 0.451610146875 0.490445590278 0.0265105722222 0.014912196875
