0 0.261875426563 0.584062090972 0.0609374569444 0.054052696875
0 0.367344103906 0.56296835625 0.0468749680556 0.027685528125
1 0.427329414062 0.544218369444 0.0281249805556 0.013183584375
1 0.417441725781 0.552421488194 0.0257812319444 0.0118652265625
1 0.75296395625 0.500859022917 0.0351562236111 0.0659179234375
0 0.825473670703 0.510234018056 0.0257812305556 0.0210937351563
0 0.796469785547 0.510234017361 0.0210937347222 0.0158203007813
1 0.964560490625 0.480937161806 0.0703124513889 0.0698729984375
0 0.177500484375 0.603983953472 0.0726561986111 0.072509715625
0 0.398325528125 0.573515222917 0.0632812041667 0.0474609046875
0 0.472153601953 0.579374594444 0.0843749416667 0.0606444898438
0 0.327134170703 0.596952707639 0.114843670833 0.0896483757812
0 0.0634624765625 0.612187072222 0.107812425 0.113378828125
