0 0.469857381641 0.67933275625 0.0277278680556 0.0136473101563
0 0.45279824375 0.686264725 0.0554557388889 0.0282694265625
0 0.488378730859 0.67933275625 0.0346598347222 0.0214457726562
0 0.413318526953 0.698395665278 0.0970475361111 0.0662869335938
0 0.329485051953 0.677599764583 0.0242618847222 0.0155969257813
0 0.29585418125 0.67413378125 0.0450577847222 0.0126725015625
0 0.259786291016 0.675866773611 0.0415918027778 0.0146221179688
0 0.207146667578 0.67933275625 0.0485237680556 0.0204709648437
0 0.100405208203 0.693196690972 0.0485237708333 0.0760350117188
0 0.0531270273438 0.693196692361 0.0519897541667 0.047765584375
