0 0.288876302734 0.524999934028 0.0562499930556 0.0509765570313
0 0.251083338281 0.528906184028 0.0546874930556 0.028124996875
0 0.213729826953 0.533593683333 0.0765624916667 0.0676757726562
0 0.167587255078 0.551562430556 0.0718749888889 0.0826171773438
0 0.0858489835937 0.561718679861 0.1078124875 0.112499985937
0 0.0319381652344 0.586718677778 0.110937486111 0.0638763304687
0 0.337216139844 0.514062436111 0.0906249888889 0.04921874375
0 0.407968084766 0.499999938889 0.0437499944444 0.0272460914063
0 0.436971987109 0.492968688194 0.0578124930556 0.0290039039063
0 0.475643857812 0.5015624375 0.0812499888889 0.046582025
0 0.574520797656 0.510937436806 0.0656249902778 0.0351562453125
0 0.595614545703 0.499218688889 0.0484374944444 0.0246093726563
0 0.380282541406 0.530468682639 0.129687481944 0.082617178125
0 0.530575490625 0.535937432639 0.184374976389 0.123046859375
0 0.621981729297 0.510156186111 0.0765624888889 0.0562499929688
