0 0.420732348828 0.518452274306 0.101209195833 0.0716218304687
0 0.495567978906 0.435199547917 0.0261185013889 0.0156098859375
0 0.45287035 0.431118532639 0.0342805319444 0.0220374859375
0 0.482712778516 0.444177784722 0.0310157194444 0.0229557148438
0 0.693492139453 0.429730978472 0.0179564708333 0.0137734289062
0 0.732516854688 0.451768464583 0.0163240652778 0.016528115625
0 0.754095226563 0.455849479861 0.0244860958333 0.0174463421875
0 0.776132712891 0.455033278472 0.0359129402778 0.0394838289063
0 0.810107169922 0.468092527778 0.0424425666667 0.0449932007812
0 0.847754541016 0.478703168056 0.0473397833333 0.0560119445313
0 0.8612984125 0.522370040972 0.109371226389 0.103759829688
0 0.670765982422 0.513391805556 0.0424425666667 0.0348926867188
