0 0.542383093359 0.524056701389 0.0173299166667 0.0116976929688
0 0.533609824219 0.5266561875 0.015596925 0.009748078125
0 0.525323957031 0.528389178472 0.0155969263889 0.0087732703125
0 0.517038091016 0.527522684028 0.0207959013889 0.0136473101563
0 0.500466357031 0.526656188889 0.0225288916667 0.017546540625
0 0.480482796484 0.524923196528 0.0294608597222 0.0204709648438
0 0.5570052125 0.525789691667 0.0242618861111 0.0175465421875
0 0.580888004688 0.5266561875 0.0259948777778 0.0165717328125
0 0.591123486328 0.530122170833 0.0190629111111 0.0116976929688
0 0.607207815625 0.534454650694 0.0346598347222 0.020470965625
0 0.626703973047 0.545719095139 0.0398588097222 0.0185213492188
0 0.643763110938 0.543119609722 0.0658536861111 0.0311938515625
0 0.656923016016 0.544852602083 0.0693196708333 0.0321686601562
0 0.665696286719 0.547452088889 0.0745186444444 0.034118275
0 0.678856192578 0.553517559722 0.0866495861111 0.0389923148438
0 0.694940521875 0.557850038194 0.0918485597222 0.04581596875
0 0.722722545703 0.567381493056 0.107445488889 0.0779846273437
0 0.788522075781 0.591643378472 0.1282413875 0.1257502125
0 0.905888948438 0.646232616667 0.213157980556 0.186188298437
0 0.440418187891 0.525789691667 0.0485237694444 0.0253450039062
0 0.430182705078 0.530988667361 0.0485237680556 0.0204709648437
0 0.412636164063 0.530988667361 0.0658536847222 0.03021904375
0 0.390215583594 0.532721659722 0.0762516361111 0.036067890625
0 0.358534329687 0.533588154861 0.0918485597222 0.0467907765625
0 0.312718359766 0.541386617361 0.110911470833 0.0701861648437
0 0.235708539453 0.550051577778 0.135173355556 0.107228863281
0 0.0994405453125 0.573620261111 0.169833188889 0.173515796875
