0 0.327186207813 0.468749836111 0.0262499916667 0.0426538796875
0 0.255761628906 0.4593748375 0.0149999944444 0.01792968125
0 0.153984320703 0.4659373375 0.0318749888889 0.0295312382812
0 0.365976434375 0.465937336111 0.0281249916667 0.0210937421875
0 0.39287095625 0.465937336111 0.0281249916667 0.01792968125
0 0.431367036328 0.481874832639 0.0937499680556 0.0611718539063
0 0.510995914063 0.479062332639 0.0656249763889 0.0516796671875
0 0.478300614453 0.461249838194 0.0262499902778 0.0179296804688
0 0.654433364844 0.473437332639 0.0656249763889 0.0390234234375
0 0.806308311719 0.578437297917 0.331874884722 0.384960803125
0 0.461425619922 0.458437339583 0.0206249930556 0.0137109320313
0 0.595898228906 0.44624984375 0.0262499902778 0.0232031171875
0 0.575331829297 0.44624984375 0.0187499930556 0.0221484304688
