1 0.249063403516 0.464875030556 0.0693196694444 0.0633625070313
1 0.677369601172 0.47787246875 0.275545684722 0.240533835156
0 0.379687655859 0.457943063194 0.0311938513889 0.0146221179688
0 0.405520062891 0.457943063194 0.0242618847222 0.0136473085937
0 0.778627767188 0.412885279167 0.0727856527778 0.0916319375
1 0.3231488 0.459676054861 0.124775404167 0.100405207812
1 0.8913423 0.360001952778 0.720003905556 0.214661854688
0 0.459256331641 0.469516961806 0.178498148611 0.112102902344
1 0.194961569531 0.412885277083 0.1282413875 0.138422714063
1 0.521034793359 0.43974665 0.0433247888889 0.0175465414062
0 0.53955614375 0.437147163194 0.0485237680556 0.0292442375
0 0.562464126953 0.44147964375 0.0710526625 0.0185213492187
