0 0.200578714844 0.512479501389 0.130901594444 0.117466135937
0 0.290601308203 0.496602017361 0.0864107680556 0.0711314039062
1 0.0533400191406 0.506393784028 0.161013215278 0.106680038281
0 0.338566936328 0.471226838889 0.0254717222222 0.0128950585937
0 0.358912469141 0.469953253472 0.0178302069444 0.0157606273437
0 0.443446742969 0.468679666667 0.0254717222222 0.0186261953125
0 0.573113722656 0.504340075694 0.112075573611 0.0487146671875
0 0.544458035547 0.492877802083 0.0993397125 0.0286556851562
0 0.522249880078 0.491604215278 0.0967925388889 0.0300884695312
0 0.495743369922 0.468679665972 0.0815095069444 0.0315212539062
0 0.469953251953 0.468679666667 0.0509434416667 0.0286556851563
0 0.650340798438 0.499245731944 0.193585077778 0.167635764063
0 0.84600183125 0.56815930625 0.298255604167 0.303922201562
