0 0.373347536328 0.412145695139 0.0714556013889 0.0523954570312
0 0.326335174219 0.405127734722 0.0421077638889 0.0416292671875
0 0.202523990625 0.431923584722 0.0523157083333 0.050959965625
0 0.422872009766 0.414272357639 0.0969754569444 0.0667503773437
0 0.478138451172 0.392580480556 0.0944234722222 0.0337340617188
0 0.8881526125 0.439792215972 0.283270418056 0.191275804687
0 0.0851725222656 0.452764817361 0.0752835791667 0.0947424710938
0 0.0112446851562 0.444470860417 0.1275992875 0.0215323796875
0 0.936419280078 0.600992640278 0.370037933333 0.124887800781
0 0.638195822656 0.545699615278 0.46786405 0.399784515625
0 0.263771651953 0.418738322222 0.0684782916667 0.0717745992187
0 0.768784257422 0.412499716667 0.168749883333 0.0922850929687
