1 0.356444526953 0.392560400694 0.124395765278 0.0757080742188
1 0.479183378516 0.352794540972 0.0897280902778 0.0412953148438
1 0.90108383125 0.341578531944 0.679078511111 0.195005651562
0 0.518294446875 0.358912363889 0.0203927472222 0.0126180109375
0 0.506823525781 0.362990913889 0.0285498472222 0.0126180109375
0 0.440865732812 0.368089101389 0.0387462222222 0.027530209375
0 0.431688995703 0.388481850694 0.0469033208333 0.0229418414062
0 0.410467794141 0.396638950694 0.0591389736111 0.0332656679688
0 0.401291056641 0.399697863194 0.0693353458333 0.0263831195312
0 0.291361386719 0.439123845139 0.114199390278 0.100944101563
0 0.464954667578 0.391540761111 0.0734138944444 0.0458836820312
0 0.54238338125 0.360951638889 0.02039275 0.0172063796875
0 0.556722030859 0.357892728472 0.0224320236111 0.0114709195312
0 0.564178129297 0.359932004167 0.026510575 0.0103238289063
0 0.570487136328 0.364010550694 0.0305891208333 0.0114709195312
0 0.578516779687 0.365030188194 0.0326283958333 0.01147091875
0 0.586546426953 0.366049827778 0.0387462222222 0.0137651039063
0 0.591708339063 0.369108738194 0.0407854958333 0.0172063796875
0 0.599164438672 0.374206925 0.0509818694444 0.0206476570312
0 0.607767630469 0.378285475 0.0550604222222 0.019500565625
0 0.618091457812 0.382364024306 0.0591389680556 0.026383115625
0 0.627841740625 0.386442574306 0.0632175208333 0.0252360265625
0 0.668563510156 0.384403301389 0.0999244666667 0.07685516875
0 0.708711732031 0.408534720139 0.101963731944 0.088326090625
2 0.532040564844 0.380802228472 0.0280188930556 0.011462275
