0 0.0430476675781 0.619010826389 0.0636428222222 0.0813615632813
0 0.0983735328125 0.615153685417 0.0520714041667 0.050986578125
0 0.105967278516 0.6035822625 0.0366428388889 0.0553258632813
0 0.147732880469 0.613225113889 0.0443571194444 0.045562475
1 0.290386821484 0.588153697917 0.0559285402778 0.0271205195312
0 0.589797371484 0.607439402083 0.0636428236111 0.0466472960937
0 0.513317503906 0.589117984722 0.0231428444444 0.0151874921875
0 0.489451444531 0.591046552778 0.0347142666667 0.0282053421875
0 0.461788513672 0.589117984722 0.0192857027778 0.0292901648438
0 0.4097171125 0.588153699306 0.0212142736111 0.0119330296875
0 0.538810793359 0.592975125694 0.0578571125 0.0488169382812
0 0.634275026563 0.612260827778 0.0848570944444 0.0770222765625
0 0.400496136719 0.594903696528 0.0154285625 0.0260357015625
0 0.376630077344 0.584296558333 0.0404999777778 0.0108482078125
0 0.373375615234 0.560189429167 0.0308571277778 0.0130178507812
1 0.333779653906 0.589117983333 0.154285630556 0.085700846875
0 0.431413530078 0.581842020833 0.0250714166667 0.0119330289062
