1 0.545103182813 0.525331453472 0.0226804152778 0.016237115625
0 0.562500092969 0.52636238125 0.0206185597222 0.0185567046875
0 0.565979474609 0.555228365972 0.0329896958333 0.0185567039062
0 0.550902153125 0.556259295139 0.0391752680556 0.016237115625
0 0.539304212891 0.55832115 0.0391752638889 0.0162371164062
0 0.519587714844 0.5624448625 0.0721649583333 0.037113409375
0 0.592654737109 0.557290221528 0.0989690875 0.0533505242188
0 0.498711422656 0.595434558333 0.113402080556 0.0347938203125
0 0.429703678906 0.498232768056 0.0680412472222 0.070747434375
0 0.357216553125 0.550810097222 0.0989690888889 0.08814434375
0 0.283569634766 0.526067825694 0.0453608347222 0.110180432031
0 0.434342855078 0.615758561111 0.195876319444 0.133376310156
0 0.271391797656 0.698527358333 0.323711394444 0.276030973438
0 0.103221666406 0.495434541667 0.251546433333 0.206443332812
0 0.143814456641 0.767599535417 0.453608323611 0.287628913281
0 0.571778445313 0.623269613889 0.136082497222 0.037113409375
0 0.886745374609 0.702651070833 0.245360866667 0.222680447656
0 0.681461835156 0.690279934028 0.360824801389 0.238917565625
