0 0.301244910547 0.393359100694 0.0164062402778 0.0145019445313
0 0.277514457813 0.398046597222 0.0257812333333 0.02241209375
0 0.264330872266 0.400390346528 0.0257812319444 0.0145019429687
0 0.248510570703 0.399218473611 0.0328124777778 0.0303222445313
0 0.158203016797 0.407421592361 0.0445312236111 0.0527343398437
0 0.0896483757812 0.414843464583 0.0609374569444 0.050097621875
0 0.0500976222656 0.424218458333 0.0562499611111 0.0527343398437
0 0.011206046875 0.417968461111 0.0703124527778 0.02241209375
0 0.436376653516 0.380468485417 0.0187499875 0.0131835851562
0 0.448901057813 0.379296611806 0.0210937375 0.01450194375
0 0.462743823437 0.378124736806 0.0187499875 0.013183584375
0 0.477245765625 0.382812234028 0.0234374847222 0.01845701875
1 0.413305379688 0.355077879861 0.0304687291667 0.02241209375
0 0.419237992969 0.382812234028 0.0421874708333 0.0290038859375
0 0.383642315234 0.39140598125 0.0796874458333 0.0553710570313
0 0.504052400781 0.380859113194 0.0539062125 0.039550753125
0 0.572167575 0.396093479861 0.117187420833 0.0870116578125
0 0.819454687891 0.489995109722 0.328428166667 0.360101660156
