0 0.130136847266 0.611226177778 0.202760033333 0.248576000781
0 0.288543122266 0.606893697222 0.142105322222 0.105279247656
0 0.396746793359 0.625090109722 0.0849165944444 0.0740853960937
0 0.441587954297 0.642420027778 0.0606547111111 0.0233953882813
0 0.464983342578 0.647619002083 0.0363928236111 0.0214457726562
0 0.779358872656 0.622490622222 0.173299172222 0.13744790625
0 0.686264723438 0.617291647917 0.0346598347222 0.0487403921875
0 0.641910966797 0.6666819125 0.0329268444444 0.0263198117187
0 0.631188079688 0.655417465278 0.0277278666667 0.0204709640625
0 0.601456441016 0.658883449306 0.0277278680556 0.0214457726562
0 0.562951530859 0.654550970139 0.0363928263889 0.0243701960937
0 0.522497005859 0.650218490278 0.0381258166667 0.0331434679687
0 0.54589239375 0.651951481944 0.0207959 0.01169769375
0 0.499589021094 0.651951481944 0.03119385 0.0165717328125
