0 0.0750602042969 0.508633071528 0.188896098611 0.150120408594
0 0.84564580625 0.451444345139 0.0675866791667 0.03801750625
0 0.869528598437 0.452310839583 0.0866495847222 0.0448411609375
0 0.900722449219 0.454043831944 0.0970475361111 0.0565388546875
0 0.911445335547 0.477439221528 0.0745186458333 0.0526396226563
0 0.955799092578 0.478305718056 0.103979502778 0.0848082835937
0 0.978219673828 0.490436658333 0.103979502778 0.0419167382812
0 0.696342812109 0.464441782639 0.0277278680556 0.0104080992187
0 0.729816291016 0.46559710625 0.0277278680556 0.0194961570312
0 0.681563301563 0.465597107639 0.0415918041667 0.0263198125
0 0.398869026563 0.483504691667 0.03119385 0.0204709640625
0 0.434449512891 0.478305715972 0.0346598347222 0.0272946195313
0 0.455407880859 0.479172211806 0.0329268430556 0.0224205804688
0 0.522182218359 0.479172211806 0.0259948763889 0.0155969242188
