0 0.0659370847656 0.629291514583 0.327401665278 0.131545313281
0 0.0519347714844 0.547137384028 0.0549718986111 0.0502263914063
0 0.0974631179687 0.550630075 0.0680315166667 0.049030525
0 0.1333391125 0.551055264583 0.0467716680556 0.032288396875
0 0.162637839844 0.547441098611 0.0403937138889 0.0334842609375
1 0.201503500781 0.535748179861 0.0510236347222 0.0418553265625
0 0.240967094141 0.536811172222 0.0403937111111 0.0322883945313
0 0.263090623047 0.51980329375 0.0403937125 0.0430511929687
0 0.288801752734 0.512362347222 0.0297637888889 0.0203297289063
0 0.307337682813 0.524055263194 0.0318897708333 0.01674213125
0 0.311824209766 0.517437425694 0.0366215097222 0.0209317164063
0 0.359955808203 0.521929277778 0.0148818916667 0.0119586664063
0 0.402323647266 0.515399465278 0.0297637888889 0.00956693046875
0 0.422653377344 0.51722174375 0.0595275763889 0.0382677265625
1 0.960445205859 0.406063104861 0.174330756944 0.0741437210937
1 0.183131998047 0.51448833125 0.0510236347222 0.0406594601563
0 0.334155304297 0.519539979861 0.0381048430556 0.0206684757812
