0 0.657038325 0.564030865278 0.0198979666667 0.01549745625
0 0.674257721094 0.559439026389 0.0290816444444 0.020663275
0 0.628626321875 0.560204334028 0.0397959347222 0.04132655
0 0.428881335937 0.575510463194 0.0642857430556 0.04649236875
0 0.769394880859 0.544898204861 0.0489796125 0.0680166132813
0 0.829232280469 0.541071671528 0.0443877763889 0.04649236875
0 0.916620711719 0.585459447222 0.130102097222 0.1110651
0 0.978492148438 0.616071705556 0.142347002778 0.039604609375
1 0.697187090625 0.551050552778 0.0367347111111 0.028412003125
0 0.517244407813 0.547989324306 0.116326581944 0.185108501563
0 0.271868021094 0.553346469444 0.166836808333 0.279815176562
0 0.072867975 0.679622038194 0.327551168056 0.14573595
