0 0.555026707422 0.620816329167 0.0598890805556 0.0371967320312
0 0.305878780469 0.601477148611 0.0661275222222 0.03017848125
0 0.297456878516 0.606467902083 0.0611367680556 0.0414076851563
0 0.241310866016 0.629550154167 0.109796641667 0.0919390929687
0 0.1009458375 0.587752563889 0.048659875 0.0708843421875
2 0.36518300625 0.608339436806 0.0149722680556 0.0070182515625
0 0.347286463281 0.595862545833 0.0149722694444 0.0161419765625
0 0.324734494922 0.597019261806 0.0237060902778 0.0133346789062
0 0.334209133594 0.588909281944 0.0199630277778 0.0140365015625
0 0.371054953906 0.593900034722 0.0274491583333 0.018949278125
