0 0.0855082703125 0.51105464375 0.270042084722 0.171016540625
0 0.217849990234 0.436117970833 0.170126508333 0.166198508594
0 0.354351122266 0.390355475 0.0506328916667 0.0441455523437
0 0.385442882031 0.383242765972 0.0388185513889 0.0142405015625
0 0.393342969922 0.383544147917 0.0320674986111 0.0167495445312
0 0.419145401563 0.373417569444 0.042194075 0.0208860671875
0 0.408227683984 0.377636977778 0.0405063166667 0.0161392351563
0 0.440641777344 0.368052900694 0.0253164458333 0.0208860671875
0 0.462951894141 0.355394675 0.0337552611111 0.0199367007812
0 0.560126355859 0.364134872917 0.0371307875 0.0218354351562
0 0.584335206641 0.358227704167 0.0354430222222 0.0208860679687
0 0.6332142125 0.402882217361 0.0977478430556 0.080722928125
0 0.539477630078 0.360759347222 0.0286919722222 0.0170886007813
0 0.505775112109 0.373417570139 0.0607594680556 0.0370253023437
0 0.48061689375 0.355696057639 0.0253164430556 0.0132911328125
0 0.288061325781 0.370312245833 0.0445312194444 0.0303222453125
0 0.584691980469 0.359765377083 0.0328124763889 0.02241209375
