0 0.482975160938 0.577704718056 0.0267086555556 0.0081947
0 0.504827696094 0.578918746528 0.0194244763889 0.0136578359375
0 0.493901428516 0.605627402778 0.0485611888889 0.0273156695312
0 0.541703848438 0.58741695625 0.0267086541667 0.0136578359375
0 0.553313010937 0.588630984722 0.0437050694444 0.0232183203125
0 0.5799457875 0.592273074306 0.0655576069444 0.0409735046875
0 0.451562140234 0.604413372222 0.0898382027778 0.0682891742187
0 0.523948664453 0.599557253472 0.0655576069444 0.0437050710938
0 0.614773266406 0.611697550694 0.0364208930556 0.047802421875
0 0.650966528516 0.61655366875 0.0364208930556 0.0300472351563
