0 0.591848786328 0.425557745139 0.0234374819444 0.0197753773437
0 0.632717899609 0.422042119444 0.0210937333333 0.0224120945313
0 0.653152455469 0.42790149375 0.0281249791667 0.013183584375
0 0.670291114453 0.427901494444 0.0234374833333 0.0131835851563
0 0.621511853125 0.437276490972 0.0281249819444 0.01845701875
0 0.613695866016 0.4443077375 0.0328124805556 0.0197753773438
0 0.594956352734 0.463225129167 0.0398437194444 0.0184570210938
0 0.631211208203 0.511271974306 0.0796874486111 0.0804198664063
0 0.739504935156 0.419865784722 0.00937499166667 0.011865228125
0 0.773123076172 0.417522036111 0.0187499861111 0.0131835835938
0 0.783010766797 0.409318913889 0.0164062333333 0.0145019414063
0 0.765212923438 0.438615770833 0.0234374833333 0.031640603125
0 0.794875988281 0.436272020139 0.0234374847222 0.0171386609375
0 0.884524365234 0.456193882639 0.0351562263889 0.0461425460937
0 0.915505790625 0.435100151389 0.0164062444444 0.0184570203125
0 0.931985272266 0.433928275 0.0281249777778 0.0145019429687
0 0.939895422656 0.465568872917 0.0257812375 0.0408691125
0 0.977468636719 0.462053256944 0.0281249805556 0.02636716875
0 0.992629762109 0.453013088889 0.0281249805556 0.0118652273437
0 0.737527397266 0.517466166667 0.161718641667 0.145019430469
0 0.8370634625 0.576059879167 0.255468572222 0.262353339063
0 0.228076016797 0.486997438889 0.152343647222 0.176660035156
0 0.492671253516 0.525759728472 0.374818854167 0.210147728906
0 0.97417274375 0.709653536111 0.330468522222 0.0487792640625
0 0.0615283359375 0.442209352778 0.0317867194444 0.041018890625
0 0.174067344531 0.435665028472 0.0299169125 0.041018890625
0 0.118849606641 0.431925411806 0.0411357541667 0.0567953867187
