0 0.373541779687 0.454654142361 0.0437050680556 0.0341445859375
0 0.323963841016 0.419143771528 0.0418840263889 0.0349640570312
0 0.318910441016 0.4218753375 0.0291367111111 0.0368761539063
0 0.282034288281 0.465580410417 0.0218525375 0.0177551859375
0 0.245158132813 0.485004890278 0.0461331333333 0.0423392875
0 0.669575348047 0.516569660417 0.1626799875 0.133846780469
0 0.47563409375 0.453440113194 0.0412770097222 0.024584103125
1 0.515583261328 0.414591158333 0.070413725 0.0505339882812
1 0.426124444141 0.458296232639 0.128687154167 0.0682891742187
0 0.585221977344 0.594050773611 0.476333252778 0.320991601563
0 0.812982614063 0.465580410417 0.0437050736111 0.06555760625
0 0.975510846484 0.704744273611 0.182104461111 0.0464366382812
0 0.335299842969 0.495931154167 0.109262677778 0.066923390625
