0 0.175437625391 0.335859553472 0.0344518097222 0.0258388554687
0 0.241829129297 0.292475795139 0.0242438652778 0.0222501257813
0 0.304990776563 0.293113792361 0.0127599291667 0.0165081578125
0 0.299248808203 0.29949375625 0.0153119152778 0.0208146335938
0 0.293865712891 0.307149713194 0.0204158847222 0.0129194273437
0 0.287764872266 0.311615686806 0.0267958513889 0.0136371742187
0 0.331906251172 0.293751788889 0.0165879083333 0.0129194273437
0 0.351644266406 0.287371823611 0.0140359222222 0.0093306984375
0 0.376047629687 0.28418184375 0.0178639013889 0.01220168125
0 0.381789597266 0.298217764583 0.0204158847222 0.0165081585937
0 0.387172691797 0.309701697222 0.0229678722222 0.0172259039062
0 0.392555787109 0.314167672917 0.0318998236111 0.0208146335938
0 0.414447039844 0.336497548611 0.0663516305556 0.0401937765625
0 0.443156879688 0.3160816625 0.0255198583333 0.0215323796875
0 0.465407003906 0.302045742361 0.0153119152778 0.0200968875
0 0.136320467969 0.349895472917 0.1008034375 0.0696213609375
0 0.0702878382812 0.3562754375 0.131427263889 0.0983312
0 0.459097246875 0.344262875694 0.0765595708333 0.0567019328125
0 0.359689427344 0.300879116667 0.0331758138889 0.0172259046875
0 0.320213397656 0.305983090972 0.0331758152778 0.0200968875
0 0.308729463281 0.331502947222 0.0357278 0.0258388546875
0 0.275354273828 0.325122982639 0.0306238291667 0.0251211085937
0 0.01911895625 0.368506738194 0.168431056944 0.0380405375
