0 0.426517178125 0.599093140278 0.0228536916667 0.0146916578125
0 0.410448177734 0.608071375 0.0310157222222 0.0229557148438
0 0.406316149219 0.616233406944 0.0277509083333 0.018364571875
0 0.393001833984 0.621130626389 0.0603990361111 0.0211192570312
0 0.446718206641 0.640719501389 0.128960105556 0.0477478851562
1 0.604653523438 0.515840415278 0.133857325 0.13314314375
0 0.640923553125 0.633373673611 0.127327697222 0.098250459375
0 0.108401973047 0.628595481944 0.559915388889 0.215783716406
0 0.768608326562 0.68953864375 0.288935929167 0.263531604688
0 0.538132951562 0.702597893056 0.282406302778 0.199255603125
0 0.345349319141 0.616636994444 0.0699481888889 0.0852493539062
