0 0.522309156641 0.449701970833 0.0268211916667 0.0170985085938
0 0.536390282813 0.450596009028 0.0178807930556 0.0150869203125
0 0.511245416016 0.455066207639 0.0303973486111 0.00905215234375
0 0.501187469141 0.454172168056 0.0393377444444 0.0110637414063
0 0.48710634375 0.453278128472 0.0447019847222 0.017098509375
0 0.475036807422 0.460430446528 0.0447019847222 0.0130753320313
0 0.462967271484 0.462218525 0.0447019833333 0.0130753320312
0 0.442348480859 0.464900644444 0.0643708583333 0.0422433773437
0 0.390047158203 0.466688723611 0.100132444444 0.0583360898437
0 0.340260323438 0.488145676389 0.0894039694444 0.0935389046875
0 0.575616273828 0.445231772222 0.0214569527778 0.0170985085938
0 0.592714783203 0.443443692361 0.0250331125 0.0130753320313
0 0.597743755469 0.448807930556 0.0250331111111 0.011063740625
1 0.629929186328 0.425562898611 0.107284763889 0.0573302960938
0 0.923621228906 0.450596009722 0.107284763889 0.1015852625
1 0.965864604687 0.398741707639 0.246754959722 0.065376653125
0 0.673681254297 0.449701970833 0.0339735111111 0.0140811257813
