0 0.56226815625 0.316494897917 0.0185567041667 0.0069587640625
0 0.550090317578 0.314433041667 0.0103092805556 0.0104381460937
0 0.561688257812 0.317525825694 0.0164948486111 0.0081185578125
0 0.569226920312 0.318556754167 0.0226804166667 0.0069587640625
0 0.599381562891 0.311340257639 0.0164948486111 0.00927835234375
0 0.6115594 0.312371185417 0.0185567041667 0.012757734375
0 0.621417649609 0.309278402778 0.01649485 0.00927835234375
0 0.629536208594 0.308247473611 0.0185567055556 0.0069587640625
0 0.582564551172 0.32371139375 0.0453608319444 0.0266752617187
0 0.492680514844 0.310309328472 0.0391752625 0.0208762921875
0 0.476443398437 0.317525825694 0.0288659847222 0.011597940625
0 0.444549064062 0.328866034028 0.0309278402778 0.019716496875
0 0.405463991406 0.340206241667 0.0742268166667 0.0579897
0 0.667577437109 0.3216495375 0.0618556805556 0.0417525851563
0 0.524110903906 0.340206243056 0.0824742444444 0.05682990625
0 0.909162548828 0.383505217361 0.197938176389 0.177448482031
0 0.982113586328 0.400206249306 0.179381473611 0.0324742320313
0 0.0266752621094 0.369278410417 0.101030945833 0.0533505242187
