0 0.488633082812 0.493827777083 0.0210937347222 0.0118652265625
0 0.506430922266 0.492655902778 0.0187499861111 0.0263671695313
0 0.474131140234 0.507890269444 0.0257812333333 0.0145019429687
0 0.480063753125 0.539530872222 0.0562499611111 0.0158203015625
0 0.366025744922 0.547733992361 0.0773436986111 0.0382323960938
0 0.132017117188 0.574687097917 0.0749999486111 0.0791015078125
0 0.0911480046875 0.577030845139 0.0890624402778 0.0975585265625
0 0.0429372855469 0.575858972917 0.100781181944 0.0858745710937
0 0.515659431641 0.550077738194 0.114843670833 0.0685546398438
0 0.422715159766 0.585233965972 0.161718640278 0.0988768851563
1 0.255283633984 0.581718343056 0.215624852778 0.172704958594
0 0.820859416797 0.750468225694 0.496874659722 0.357275144531
