0 0.168222597266 0.533303383333 0.0637499777778 0.0706640382813
0 0.0205663992187 0.532365882639 0.0431249875 0.0411327984375
0 0.456152184766 0.541473022917 0.0206249930556 0.00949218515625
0 0.466699054688 0.547098020139 0.0281249902778 0.0200390546875
0 0.441913907812 0.544285522917 0.0374999875 0.0232031171875
0 0.505873151953 0.539598023611 0.0168749944444 0.0158203070313
0 0.596726919531 0.547098020139 0.0281249902778 0.0221484296875
0 0.618875348047 0.548035520139 0.0262499902778 0.0242578039062
0 0.641551121484 0.551785519444 0.0224999916667 0.0253124914063
0 0.670027674219 0.564910513889 0.0412499833333 0.025312490625
0 0.692176103906 0.556473018056 0.0243749916667 0.01898436875
0 0.709051097656 0.558348017361 0.0243749930556 0.0337499875
0 0.748074521875 0.564910513194 0.0524999819444 0.05484373125
0 0.790789350781 0.579910509028 0.0674999763889 0.079101534375
0 0.868836198047 0.58834800625 0.0768749736111 0.0917577804688
0 0.263144438672 0.563035518056 0.187499933333 0.148710885156
