0 0.278529782031 0.553080191667 0.0682464027778 0.0443868203125
0 0.316318559766 0.537084940278 0.0405213 0.0287914492187
0 0.334313215234 0.540283990278 0.0383886 0.0335900242187
0 0.346909475 0.559478290972 0.0597156041667 0.05878254375
0 0.436282935938 0.522156040972 0.0277251013889 0.023992875
0 0.402692910156 0.549881141667 0.0618483027778 0.062381475
0 0.684009369922 0.578672590278 0.1322274 0.0563832554687
1 0.725996900781 0.476302990972 0.115165801389 0.12356330625
0 0.918539725 0.492298240278 0.0533175 0.062381475
0 0.953871464844 0.473103940278 0.0661137 0.0922570703125
0 0.782380158203 0.577606241667 0.2495259 0.197941219531
0 0.985062202734 0.749288590278 0.2004738 0.0298755945313
0 0.88489195 0.674644091667 0.332701202778 0.2302161
1 0.481869397656 0.462440440278 0.0789099 0.0887736375
0 0.163557676563 0.647314747917 0.3447058875 0.327115353125
0 0.528655504297 0.626658340972 0.313506901389 0.237529463281
