0 0.405885303125 0.487820511111 0.0156431083333 0.0087992484375
0 0.419084174219 0.487038358333 0.0203360416667 0.0105590984375
0 0.39488624375 0.492513443056 0.0156431083333 0.006159471875
0 0.386086995313 0.493295599306 0.0234646597222 0.0079193234375
0 0.376847783984 0.494859909028 0.0234646625 0.0123189460937
1 0.358369365625 0.485474045139 0.0516222541667 0.0281575921875
0 0.262534605469 0.507500201389 0.0518738638889 0.0369140375
0 0.101871297266 0.505810085417 0.0265932819444 0.0202382695313
0 0.0803131394531 0.505027929167 0.0187717277778 0.0211181945313
0 0.02308714375 0.515978102778 0.0250289722222 0.0405383125
0 0.0543553601562 0.525363968056 0.0406720777778 0.0536754109375
0 0.126199467578 0.512193133333 0.042488 0.0437357570313
0 0.160053642188 0.521568127083 0.0612379875 0.032342596875
1 0.199982907422 0.522235345833 0.0938586416667 0.0721538304687
0 0.319212712891 0.539442763194 0.147045204167 0.0906322492187
0 0.473199546875 0.486256199306 0.0250289708333 0.034317065625
0 0.517195785156 0.485474045139 0.0422363902778 0.0536754109375
0 0.582407442188 0.480528071528 0.0636306513889 0.0833984
