0 0.845556311328 0.51322016875 0.348066281944 0.302071808594
0 0.630889539453 0.515706354167 0.208839766667 0.216764492969
0 0.523206533203 0.424960504861 0.211325959722 0.149637424219
0 0.433004534375 0.444850006944 0.0820441944444 0.058736184375
0 0.403636441797 0.433662160417 0.0646408791667 0.0251726507812
0 0.390350877344 0.424960504861 0.0422651902778 0.02657113125
0 0.368674426172 0.396369344444 0.0397790027778 0.0223756882812
0 0.0312035878906 0.4684687875 0.0845303833333 0.0624071757813
0 0.0910760285156 0.452308568056 0.0820441944444 0.0769164335937
0 0.151210694141 0.428689786111 0.0696132555556 0.0545407445313
0 0.224630925391 0.39512625 0.0422651888889 0.0307665757812
0 0.241412691797 0.382695311806 0.0372928152778 0.0223756882812
0 0.257495218359 0.369021281944 0.0298342555556 0.0125863226563
0 0.364478986328 0.371507469444 0.0248618805556 0.0111878445313
0 0.278472428906 0.349131779167 0.0248618805556 0.020977209375
