0 0.292713075391 0.440935726389 0.0191943 0.0119964382812
0 0.265121269531 0.438803026389 0.0319905 0.0407878875
0 0.228532135156 0.444134776389 0.0170616 0.03239038125
0 0.192542822656 0.447333825694 0.0191942986111 0.03718895625
0 0.122363663281 0.438803027083 0.0405212986111 0.103169364063
0 0.401880657031 0.447333825694 0.0191942986111 0.00959715
0 0.409078519922 0.447333826389 0.0234597 0.00719786171875
0 0.462462666797 0.447333825694 0.0362559013889 0.0251925179688
0 0.550636483203 0.460130026389 0.0533175 0.0431871757812
0 0.387484932422 0.449466526389 0.0234597 0.0191942992187
0 0.368890454297 0.450532876389 0.0341232 0.0275918070313
0 0.497852157422 0.467594475694 0.102369598611 0.0671800492187
0 0.322704169531 0.459063677083 0.0639810013889 0.0575829
0 0.421074957813 0.448933351389 0.0277251 0.0215935875
