0 0.458874699219 0.374422452083 0.0166409986111 0.01053063125
0 0.469990365234 0.369222141667 0.0228813722222 0.00936056171875
0 0.476425752734 0.374422452778 0.0249614944444 0.00819049140625
0 0.486371348047 0.378582702778 0.0332819944444 0.0187211226562
0 0.526153733594 0.385863139583 0.0769646152778 0.0374422453125
0 0.568276259375 0.403544199306 0.1040062375 0.074884490625
0 0.52966394375 0.3952237 0.0832049916667 0.0163809828125
0 0.448344067578 0.375462514583 0.0187211236111 0.00819049140625
0 0.437813436328 0.375462514583 0.0187211236111 0.0128707710938
0 0.423187559766 0.380662826389 0.0208012472222 0.0140408414062
0 0.410316786719 0.388983327083 0.0291217458333 0.0117007015625
0 0.391595664453 0.396263763194 0.0395223708333 0.0257415429688
0 0.376384752344 0.397303826389 0.0374422444444 0.0140408421875
0 0.347132998438 0.397303825694 0.0790447402778 0.053823228125
0 0.335432296875 0.418105074306 0.0540832430556 0.030421825
0 0.292724736328 0.432665946528 0.0915254902778 0.0690341398437
