0 0.420517542578 0.498451817361 0.0187153375 0.0119310273438
0 0.414201116016 0.504690263194 0.0336876069444 0.0119310273437
0 0.381215333594 0.498451817361 0.0311922291667 0.0105273765625
0 0.374547995312 0.499699506944 0.0386783638889 0.011229203125
0 0.396304575 0.507809486111 0.0524029444444 0.0364949078125
0 0.360862404687 0.500947194444 0.0461644972222 0.03158213125
0 0.353844153516 0.510304863194 0.0374306736111 0.0189492789062
0 0.338404 0.514671777778 0.0486598805556 0.0231602296875
0 0.318051070703 0.512800243056 0.0623844583333 0.0315821320312
0 0.285065288672 0.517167154167 0.0786044166667 0.0526368867187
0 0.248219467969 0.535258647222 0.0773567277778 0.0547423609375
0 0.180493341406 0.538377870139 0.126016604167 0.101764646875
0 0.0713595304688 0.581839043056 0.152218075 0.141768679688
0 0.459000962109 0.499699506944 0.0137245805556 0.00982555234375
0 0.483564842578 0.495956438889 0.0187153361111 0.0112292023437
0 0.490934005859 0.496580284028 0.0199630263889 0.00631642578125
0 0.500408646094 0.490965682639 0.0411737430556 0.0196511046875
0 0.513041498828 0.497827972917 0.0449168097222 0.0252657054688
0 0.5186561 0.505314108333 0.0424214333333 0.0196511046875
0 0.531639865234 0.504066418056 0.0623844555556 0.0245638804688
0 0.540763592578 0.505314107639 0.0698705930556 0.0273711820313
0 0.54918549375 0.521534068056 0.0748613527778 0.02737118125
0 0.612349757422 0.49969950625 0.163447279167 0.112993849219
0 0.662062368359 0.541497093056 0.164694969444 0.136154078906
0 0.842541092578 0.580079761806 0.321903804167 0.312312192969
0 0.949920340625 0.737912439583 0.268253168056 0.097553696875
