0 0.069587640625 0.482474306944 0.191752611111 0.13917528125
0 0.932474380859 0.570103186111 0.305154688889 0.131056722656
0 0.169329924609 0.437113475694 0.150515490278 0.0997422820312
0 0.578737208984 0.438144402083 0.1154639375 0.0672680523438
0 0.557860916797 0.42268048125 0.125773215278 0.0707474351562
0 0.681378978516 0.447422753472 0.216494879167 0.186726835156
0 0.506250082812 0.406701097917 0.0494845430556 0.0313144375
0 0.334600570703 0.402577386111 0.0618556805556 0.0429123789062
0 0.357216552734 0.406701097222 0.0412371222222 0.0162371148437
0 0.371713978906 0.40051553125 0.0412371208333 0.015077321875
0 0.389110888672 0.401546458333 0.0350515527778 0.0243556726563
0 0.4813145125 0.402061922222 0.0412371194444 0.0231958796875
0 0.405348005078 0.390927903472 0.0222680375 0.0127577335938
0 0.471456262109 0.3907217125 0.0288659833333 0.0197164976563
0 0.414278433984 0.382886667361 0.0185567041667 0.00927835390625
0 0.0933634175781 0.377663289583 0.0281787097222 0.0405927898437
