0 0.580000653125 0.548296956944 0.0201827111111 0.017659871875
0 0.625411750391 0.544933170833 0.0179401861111 0.00756851640625
0 0.627934589453 0.549418218056 0.0269102805556 0.00756851796875
0 0.636133815625 0.548296954167 0.03363785 0.016398453125
0 0.639287362891 0.555024527778 0.0291528027778 0.0126141929687
0 0.651270847656 0.555024527778 0.0291528027778 0.0163984515625
0 0.525381170703 0.561752096528 0.0470929902778 0.0214441289063
0 0.512766976563 0.568479665972 0.0426079430556 0.02648980625
0 0.485015750781 0.574085974306 0.0627906541667 0.0391040015625
0 0.471770846875 0.579692282639 0.0740032708333 0.0277512265625
0 0.447803878516 0.585298590972 0.0807308430556 0.0479339367187
0 0.391544585547 0.602117515972 0.109883643056 0.100913549219
0 0.554267666016 0.5561457875 0.0627906527778 0.0428882570313
0 0.605355150781 0.544933170833 0.0269102833333 0.02901264375
0 0.732632397656 0.569600928472 0.237707476389 0.156416003125
