0 0.468395169922 0.639473946528 0.0207959013889 0.0146221179687
0 0.460109303125 0.644672922917 0.0207959013889 0.01169769375
0 0.447924204687 0.647272409722 0.025994875 0.0165717328125
0 0.430377663672 0.644672921528 0.0381258180556 0.0204709648438
0 0.411368910547 0.649871897222 0.0381258166667 0.0233953882813
0 0.403083044531 0.65593736875 0.0398588097222 0.02242058125
0 0.386998714844 0.650738393056 0.0502567611111 0.0292442359375
0 0.371401789844 0.662002838889 0.0693196694444 0.0292442359375
0 0.509337099609 0.643806425694 0.0329268430556 0.00877327109375
0 0.524446621094 0.648138904167 0.0381258166667 0.015596925
0 0.542967969922 0.655937368056 0.0675866777778 0.0214457726563
0 0.562464126953 0.656803863889 0.0866495861111 0.0331434664062
0 0.650196833203 0.668068310417 0.0987805291667 0.0526396242188
0 0.584884708203 0.657670359028 0.0918485597222 0.0253450039062
0 0.325585820703 0.656803863194 0.103979504167 0.0799342429687
0 0.490815750391 0.644672922917 0.0207959013889 0.0185213492187
0 0.828586669141 0.623877020833 0.49216965 0.341182746094
