0 0.150739837109 0.483559230556 0.103728794444 0.108114386719
0 0.220670967578 0.469830419444 0.100677947222 0.0746504085937
0 0.267434730078 0.475169401389 0.0655932083333 0.0514830414063
0 0.534717519141 0.469830419444 0.04881355 0.0248834710937
0 0.396023459375 0.468304996528 0.0183050819444 0.0191148625
0 0.320204847266 0.466016861111 0.0167796583333 0.0163029632813
0 0.444813475781 0.468304995833 0.0366101638889 0.02402541875
0 0.49844164375 0.473643977778 0.102203369444 0.057489396875
0 0.622344177734 0.498050752083 0.0961016763889 0.0763665117187
0 0.426880215625 0.465254147917 0.0305084680556 0.0128707609375
0 0.722487612109 0.483559229861 0.0640677847222 0.0829449039063
