0 0.385764992969 0.456283420139 0.0403654208333 0.01261419375
0 0.375042927344 0.463010989583 0.0358803708333 0.0214441296875
0 0.353598799219 0.469738560417 0.0448504680556 0.0163984515625
0 0.340984605469 0.47534486875 0.0470929930556 0.02396696875
0 0.319540474609 0.484314961806 0.0695182236111 0.0264898070312
0 0.306295573047 0.495527578472 0.0695182236111 0.0327969039063
0 0.284220733594 0.502255149306 0.0784883180556 0.0416268390625
0 0.24923363125 0.517335411806 0.0996787458333 0.062474828125
0 0.517366094922 0.488518238194 0.0745429680556 0.0320481992188
0 0.592637769531 0.502255147917 0.132308876389 0.11352774375
0 0.742814066406 0.556671932639 0.225302409722 0.242057742187
0 0.111311945703 0.536322970833 0.188850505556 0.222623891406
0 0.900226031641 0.591232234722 0.380434136111 0.197177553906
0 0.454012505469 0.523234322222 0.17389205 0.13252256875
