0 0.436713914844 0.416784508333 0.0779846277778 0.0506900078125
0 0.419167373047 0.382991170139 0.0415918013889 0.0311938492188
0 0.235903499609 0.415051519444 0.0502567611111 0.0194961570312
0 0.220793978125 0.3899231375 0.0589217166667 0.047765584375
0 0.688701742188 0.431514939583 0.0346598347222 0.04581596875
0 0.596582401562 0.535494442361 0.249550806944 0.1910623375
0 0.202760031641 0.418517501389 0.0849165944444 0.0623877007812
0 0.322173993359 0.455776824306 0.294608595833 0.186188299219
0 0.775947046094 0.402054078472 0.0450577847222 0.152070023438
0 0.798367625781 0.647272409722 0.497368625 0.401620832812
