0 0.634746571484 0.39191271875 0.0341412152778 0.0216049882813
0 0.639147587109 0.399025472917 0.0312961152778 0.0224051726563
0 0.655951466797 0.397602922222 0.0170706083333 0.00800184765625
0 0.661952852344 0.399736749306 0.0355637680556 0.0104024015625
0 0.673155439453 0.401159300694 0.0469441736111 0.0264060976562
0 0.679156826172 0.406138226389 0.0426765194444 0.0320073914063
0 0.681157286719 0.414673530556 0.0398314194444 0.0296068375
0 0.688358950781 0.434589241667 0.0483667222222 0.0296068375
0 0.704762738281 0.441701994444 0.0682824333333 0.04961145625
0 0.733169298438 0.485801066667 0.0881981416667 0.076017553125
0 0.590136269922 0.406707249306 0.0184931597222 0.0104024023437
0 0.583734791797 0.403150872222 0.0227608111111 0.00720166328125
0 0.572132111328 0.398171943056 0.0440990722222 0.0256059132813
0 0.562529894531 0.414531279167 0.0398314194444 0.0256059125
0 0.551327308594 0.423777857639 0.0440990708333 0.0256059125
0 0.535323612109 0.4323131625 0.049789275 0.0320073898437
0 0.523320841406 0.44440484375 0.0455216236111 0.022405175
0 0.508117330078 0.457919074306 0.0583245791667 0.0400092398437
0 0.476910123828 0.478546058333 0.0739726361111 0.0576133023437
