0 0.425439520312 0.348719002778 0.0149584555556 0.0094658984375
0 0.430172469141 0.348719002778 0.0149584555556 0.0105176632813
0 0.438060717578 0.348719002778 0.0149584555556 0.00946589765625
0 0.41334420625 0.351523711806 0.0280471041667 0.0189317953125
0 0.398619475781 0.357133132639 0.0355263291667 0.0231388625
0 0.368118250391 0.358068038194 0.0448753680556 0.0378635914062
0 0.330780541797 0.358068036111 0.0411357527778 0.0199835617187
0 0.30764168125 0.354328424306 0.0486149791667 0.0347082921875
0 0.460147812109 0.355263325694 0.0355263319444 0.0220870945312
0 0.533771462109 0.359002943056 0.0617036333333 0.0557436210937
0 0.123582555469 0.416966956944 0.360872747222 0.247165110938
