0 0.418077155859 0.555332673611 0.0243074888889 0.0157764976563
0 0.397041826172 0.56094209375 0.0205678791667 0.00946589765625
0 0.3896794625 0.562811899306 0.0243074902778 0.007362365625
0 0.350764103516 0.566551517361 0.0579640152778 0.0389153570312
0 0.338142907422 0.574965647917 0.0598338236111 0.0305012257812
0 0.311848746094 0.583379779861 0.0766620875 0.0641577515625
0 0.257156891797 0.612361786806 0.100969579167 0.0704683507812
0 0.188792074219 0.640408893056 0.142105333333 0.144092001562
0 0.434379535156 0.553462867361 0.0205678763889 0.0063105984375
0 0.441216015625 0.553462866667 0.0392659444444 0.0136729625
0 0.451207797656 0.560007192361 0.0598338236111 0.0273459265625
0 0.519572616016 0.565928256944 0.183241083333 0.111487241406
0 0.4617254625 0.565928257639 0.0972299625 0.0189317953125
