0 0.0478346582031 0.899823084722 0.0403937138889 0.0765354539063
1 0.0789271875 0.858366379167 0.0892913638889 0.117194915625
0 0.153668841797 0.8573033875 0.0361417416667 0.0298966617188
0 0.368326873828 0.825413613889 0.0233858333333 0.0167421304688
0 0.346801277344 0.832854563194 0.0297637875 0.021525596875
0 0.321688081641 0.838169522917 0.0276378013889 0.0191338648438
0 0.310925282813 0.843484485417 0.0255118180556 0.0263090625
0 0.235585695313 0.911516 0.164763825 0.172204771875
1 0.405039988281 0.799582911806 0.108425226389 0.049030525
0 0.463002133203 0.835299447917 0.141590570833 0.0812441601562
0 0.553925364844 0.787889995139 0.0340157569444 0.021525596875
0 0.611326955469 0.779386055556 0.0340157583333 0.0191338625
0 0.637038085156 0.770882116667 0.0467716666667 0.03946359375
0 0.672316145703 0.768756133333 0.059527575 0.0454429257813
0 0.728521871094 0.735803366667 0.0233858333333 0.052618125
0 0.727923936719 0.766630146528 0.0595275763889 0.0681643890625
1 0.82654306875 0.76003958125 0.146692954167 0.175792371875
0 0.946727648828 0.7100789375 0.0552756055556 0.0980610507813
0 0.912645454687 0.771732497917 0.127559090278 0.171008904687
0 0.591953904297 0.78448840625 0.0637795458333 0.0334842617188
