0 0.364017775 0.344387680556 0.0165306083333 0.0185969359375
0 0.378482057812 0.365510127778 0.0257142805556 0.0144642828125
0 0.3650509375 0.369183596528 0.0330612180556 0.0227295859375
0 0.347487165234 0.371020329167 0.0477550916667 0.0227295867188
0 0.320624926562 0.366428491667 0.0753061055556 0.03926019375
0 0.268450192578 0.365510126389 0.106530588889 0.0754209023437
0 0.196645360938 0.378367267361 0.124897934722 0.101249978125
0 0.0798979371094 0.391224407639 0.1946938375 0.157040782031
0 0.423424650391 0.3728570625 0.0183673416667 0.0154974460937
0 0.446326436328 0.374693797222 0.0257142805556 0.0134311195313
0 0.460790719531 0.376530531944 0.0367346861111 0.015497446875
0 0.666390164453 0.384795838194 0.0716326402778 0.127079053906
0 0.668973071484 0.384795839583 0.0569387652778 0.109515282031
0 0.676721794531 0.386632572917 0.0459183625 0.104349467188
0 0.701517708984 0.393979510417 0.0459183625 0.0506249898437
0 0.817231969922 0.417857053472 0.0899999791667 0.141543338281
0 0.53207896875 0.449081536806 0.295714220833 0.160140271875
0 0.155491038281 0.303979527778 0.126734666667 0.181836696875
