0 0.299617383594 0.446856888889 0.02551355 0.0106075359375
0 0.272786557422 0.445747602778 0.0432621083333 0.0393102804688
0 0.224428674219 0.432990829167 0.0155299888889 0.0099835640625
0 0.203837576563 0.449075459028 0.0521363875 0.031198634375
0 0.199469767188 0.46072295 0.0532456722222 0.0174712359375
0 0.670777146484 0.466824013194 0.0787592180556 0.102331521094
0 0.774356622266 0.493446849306 0.0965077763889 0.143513719531
0 0.241664624609 0.45702533125 0.0576828097222 0.0430541148437
0 0.162732079687 0.444823198611 0.0931799222222 0.0586534328125
0 0.382058481641 0.487530661806 0.282867620833 0.176584272656
0 0.558018777734 0.495850297222 0.193015552778 0.151625364844
0 0.862517452734 0.607444352083 0.359408270833 0.273924010156
