0 0.154507044531 0.571020777083 0.223555940278 0.232979075
0 0.353367844141 0.515565038194 0.1022465125 0.0848082820312
0 0.549791625781 0.473973234722 0.0259948722222 0.0194961578125
0 0.404057852344 0.502567600694 0.0693196680556 0.0497152
0 0.418192567187 0.4843711875 0.0467907777778 0.0311938546875
0 0.515673349219 0.473106744444 0.0346598388889 0.0136473078125
0 0.525421430078 0.478305715278 0.0207958972222 0.0116976960937
0 0.614616346875 0.511232555556 0.0935815472222 0.0926067453125
0 0.472294401563 0.478305715972 0.187163106944 0.0848082828125
0 0.561391838672 0.465308279861 0.0190629097222 0.00877327109375
0 0.572114723437 0.467907768056 0.0207959055556 0.014622115625
0 0.187398269922 0.449237202778 0.0228813527778 0.0617796492188
0 0.313531721484 0.447711779167 0.0198305055556 0.0291737257812
