0 0.286593506641 0.524229997222 0.0641206944444 0.0584884710938
0 0.523959217187 0.495635633333 0.0727856527778 0.05361443125
0 0.681390683984 0.486970675 0.0693196694444 0.0643373179688
0 0.465470746484 0.484371186806 0.0329268402778 0.0243701960937
0 0.489353538672 0.477439220139 0.0225288930556 0.0136473101563
0 0.376763232031 0.502567600694 0.0415918013889 0.0380175046875
1 0.561489319141 0.457509815972 0.0623877013889 0.0350930820312
0 0.394797177734 0.500834609028 0.0277278680556 0.0136473101562
0 0.404057851953 0.495635634028 0.0277278680556 0.0185213492188
0 0.416242950391 0.487837170139 0.0363928236111 0.0175465414062
0 0.427453240234 0.4895701625 0.0225288916667 0.0146221179688
0 0.641910966406 0.480038708333 0.0658536861111 0.039967121875
0 0.619490386328 0.4791722125 0.0571887277778 0.0282694273437
0 0.602431248828 0.477439220139 0.0467907763889 0.0155969257813
