0 0.387860377734 0.44743838125 0.0153700208333 0.0115275179688
0 0.39938789375 0.446797964583 0.0140891875 0.011527515625
0 0.408753999609 0.44743838125 0.0153700208333 0.00864563671875
0 0.418840576172 0.444876711806 0.0128083513889 0.0100865773437
0 0.428206682422 0.452561720139 0.0153700180556 0.0144093945313
0 0.579865561328 0.454482972222 0.0192125222222 0.0151298648437
0 0.564735697656 0.45384255625 0.0153700208333 0.013688925
0 0.551407007031 0.452561721528 0.0128083513889 0.0100865765625
0 0.344992428516 0.438472535417 0.0333017125 0.0367439570312
0 0.306087062891 0.44423629375 0.0294592069444 0.0223345617187
0 0.942021683203 0.452134782639 0.0640417541667 0.0583580476563
0 0.887986453906 0.44701144375 0.0640417569444 0.0626808671875
0 0.860968839062 0.431641421528 0.0589184125 0.05043288125
0 0.721918180078 0.46302188125 0.280502881944 0.257928164844
