0 0.462627754297 0.345918521528 0.0826530986111 0.0413265492188
0 0.504815273437 0.352040975 0.0642857444444 0.0223852140625
0 0.521604183984 0.362755264583 0.0857143236111 0.0404655789062
0 0.557764914453 0.371938940972 0.116326581944 0.0662946726562
0 0.224139126172 0.363265469444 0.190816413889 0.142920982031
0 0.124184130469 0.383418539583 0.120918420833 0.0852360078125
0 0.0462939421875 0.3949399875 0.182142938889 0.0904018265625
0 0.362136695312 0.462452211806 0.341657190278 0.238754934375
0 0.907694200391 0.5426441375 0.394898136111 0.180803652344
0 0.605924294922 0.394174681944 0.137755163889 0.119674797656
