0 0.503027278516 0.45115485625 0.00693018472222 0.00935574609375
0 0.490552952344 0.451847874306 0.00831622083333 0.015592909375
0 0.476519332813 0.457392018056 0.0166324388889 0.0093557453125
0 0.468333055078 0.456699 0.0152464027778 0.00857610078125
0 0.455079081641 0.457392019444 0.0194045111111 0.0116946820313
0 0.514332139844 0.458778057639 0.0249486541667 0.0148132640625
0 0.527975934766 0.465015220833 0.0291067638889 0.0202707820312
0 0.542789199219 0.468480311111 0.0471252361111 0.0187114921875
0 0.622702861328 0.487884821528 0.0970225486111 0.0662698664063
0 0.675718755859 0.503131220833 0.135831569444 0.0990149773437
0 0.742768267187 0.529465914583 0.138603643056 0.147352998438
0 0.759140822266 0.573819078472 0.133059495833 0.0912185226563
0 0.891622085156 0.592530591667 0.395020380556 0.212063573437
0 0.0938693125 0.54956344375 0.167710409722 0.187738625
0 0.490786834766 0.470697979861 0.0304928013889 0.0226097195312
0 0.566022625781 0.474163069444 0.0540554194444 0.0343044015625
0 0.441903076953 0.463074779861 0.0235626208333 0.0155929101563
