0 0.359179329297 0.703776399306 0.112386684722 0.122890411719
0 0.680498721484 0.6904401875 0.0217522638889 0.0107061929687
0 0.612437925391 0.681603331944 0.0611782444444 0.0412953148438
0 0.752215190625 0.680302076389 0.0380664638889 0.0267654828125
0 0.765597932422 0.697296034028 0.0693353430556 0.0412953148438
0 0.254863008203 0.723961866667 0.183534733333 0.209535485156
0 0.661026294531 0.684526232639 0.0448833569444 0.0306818078125
0 0.635361562891 0.684516573611 0.0312688805556 0.0206476585937
0 0.499166675 0.753715977778 0.307250733333 0.218712221875
0 0.701450258984 0.68100465625 0.0433019263889 0.0315212554688
