0 0.846960940234 0.562862975 0.0326612944444 0.0355191570312
0 0.807154987109 0.565040394444 0.0370161333333 0.0293951648438
0 0.790620207031 0.569395234028 0.0239516152778 0.0306199625
0 0.753263850781 0.573750072917 0.0457258125 0.03674395625
0 0.727543082031 0.579193623611 0.0391935555556 0.0171471796875
0 0.671202348438 0.583548461111 0.0696774277778 0.0612399265625
0 0.714682697266 0.573750072917 0.0544354902778 0.0257207695313
0 0.835937751563 0.590080720139 0.0479032319444 0.04776714375
0 0.885542092969 0.557419425694 0.0174193569444 0.0171471765625
0 0.895340482812 0.570483945139 0.0217741986111 0.019596778125
0 0.911875263281 0.574838783333 0.0348387138889 0.02572076875
0 0.9541308125 0.579193624306 0.0348387125 0.03674395625
0 0.985387491406 0.594435561806 0.0304838736111 0.028218996875
0 0.406033462891 0.615121047917 0.206854865278 0.273130075781
