0 0.119413961328 0.538960427083 0.464441781944 0.238827922656
0 0.962166980469 0.616370582639 0.283061698611 0.0741486671875
0 0.680415876563 0.447111865278 0.155969255556 0.148170792187
0 0.356779671484 0.442779386806 0.133440365278 0.0779846273438
0 0.398209005078 0.436713914583 0.0589217180556 0.0282694273438
0 0.401620832812 0.426315965972 0.0554557347222 0.0428915453125
0 0.428428047266 0.421116988889 0.05198975 0.0204709648438
0 0.439638338672 0.414185023611 0.03119385 0.0136473101563
0 0.450361225 0.413318526389 0.025994875 0.0077984625
0 0.551741241406 0.419383999306 0.0554557347222 0.0409419296875
0 0.508362292187 0.409852545139 0.0363928263889 0.0107228859375
0 0.500563828906 0.408119552778 0.0329268416667 0.0087732703125
0 0.454747860156 0.39945459375 0.0155969236111 0.0165717328125
0 0.492277962109 0.392522627083 0.0121309430556 0.00974807890625
0 0.477655845313 0.409852542361 0.0294608569444 0.015596925
