0 0.545404054687 0.546525645139 0.0135951652778 0.0107061921875
0 0.532403678516 0.548564920833 0.0149546833333 0.0122356492187
0 0.508697108594 0.543126855556 0.0258308138889 0.035177490625
0 0.485372902734 0.554682747222 0.0163141972222 0.0175887445313
0 0.605817570313 0.545166129861 0.0353474319444 0.022941840625
0 0.634877236719 0.5499244375 0.0557401777778 0.022941840625
0 0.411194282813 0.565558878472 0.0435045291667 0.037471675
0 0.368751875391 0.574395736806 0.0557401763889 0.0305891210937
0 0.339845153516 0.58119331875 0.0611782430556 0.0364010601562
0 0.299085144531 0.590709935417 0.0802114763889 0.068060796875
0 0.222765282031 0.608383647222 0.088368575 0.09253209375
0 0.574554096094 0.549634761111 0.0489425944444 0.03288330625
0 0.66173309375 0.553713308333 0.0815709916667 0.072649165625
