0 0.495838392969 0.380012627083 0.0277634791667 0.01171271875
0 0.478269316016 0.393894368056 0.0589973944444 0.0370902742187
0 0.448011462109 0.403438063194 0.0746143513889 0.0546593507813
0 0.188379547656 0.388688715278 0.0381747833333 0.044898753125
0 0.128839898438 0.426863500694 0.124935659722 0.167882290625
0 0.0697882785156 0.4381424125 0.105848266667 0.0810129664062
0 0.0401090882812 0.439877628472 0.137082179167 0.0798556359375
0 0.0727164574219 0.564813286806 0.275899576389 0.145432914844
0 0.639319188281 0.293251754167 0.253341752778 0.169834410938
0 0.607597244531 0.472846761806 0.421657845833 0.305506726563
1 0.317219445313 0.364395669444 0.329691319444 0.228398
