0 0.407976646875 0.393836939583 0.0124807486111 0.0117007015625
0 0.419677348438 0.404237563889 0.0249614972222 0.0117007015625
0 0.388670489063 0.400077313194 0.0249614958333 0.0222313328125
0 0.367024191016 0.406317688194 0.0374422458333 0.0327619648438
1 0.369949366406 0.374075754861 0.0312018708333 0.0292517546875
0 0.207894648047 0.395917063889 0.158089477778 0.133387999219
0 0.318466279297 0.427118934722 0.124807483333 0.0947756835938
0 0.0852262015625 0.374075756944 0.284977088889 0.170452403125
0 0.479350926562 0.401117377083 0.0312018736111 0.014040840625
0 0.493976804297 0.403197501389 0.0395223694444 0.0292517539062
0 0.543119751172 0.417758374306 0.0395223708333 0.0198911929688
0 0.517963242578 0.407357750694 0.0561633680556 0.0304218242187
0 0.561840873437 0.416718311806 0.0499229930556 0.036272175
0 0.599283119141 0.405277628472 0.0561633680556 0.0339320351562
0 0.717460205859 0.411518 0.0603236166667 0.0971158242188
0 0.448929102734 0.432319247917 0.1019261125 0.0795647710937
0 0.865474082031 0.474961804861 0.249614968056 0.262095717188
