0 0.463992088281 0.580813544444 0.0269102805556 0.0138756140625
0 0.471560605078 0.581934805556 0.03363785 0.0138756132813
0 0.48795905625 0.587541113194 0.0493355125 0.0340583234375
0 0.515710282422 0.600996254167 0.0672757 0.0365811617188
0 0.532739444531 0.604360040278 0.0650331777778 0.03784258125
0 0.564274928516 0.609966347917 0.1166112125 0.0529796148437
0 0.384522666797 0.576328496528 0.0269102791667 0.0138756132812
0 0.371277764063 0.580813545139 0.0224252319444 0.017659871875
0 0.344787957422 0.583803572222 0.0448504666667 0.0252283882813
0 0.327758795703 0.592773665278 0.0358803722222 0.0264898070312
0 0.305683956641 0.591652404861 0.0560630819444 0.0277512257812
0 0.284870536328 0.599501236111 0.0672757 0.0391040007812
0 0.221799567969 0.597258713194 0.103156073611 0.079469421875
1 0.645636478906 0.624542749306 0.204069623611 0.155154582812
0 0.0647528546875 0.631270320139 0.181644390278 0.1261419375
0 0.426149506641 0.6066025625 0.0964285027778 0.0719009039062
