0 0.119706989062 0.656130365972 0.390238670833 0.239413978125
0 0.223066328125 0.596249789583 0.116249959722 0.0685546640625
0 0.268417874609 0.587812295139 0.0956249680556 0.0601171664062
0 0.356484251563 0.568124801389 0.0262499916667 0.0147656203125
0 0.411327980469 0.570937300694 0.0318749902778 0.0126562453125
0 0.426620943359 0.575624798611 0.0487499833333 0.0284765523437
0 0.339609255859 0.569999798611 0.0412499861111 0.0295312414063
0 0.473554521875 0.577499798611 0.127499955556 0.0759374734375
0 0.496230294922 0.596249790972 0.142499948611 0.0769921601562
0 0.542636529297 0.630937279167 0.155624944444 0.133945266406
0 0.664980236328 0.581249797222 0.0449999861111 0.0537890429687
0 0.62859353125 0.578437295139 0.0431249847222 0.0674999765625
0 0.932413097656 0.616422416667 0.188404672222 0.133029925
0 0.379687367187 0.572812300694 0.0243749930556 0.0274218640625
