0 0.550499107031 0.630362990278 0.0163306472222 0.0076549921875
0 0.495383172266 0.637847871528 0.0149697625 0.0153099820313
0 0.452897971484 0.643291420139 0.0666834763889 0.0711914148438
0 0.354914088672 0.660302510417 0.0762096875 0.0757844101563
0 0.189183535547 0.667106947222 0.15514115 0.234242721094
0 0.682547698828 0.646013196528 0.0340221847222 0.0114824867188
0 0.658817227734 0.648734967361 0.0884576736111 0.0512884382812
0 0.538633863672 0.635806540278 0.0244959722222 0.0145444835938
1 0.517199889063 0.625599883333 0.0367439527778 0.02526146875
0 0.5815018125 0.676633159722 0.119758080556 0.0849703984375
1 0.643124489844 0.627641218056 0.0707661416667 0.0352129578125
0 0.615949272266 0.637167427778 0.0299395222222 0.0145444820313
