0 0.240077358984 0.485567090972 0.0927835208333 0.0533505242188
0 0.197744878516 0.494845441667 0.0577319694444 0.0359536148438
0 0.154252603516 0.510309363194 0.0350515541667 0.0463917601563
0 0.133376310937 0.492783586111 0.0288659861111 0.013917528125
0 0.119458783594 0.508247504861 0.0597938236111 0.0324742328125
0 0.0707474339844 0.503092866667 0.0783505277778 0.0742268164063
0 0.410219144922 0.461855746528 0.0412371208333 0.0489433039062
0 0.310592839453 0.493814514583 0.0639175375 0.0394329976563
0 0.321030985547 0.469072240972 0.0309278402778 0.0255154695313
0 0.33842789375 0.470103170833 0.0288659861111 0.013917528125
0 0.351765524609 0.465979459722 0.0329897 0.0197164976562
0 0.36626295 0.467010385417 0.0268041291667 0.013917528125
0 0.459046470313 0.454639250694 0.0185567041667 0.011597940625
0 0.437590281641 0.455670178472 0.0288659847222 0.0150773226562
0 0.518427921484 0.448453681944 0.0144329916667 0.00927835234375
0 0.527706273047 0.449484610417 0.0164948486111 0.0139175273438
0 0.0475515542969 0.524742354861 0.0845360958333 0.0951031085937
0 0.885502759766 0.352783563889 0.0581443416667 0.0647164929688
