0 0.115579426953 0.681070693056 0.594874577778 0.231158853906
0 0.923108629297 0.651933978472 0.235521773611 0.151962860156
0 0.282034288672 0.588804429861 0.0655576041667 0.0559971226562
0 0.380370698828 0.583948313194 0.0849820847222 0.0587286882813
0 0.471878189844 0.576664131944 0.0558453666667 0.0368761546875
0 0.534021340234 0.585162342361 0.0631295486111 0.0464366382812
0 0.610505214063 0.593660547917 0.0558453680556 0.051899771875
0 0.453440112109 0.567194695139 0.0145683569444 0.0109262648438
0 0.441148063672 0.570836786806 0.0218525402778 0.0136578367188
0 0.426807337109 0.572050816667 0.019424475 0.0122920507813
0 0.342128760156 0.579334995139 0.0339928319444 0.02321831875
0 0.322324900391 0.582977084028 0.0412770097222 0.0327788039062
0 0.564068574609 0.581763054861 0.0388489513889 0.0245841039062
0 0.586604002734 0.587833203472 0.0461331319444 0.0259498867188
0 0.495779401562 0.5623385875 0.0242806138889 0.0136578359375
