0 0.814349826953 0.487146665278 0.0471226805556 0.0526369179687
0 0.727138035156 0.530448589583 0.0904246097222 0.07593756875
0 0.625034246094 0.533632554861 0.109528401389 0.06447529375
0 0.402952680469 0.503066490278 0.0534906166667 0.073072
0 0.493218091797 0.487783458333 0.0483962666667 0.0415507445313
0 0.568439266406 0.590943926389 0.168113358333 0.1174883125
0 0.20971485 0.518349522222 0.0916981944444 0.08777594375
0 0.310248545313 0.504340074306 0.0407547569444 0.0378314875
0 0.351372446094 0.475047596528 0.0534906152778 0.041550746875
0 0.879490780859 0.436840014583 0.0280188930556 0.0673408617187
0 0.0735495871094 0.555708040278 0.119717088889 0.143278430469
