0 0.470510732031 0.548046336111 0.041125825 0.014081125
0 0.495152701172 0.548940376389 0.0393377444444 0.0231332773438
0 0.520800465234 0.545364218056 0.0786754944444 0.0382201976562
0 0.406139873828 0.545364217361 0.0464900625 0.0181043039062
0 0.373451546484 0.531953622222 0.0554304611111 0.0372144023437
0 0.441342685547 0.551622495833 0.0804635722222 0.0523013226563
0 0.552985893359 0.578443686806 0.166291384722 0.0864983414063
0 0.232640292578 0.551622495833 0.123377477778 0.105608439844
0 0.323161813672 0.580231766667 0.219933766667 0.165956119531
0 0.123637070703 0.599879102083 0.155605984722 0.192861577344
0 0.821533069141 0.62940395 0.307549658333 0.275587738281
