0 0.533160479688 0.142860409028 0.0286968486111 0.014036503125
0 0.515263938281 0.145355784722 0.0411737416667 0.02316023125
0 0.486138194922 0.144108099306 0.0311922291667 0.0196511054688
0 0.464030701953 0.154089611111 0.0411737444444 0.0273711804688
0 0.574217251172 0.149098854861 0.0361829875 0.0259675304687
0 0.587201014844 0.182162617361 0.0723659736111 0.0378985578125
0 0.598781130859 0.222088669444 0.0773567277778 0.0343894335937
0 0.622643186328 0.243923229861 0.121025848611 0.0807098929688
0 0.441338358203 0.223336359028 0.1222735375 0.0835171929688
0 0.344754992187 0.227572933333 0.0908206305556 0.0770359484375
0 0.258161995313 0.370563677778 0.224584044444 0.1733508125
0 0.515030000781 0.282601592361 0.128511981944 0.08492084375
