0 0.571853536719 0.466430227083 0.0169964152778 0.0122920515625
0 0.576633779297 0.470072316667 0.0242805944444 0.0109262679688
0 0.584145588281 0.467644261111 0.0291367138889 0.0122920515625
0 0.593706072266 0.468858289583 0.0364208930556 0.0150236179688
0 0.600944728125 0.47128635 0.0364208916667 0.0109262671875
0 0.524460854688 0.470072319444 0.0291367166667 0.0081947015625
0 0.518997721094 0.473714405556 0.0267086555556 0.0109262671875
0 0.506705669141 0.471286348611 0.0412770111111 0.0163894023438
0 0.497828076953 0.478570524306 0.0364208930556 0.0150236195312
0 0.490999159375 0.451861870139 0.0218525347222 0.0177551859375
0 0.479389999609 0.473714404861 0.0607014875 0.0300472367188
0 0.458903246875 0.476142469444 0.0752698444444 0.0409735046875
0 0.437050712109 0.483790856944 0.0898382 0.0491682054687
0 0.413149500781 0.492289066667 0.1019785 0.0505339875
0 0.371720743359 0.508678467361 0.148111629167 0.0860443601563
0 0.329700130859 0.506007601389 0.189388641667 0.0710207414063
1 0.170996091406 0.464973395139 0.847392768056 0.341992182812
0 0.551093632422 0.462545336806 0.0315647736111 0.0204867523438
