0 0.0610552792969 0.479114345833 0.0356155805556 0.0476994367188
0 0.255764379688 0.462154545833 0.0186557805556 0.0257576953125
0 0.230483678125 0.46130655625 0.0203517597222 0.01526381875
0 0.190416151562 0.458762586111 0.0186557805556 0.020987753125
0 0.204725982813 0.463002536111 0.0271356805556 0.03815955
0 0.315102483984 0.463850525 0.0525753777778 0.0543773585938
0 0.431202910547 0.451978667361 0.0254396986111 0.0228957289062
0 0.523262825 0.453674644444 0.0220477388889 0.006677921875
0 0.516107908984 0.455370625694 0.0254397013889 0.0133558429687
0 0.502752067578 0.457066606944 0.0356155777778 0.0209877523438
0 0.470793444141 0.453674644444 0.0220477388889 0.0124018539062
0 0.487488246875 0.463850525 0.0457914583333 0.0324356171875
0 0.450759680469 0.476570375 0.0678392 0.05246938125
0 0.653196102734 0.471482435417 0.0678391986111 0.0391135382813
1 0.548734336719 0.41042715625 0.0983668402778 0.0515153921875
0 0.369479856641 0.514729925 0.137374377778 0.126880502344
0 0.583459519141 0.508793995833 0.206909558333 0.133558424219
0 0.733903527734 0.47402640625 0.154334179167 0.132604435156
0 0.0130378441406 0.487594246528 0.0356155819444 0.0260756882812
0 0.921076128906 0.552889475 0.369723636111 0.156454153125
