0 0.641709480078 0.511990025694 0.0198979680556 0.0103316367187
0 0.633099783203 0.531122685417 0.0244898069444 0.0120535757813
0 0.652041117969 0.523469624306 0.0122449069444 0.01549745625
0 0.653332572266 0.538010445139 0.0290816458333 0.0301339414063
0 0.707143182812 0.518622698611 0.105612291667 0.0774872796875
0 0.718694519141 0.550382914583 0.116071451389 0.0477838242187
0 0.797258036719 0.56658191875 0.206632745833 0.132015348438
0 0.910514610547 0.6224551375 0.280089180556 0.177150897656
0 0.554895019922 0.52576554375 0.0153061291667 0.00860969921875
0 0.5437024125 0.525000236806 0.0168367402778 0.0120535765625
0 0.529926896094 0.533418607639 0.0306122569444 0.01549745625
0 0.5045282875 0.534183913889 0.0474490027778 0.031855884375
0 0.484295497266 0.547959429861 0.0290816458333 0.0172193945312
0 0.464923678125 0.552551267361 0.0198979680556 0.018080365625
0 0.448565251953 0.554847186111 0.0214285805556 0.0198023054687
0 0.430915371875 0.567857397917 0.0321428708333 0.0309949109375
0 0.376674275781 0.5816329125 0.0811224861111 0.0533801265625
0 0.29961748125 0.5900512875 0.143877616667 0.1007334625
0 0.186830441016 0.607653335417 0.1790817125 0.137755163281
0 0.593782171094 0.532398213889 0.0168367416667 0.0086096984375
0 0.603683324219 0.532398214583 0.0107142930556 0.012914546875
