0 0.352182981641 0.441093439583 0.0468749680556 0.0316406039062
0 0.309995511328 0.446952809722 0.114843669444 0.0632812070312
0 0.375913433984 0.443437188889 0.0796874472222 0.0290038867187
0 0.402977126562 0.448420044444 0.144721680556 0.05925144375
0 0.531479733203 0.456327804861 0.147656145833 0.0870116585938
0 0.617173034375 0.47156216875 0.112499923611 0.0896483765625
0 0.681113419141 0.504374646528 0.196874865278 0.156884657031
0 0.452378224219 0.489030984722 0.194749708333 0.131835846875
0 0.255942813281 0.498515275694 0.203906109722 0.14501943125
1 0.151133314844 0.383671604861 0.292968548611 0.188525260937
0 0.797128965234 0.637968304167 0.721874502778 0.404736050781
