0 0.523569299609 0.561489319444 0.128241386111 0.0965059757813
0 0.242629680859 0.514698539583 0.0173299180556 0.0224205804688
0 0.345471908984 0.528562476389 0.0138639333333 0.0155969257813
0 0.365455470313 0.529428974306 0.0121309430556 0.0107228859375
0 0.453480620703 0.544159404861 0.0138639347222 0.00779846328125
0 0.468102738672 0.547625386111 0.0138639361111 0.00584884765625
0 0.586541893359 0.546758889583 0.0121309430556 0.0165717335937
0 0.617735743359 0.55369085625 0.0155969291667 0.0165717320313
0 0.649417 0.54849188125 0.0294608597222 0.0389923140625
0 0.677686426953 0.547625388889 0.0207959027778 0.0272946195313
0 0.796125580078 0.575353253472 0.0485237680556 0.0575136632812
0 0.0835186894531 0.490436659028 0.0554557347222 0.0740853960938
0 0.0211309851562 0.478305717361 0.0554557375 0.0389923140625
0 0.439810955859 0.542426411806 0.0242618847222 0.0165717335937
0 0.389120947656 0.5372274375 0.0415918 0.0263198125
0 0.417877779688 0.533761453472 0.0138639347222 0.0136473109375
