0 0.0393720972656 0.55291645 0.155460247222 0.0787441945313
0 0.148170792578 0.538440523611 0.109178477778 0.120876172656
0 0.642885774609 0.593896259028 0.150770279167 0.116002133594
0 0.474244017187 0.5566369375 0.149037288889 0.0867578984375
0 0.31291331875 0.529775565972 0.0433247930556 0.0370426984375
0 0.360191498828 0.521110606944 0.0225288916667 0.0224205804688
0 0.388948330469 0.499448210417 0.0207959013889 0.017546540625
0 0.337283514453 0.521977102778 0.0519897527778 0.0155969257813
0 0.375301021094 0.524576589583 0.0225288902778 0.0097480796875
0 0.400646024609 0.49251624375 0.0207959013889 0.00779846328125
0 0.439638339062 0.496848722222 0.0190629083333 0.0116976953125
0 0.427453239844 0.489916754861 0.0121309402778 0.0146221171875
0 0.585372111328 0.565301895833 0.110911469444 0.0653121257812
0 0.549791625 0.559236425 0.0606547111111 0.0350930828125
0 0.521522197266 0.547105482639 0.0537227430556 0.0233953882813
