0 0.112329958594 0.494619130556 0.0848851333333 0.0918228578125
0 0.798246726562 0.501148755556 0.0848851305556 0.0734582875
0 0.865736527734 0.510126990972 0.102841601389 0.100086916406
0 0.0383688371094 0.504296973611 0.106106413889 0.0767376742187
0 0.307147462891 0.461971003472 0.0228536902778 0.0174463429688
0 0.480784493359 0.443035092361 0.0150181319444 0.0110187429687
0 0.452778521484 0.444504261111 0.0114268444444 0.0156098851562
0 0.445845892578 0.460583461806 0.0207315569444 0.0164362867188
0 0.3898798625 0.459195917361 0.0408101569444 0.033056228125
0 0.526604092578 0.446136668056 0.0146916583333 0.0101005132812
0 0.517421808203 0.446952870833 0.0130592527778 0.0101005148437
0 0.489874950781 0.451850090278 0.019588875 0.0192828
1 0.345100905469 0.452448634028 0.0930471625 0.0468296578125
0 0.274091232812 0.479111272222 0.0587666305556 0.0596848578125
0 0.417794006641 0.466052020139 0.0555018180556 0.0449932007812
0 0.467225308203 0.456257582639 0.0440749736111 0.0303015429688
1 0.561496780078 0.435036298611 0.0163240638889 0.0220374851563
0 0.563792351563 0.458706191667 0.0277509083333 0.026628628125
0 0.592716552344 0.447279345833 0.0146916583333 0.0091822859375
0 0.581697808203 0.447279347222 0.0212212805556 0.0128552007812
0 0.637250639063 0.460338596528 0.0277509069444 0.011936971875
0 0.652401409766 0.458706191667 0.0342805333333 0.0275468570313
0 0.66112458125 0.465235816667 0.0375453472222 0.0192828
0 0.610162896094 0.464419613889 0.0391777527778 0.031219771875
0 0.680866496094 0.467276324306 0.0546856152778 0.0413202875
0 0.941731078125 0.515024211806 0.171402668056 0.11653784375
