0 0.869127821094 0.764647911111 0.466405927778 0.258398259375
0 0.703014652734 0.742382303472 0.299999793056 0.261034975781
0 0.516796520313 0.707226076389 0.117187419444 0.0870116578125
0 0.458129566406 0.703710452778 0.0679687055556 0.03823239375
0 0.433080756641 0.701366701389 0.0539062138889 0.0250488101562
0 0.415282918359 0.699452645833 0.0270312111111 0.0237304523438
0 0.40473605 0.692968285417 0.0374999736111 0.0158203
0 0.378368880078 0.704687028472 0.0421874708333 0.0316406023438
0 0.34540991875 0.7066401375 0.0220312166667 0.0105468671875
0 0.334203870312 0.709687019444 0.0281249805556 0.0118652265625
0 0.324316183594 0.710858894444 0.035156225 0.01054686875
0 0.313769314844 0.714374515972 0.0374999736111 0.013183584375
0 0.301904090234 0.723749510417 0.0374999736111 0.0237304523437
0 0.276196097656 0.722577635417 0.0445312180556 0.0303222453125
0 0.254443185156 0.737811999306 0.0609374569444 0.0448241859375
0 0.0975585261719 0.793749468056 0.267187316667 0.195117052344
0 0.292016401563 0.624999579167 0.0234374833333 0.003955075
