0 0.41348665 0.550077740278 0.0679687055556 0.0250488109375
0 0.395029632031 0.552421489583 0.0726562041667 0.0250488109375
0 0.381186867969 0.559452731944 0.0726562 0.0290038859375
0 0.351523802344 0.555937109722 0.107812427778 0.0408691125
0 0.531479733203 0.544218370833 0.0281249833333 0.0131835851562
0 0.542685780078 0.550077740278 0.0304687305556 0.0171386601563
0 0.553232648047 0.5535933625 0.0328124777778 0.0197753773438
0 0.568393769922 0.559452733333 0.035156225 0.0210937367188
0 0.591465044141 0.562968356944 0.0468749694444 0.0276855289062
0 0.612558778906 0.566483977778 0.0679687055556 0.046142546875
0 0.646836099609 0.573515222917 0.100781181944 0.0645995664063
0 0.275718190234 0.567655853472 0.135937406944 0.134472563281
0 0.451719046094 0.544218370833 0.0281249833333 0.02241209375
0 0.477427035547 0.532499626389 0.0234374833333 0.0131835835937
0 0.696274541406 0.579374594444 0.135937405556 0.11601554375
