0 0.367493183594 0.582225244444 0.0187153361111 0.008421903125
0 0.361176757031 0.583472933333 0.0237060944444 0.0098255515625
0 0.354509417969 0.585968311806 0.0286968513889 0.013334678125
0 0.422937369531 0.576610643056 0.0249537833333 0.0098255515625
0 0.428551970703 0.581601402778 0.0274491611111 0.0140365023438
0 0.342227478125 0.59407829375 0.0374306736111 0.0238620546875
0 0.436973872266 0.5890875375 0.0399260527778 0.0266693554688
0 0.411006341797 0.571619890278 0.01746765 0.0112292023437
0 0.380476948438 0.590335224306 0.0349352958333 0.0217565796875
1 0.102700398828 0.576523363194 0.540249401389 0.203529292969
0 0.289978954687 0.568212439583 0.0303108819444 0.040657384375
