0 0.32608478125 0.457941488889 0.100588302778 0.0774265234375
0 0.510717260547 0.427500291667 0.0291176666667 0.0208456023437
0 0.533051834375 0.426176761806 0.0370588486111 0.0238235453125
0 0.550175007813 0.428823822222 0.0476470916667 0.0223345734375
0 0.18909939375 0.496323868056 0.219706033333 0.214411910938
0 0.390110560156 0.428823821528 0.0529412125 0.0446691484375
0 0.460836711328 0.418235579167 0.0158823638889 0.0134007445312
0 0.476470913281 0.418235579167 0.0158823638889 0.014889715625
0 0.490616143359 0.423529700694 0.0211764847222 0.0134007445313
0 0.596333127344 0.426176761111 0.0794118194444 0.0580698921875
