0 0.187036952344 0.543326280556 0.0110882916667 0.010135390625
0 0.174562625 0.552335514583 0.0235626208333 0.0148132640625
0 0.146885210938 0.55857268125 0.0332648736111 0.02494865625
0 0.121546731641 0.553028533333 0.0360369472222 0.0241690101562
0 0.227968341016 0.538475151389 0.0346509111111 0.0343044007813
0 0.266170969922 0.532931004167 0.0263346916667 0.0202707835937
0 0.281374056641 0.528079879167 0.0221765805556 0.0132539742188
0 0.292289092969 0.527386861111 0.0235626194444 0.007016809375
0 0.303593953906 0.530158932639 0.0318788375 0.0202707828125
0 0.328542609375 0.539861188889 0.048511275 0.0327451109375
0 0.425608473047 0.554414569444 0.0720738916667 0.0631512851562
0 0.0564463328125 0.589758498611 0.109496877778 0.065490221875
0 0.0194131730469 0.606390938194 0.103952731944 0.0366433382812
0 0.205748445312 0.538475150694 0.0207905486111 0.0132539734375
0 0.0934794949219 0.559265697222 0.0374229861111 0.0194911367188
0 0.247849301172 0.533624024306 0.0194045097222 0.0101353914063
0 0.569920853906 0.514219513889 0.0693018222222 0.0608123484375
