0 0.0579897003906 0.609690815278 0.0185567027778 0.0162371164063
0 0.0881443441406 0.606598032639 0.0329897013889 0.0208762929687
0 0.103801564063 0.637525872222 0.0247422722222 0.0220360859375
0 0.0782860957031 0.647835150694 0.0371134041667 0.0243556742188
0 0.0527706273438 0.647835150694 0.0371134041667 0.0243556734375
0 0.0162371164062 0.661237216667 0.0350515527778 0.0185567046875
0 0.0359536140625 0.658144431944 0.0371134083333 0.016237115625
0 0.196817048828 0.666391855556 0.0742268138889 0.0753866101562
0 0.364059348828 0.607628959722 0.0144329916667 0.0127577335938
0 0.314768103516 0.615876384722 0.0185567027778 0.00927835234375
0 0.307229442578 0.615876384028 0.0226804152778 0.00579896953125
0 0.290992326172 0.622061951389 0.0185567027778 0.0173969101562
0 0.267216549219 0.629278448611 0.0247422722222 0.016237115625
0 0.326945940234 0.629278449306 0.0371134097222 0.0266752617188
0 0.497087717969 0.609690815278 0.043298975 0.0208762921875
0 0.517964009375 0.610721743056 0.0453608305556 0.03247423125
0 0.544059374219 0.6127836 0.0453608361111 0.0313144375
0 0.577113503516 0.613814526389 0.0474226888889 0.0347938195313
0 0.610167633594 0.613814526389 0.0474226888889 0.0359536140625
0 0.640902175391 0.613814528472 0.0556701125 0.0301546460938
0 0.669897025781 0.616907311111 0.0577319666667 0.02783505625
0 0.697152183594 0.613814527083 0.0680412486111 0.0289948515625
0 0.734497529688 0.613814527778 0.0762886722222 0.070747434375
0 0.761172792188 0.617938239583 0.0597938236111 0.08698455
0 0.809304243359 0.618969166667 0.0783505277778 0.0626288757812
0 0.855464064844 0.631134121528 0.0663917569444 0.096958821875
0 0.980489880469 0.578762975694 0.0432989763889 0.03711340625
0 0.931198634375 0.622061952083 0.121649504167 0.135695898437
0 0.412422755078 0.635051651389 0.0865979527778 0.0603092882812
