0 0.533144167188 0.58945271875 0.0351562263889 0.01845701875
0 0.514687149609 0.589452720139 0.0492187152778 0.0184570179687
0 0.589833580469 0.588280845139 0.0281249791667 0.0131835859375
0 0.558192978906 0.592968342361 0.0609374569444 0.0395507546875
0 0.614882392187 0.611718329167 0.0656249555556 0.068554640625
0 0.409218470312 0.585937097917 0.0328124791667 0.0263671703125
0 0.384828838672 0.588280845833 0.037499975 0.0276855273438
0 0.360439205859 0.589452719444 0.0445312194444 0.0290038867188
0 0.332753680078 0.59062459375 0.0421874708333 0.0342773195312
0 0.28924785 0.585937097222 0.0703124527778 0.058007771875
0 0.236167437109 0.5910933375 0.0703124527778 0.0632812070312
0 0.135972191797 0.592265211111 0.124218663889 0.118652261719
0 0.464902630469 0.595780832639 0.149999895833 0.090966734375
0 0.722641710937 0.63445268125 0.185156123611 0.158203017188
0 0.031072059375 0.584062091667 0.149999897222 0.06214411875
