0 0.623074691016 0.432952770139 0.0489460208333 0.0172876210937
0 0.649646404297 0.463686316667 0.0557756972222 0.0435391945312
0 0.808756545313 0.442628145139 0.0364249458333 0.0403377828125
0 0.714955194922 0.460271479167 0.0603288166667 0.0512225804688
0 0.762656222266 0.47848395 0.101306877778 0.0954020554688
0 0.971296772266 0.433521909722 0.0478077444444 0.0557045554687
0 0.901185865625 0.400604219444 0.0430697833333 0.057625403125
0 0.45628114375 0.446042982639 0.0523608597222 0.021769596875
0 0.550722776172 0.551089934722 0.330101075 0.215775121094
0 0.234606273828 0.467995527083 0.0273187125 0.0352155242187
0 0.188185810547 0.473686925694 0.0204890319444 0.0204890335937
0 0.0713342988281 0.470841225694 0.0239038708333 0.0236904429688
0 0.0543954046875 0.529462622917 0.154806020833 0.108790809375
0 0.902170205469 0.462732877083 0.0785412902778 0.0601865328125
