0 0.41473325 0.409189869444 0.0130592527778 0.005509371875
0 0.418712234766 0.417351905556 0.0130592527778 0.00550937109375
0 0.426058064453 0.412454683333 0.01305925 0.00734583203125
0 0.425598951953 0.423065323611 0.008162025 0.00826406015625
0 0.419630463281 0.428778748611 0.0130592527778 0.007345828125
0 0.42697629375 0.43367596875 0.0097944375 0.00734583125
0 0.420548692188 0.44020559375 0.0097944375 0.0073458296875
0 0.429271863672 0.49081019375 0.0130592569444 0.0101005164063
0 0.393001837109 0.478567139583 0.0114268402778 0.0110187476562
0 0.399429435156 0.465507890972 0.0114268402778 0.009182284375
0 0.408764762891 0.440205597222 0.0130592583333 0.00642759921875
0 0.416110592969 0.446735217361 0.00979443472222 0.0082640578125
0 0.388563734375 0.493802930556 0.0146916583333 0.011936971875
0 0.387186390234 0.504413568056 0.0130592472222 0.00918228359375
0 0.379840562891 0.511759400694 0.0179564763889 0.0165281148437
0 0.378463219531 0.518289024306 0.0114268430556 0.0156098859375
0 0.376167648828 0.528899665278 0.0163240638889 0.0183645726562
0 0.361016876953 0.535429288889 0.01305925 0.0137734289063
0 0.361935105469 0.550120948611 0.0228536888889 0.013773428125
0 0.348620790234 0.536245492361 0.00816203194444 0.00918228515625
0 0.349539019531 0.550120948611 0.0228536888889 0.0128552
0 0.442892264453 0.485640895833 0.00816203055556 0.0128552007812
0 0.443351380078 0.496251538194 0.0130592486111 0.00826406015625
0 0.445187836328 0.50767838125 0.0097944375 0.0119369726562
0 0.447942521094 0.515024209028 0.0114268430556 0.0101005140625
0 0.460797723047 0.551753353472 0.0195888736111 0.0119369757812
0 0.475489378125 0.552569557639 0.0310157208333 0.0156098859375
0 0.493853950391 0.555018168056 0.0457073833333 0.0321380007812
0 0.500740666406 0.562363998611 0.0408101638889 0.023873946875
0 0.516350551172 0.560731591667 0.0603990361111 0.0238739445313
0 0.544356523438 0.564812608333 0.0750907 0.0560119453125
0 0.424527689844 0.552569557639 0.0473397875 0.0348926828125
0 0.575117182031 0.584401477778 0.0652962472222 0.0550937171875
0 0.337449005469 0.550120947222 0.0293833166667 0.024792171875
0 0.372341692969 0.554201963889 0.0310157194444 0.0266286296875
0 0.290466318359 0.561547793056 0.0424425666667 0.0440749710937
0 0.233536146484 0.568077422222 0.0685610722222 0.0661124585938
