0 0.450036910156 0.589536383333 0.0163306472222 0.0114824859375
0 0.433655234766 0.5947077375 0.0190524194444 0.00995148828125
0 0.427148492188 0.59538818125 0.0258568569444 0.0076549921875
0 0.419876251563 0.592666408333 0.0340221833333 0.0145444828125
0 0.400738773828 0.594707738889 0.0435483916667 0.0313854617188
0 0.383515044141 0.606275279861 0.0476310541667 0.0321509617188
0 0.479202430859 0.581779309722 0.0394657333333 0.0214339742187
0 0.519773883203 0.596068625694 0.0217741958333 0.0260269695313
0 0.539294110547 0.596068625 0.0299395194444 0.0267924695312
0 0.570296823047 0.597429513194 0.0544354930556 0.0489919429688
0 0.467719944922 0.593346850694 0.0272177458333 0.0306199648438
0 0.332390648437 0.632987552083 0.0918015819444 0.0869388140625
0 0.889127216797 0.74285004375 0.405544406944 0.219698238281
