0 0.764442402344 0.55718664375 0.343737034722 0.462329775
0 0.0865406492188 0.507289331944 0.257802775 0.171522007812
0 0.229605596484 0.470559366667 0.156622116667 0.141115833594
0 0.336806851562 0.461550129861 0.0914784041667 0.08108313125
0 0.367992671484 0.448382785417 0.0762320069444 0.0452194398438
0 0.406195300781 0.44353165625 0.0665297486111 0.051456603125
0 0.434262537891 0.433829401389 0.0471252388889 0.0296265289063
0 0.912411307812 0.478875584722 0.220379791667 0.17353346875
0 0.549650069922 0.436601472917 0.0332648736111 0.0233893648438
0 0.45921119375 0.424127145833 0.0249486555556 0.0171522015625
0 0.521193010156 0.422741110417 0.0221765847222 0.01637255625
