0 0.523702042969 0.35466094375 0.0137288097222 0.0102966078125
0 0.5164086125 0.357711791667 0.0137288138889 0.0094385578125
0 0.51040225625 0.361525349306 0.0152542347222 0.00943855625
0 0.501821749609 0.368389754167 0.0106779638889 0.00943855546875
0 0.496244421094 0.376016872222 0.0167796583333 0.012012709375
0 0.449051633203 0.414370381944 0.0625423611111 0.0497669398438
0 0.600497579297 0.4090314 0.0549152444444 0.0454766867187
0 0.558024070313 0.376016872222 0.0167796583333 0.018877115625
0 0.482393027734 0.389527765972 0.0259321986111 0.0205932148438
0 0.390152580078 0.420036234722 0.0594915138889 0.0626377007813
0 0.45493540625 0.433002335417 0.0671186347222 0.05491524375
0 0.541169500391 0.458934532639 0.167796579167 0.102108032031
0 0.7995653375 0.498050747917 0.263898256944 0.22909953125
0 0.165871916406 0.534116121528 0.4027117875 0.331743832813
