0 0.0944097613281 0.609269490278 0.410342055556 0.187112335156
0 0.720621485156 0.575276657639 0.225809534722 0.21852535625
0 0.466073610547 0.517696966667 0.0669450833333 0.0464366382812
0 0.24054859375 0.553424122222 0.186960583333 0.18438076875
0 0.155187126562 0.496364723611 0.0922662611111 0.0928732765625
0 0.347079704687 0.527929497222 0.0971223805556 0.0778496578125
0 0.580628678906 0.526715467361 0.0898382013889 0.072386525
0 0.542386741797 0.521859349306 0.0655576069444 0.0341445867187
0 0.517119747266 0.509719050694 0.0607014875 0.0273156695313
0 0.500730344922 0.506076959722 0.0437050694444 0.0300472367188
