0 0.0545885847656 0.363712933333 0.0219409194444 0.0256329007813
0 0.476771969922 0.338396486806 0.0354430236111 0.0151898664063
0 0.427025147656 0.335020961806 0.0388185486111 0.015949378125
0 0.316803666016 0.3383964875 0.0320674944444 0.0142405007813
0 0.323449233594 0.335020961111 0.0320674972222 0.016139234375
0 0.335316316016 0.327426029167 0.0202531555556 0.00949366640625
0 0.350031501563 0.326582145833 0.0151898666667 0.0123417671875
0 0.359999850781 0.335020961111 0.0286919722222 0.0170886
0 0.371866934375 0.329957672222 0.0219409194444 0.0142404984375
1 0.261265714844 0.32320661875 0.0624472319444 0.0436708703125
0 0.780759201563 0.276793135417 0.0236286819444 0.01518986875
0 0.822056651953 0.281012543056 0.0556961805556 0.0484176992187
0 0.826803485547 0.305485107639 0.0641349930556 0.0484177023437
0 0.899904722266 0.272573727778 0.03881855 0.0142404992188
0 0.899904722266 0.248945046528 0.0151898652778 0.0161392351563
0 0.873797139062 0.265822675694 0.0253164458333 0.017088603125
0 0.875221188281 0.290295241667 0.0405063111111 0.0199367015625
0 0.857657903125 0.312236161111 0.0540084194444 0.0398734015625
0 0.669683296094 0.295358529861 0.0270042069444 0.026582265625
0 0.630854190234 0.305485109028 0.0337552625 0.0438607257812
0 0.721138983203 0.333333197917 0.0624472319444 0.0341772007812
0 0.9675418125 0.273901082639 0.0631680513889 0.017573859375
0 0.978702158203 0.251116281944 0.0465365472222 0.0408227679688
0 0.986771776172 0.267510438889 0.0556961805556 0.0246835335937
0 0.243512558594 0.33924036875 0.0236286819444 0.0104430328125
0 0.419999825 0.318143331944 0.0253164472222 0.0113924
0 0.502120044531 0.307172869444 0.0168776305556 0.016139234375
0 0.51208839375 0.308860631944 0.0168776277778 0.0208860671875
0 0.519683328516 0.308016752778 0.0219409194444 0.0189873335937
0 0.537721294922 0.308860634028 0.0236286819444 0.0379746679688
0 0.0802214863281 0.394936546528 0.0641349930556 0.0655063023438
0 0.168512590625 0.350210828472 0.0388185458333 0.02943036875
0 0.292215088672 0.359493527083 0.101265781944 0.0607594695313
0 0.654208601172 0.309704517361 0.0320675013889 0.0389240335938
0 0.365316325 0.342615896528 0.0371307875 0.0227848
0 0.388575809375 0.322362738194 0.0303797375 0.016139234375
0 0.408987193359 0.322362738194 0.0303797375 0.0151898664063
0 0.129588555078 0.352742472917 0.0202531569444 0.0142405007812
0 0.144303739453 0.353586353472 0.0219409180556 0.0227848023438
1 0.450759327734 0.331645434722 0.0962024916667 0.0474683351562
1 0.928955319922 0.129957755556 0.160337488889 0.0607594695312
