0 0.238359291797 0.717812266667 0.073124975 0.0696093507812
0 0.495351411719 0.701562265972 0.0431249847222 0.0295312390625
0 0.288808494922 0.713749760417 0.0637499763889 0.0305859273438
0 0.319921764063 0.7043747625 0.0562499777778 0.025312490625
0 0.340488164844 0.697812266667 0.0468749833333 0.0137109328125
0 0.357890502734 0.692187267361 0.0468749847222 0.0189843679688
0 0.376874870312 0.685624768056 0.0299999888889 0.0147656203125
0 0.390058462109 0.678124771528 0.0262499930556 0.0158203148437
0 0.4744334375 0.681874770833 0.0487499833333 0.0305859265625
0 0.451757664844 0.671562272917 0.0206249930556 0.0126562453125
0 0.446484229297 0.655624778472 0.0299999902778 0.0210937429688
