0 0.153110853125 0.341484133333 0.0773436972222 0.0448241890625
0 0.59344258125 0.36257786875 0.0539062152778 0.0421874703125
0 0.737802833594 0.36257786875 0.0492187152778 0.06723628125
0 0.362729849609 0.3344528875 0.0210937333333 0.00791015078125
0 0.368662461328 0.337968511806 0.0281249819444 0.0145019429688
0 0.378550150781 0.342656006944 0.0281249805556 0.013183584375
0 0.311313869531 0.340312260417 0.0187499875 0.01054686875
0 0.333066783203 0.339140385417 0.0164062375 0.0171386585937
0 0.2987894625 0.337968511806 0.0281249819444 0.0224120921875
0 0.393711273828 0.348515379167 0.0445312222222 0.0303222445313
0 0.120811070313 0.363749743056 0.0515624638889 0.0566894140625
