0 0.514538996875 0.363854093056 0.0561083416667 0.0286917640625
0 0.54562174375 0.377456117361 0.0663098569444 0.0506887859375
0 0.577660881641 0.364704220139 0.0442065708333 0.0248661960937
0 0.628349667969 0.369804979861 0.0510075819444 0.040168471875
0 0.700557278516 0.374905736111 0.0510075805556 0.0411248648437
0 0.893270303516 0.441215595139 0.183627298611 0.207537103906
0 0.441374995703 0.411461171528 0.188728056944 0.136764083594
0 0.356256090625 0.380856622222 0.113916936111 0.0659910609375
0 0.295525186719 0.366404475 0.0850126416667 0.05738353125
0 0.273049969531 0.372355358333 0.0833123833333 0.0506887859375
0 0.211840869141 0.367254601389 0.127518958333 0.106159532031
0 0.107594121094 0.402959909028 0.283942215278 0.215188242187
