0 0.403773240625 0.408272052083 0.0341412180556 0.014403325
0 0.395771392188 0.407560775694 0.0298735652778 0.0096022171875
0 0.385769083984 0.411117152778 0.0369863194444 0.0200046195312
0 0.368165018359 0.413962253472 0.0426765208333 0.0248057289062
0 0.344559567578 0.423208836111 0.0469441722222 0.0400092382812
0 0.242936096875 0.453793675694 0.0938883486111 0.0768177359375
0 0.497314835938 0.392979633333 0.0341412166667 0.012002771875
0 0.501715852344 0.395824733333 0.0369863166667 0.01280295625
0 0.520120102344 0.406493865278 0.0497892777778 0.0416096078125
0 0.548126569141 0.443598743056 0.0896206916667 0.0336077601563
0 0.563730173047 0.438619817361 0.119494259722 0.0376086851563
0 0.594937378516 0.454030775 0.152212927778 0.0648149664063
0 0.717965787109 0.5299001375 0.260326775 0.194444900781
0 0.870209275 0.635168890278 0.615964455556 0.256859310937
0 0.0277480703125 0.485089789583 0.133719765278 0.054412565625
0 0.130571812891 0.43885689375 0.0782402875 0.0792182914063
