0 0.0935574589844 0.380466998611 0.167710405556 0.129421152344
0 0.385534694531 0.356904380556 0.0623716388889 0.038202628125
0 0.480261621094 0.352053252778 0.0582135305556 0.0280672375
0 0.453363851563 0.321560452083 0.0221765819444 0.0132539734375
0 0.187504741016 0.430364310417 0.212063573611 0.205046763281
0 0.429194841797 0.43590845625 0.203747354167 0.139556542969
0 0.273265744531 0.352053252083 0.0443531652778 0.0288468828125
0 0.302892272656 0.346509107639 0.0360369486111 0.02260971875
0 0.319654650391 0.341657979861 0.0291067652778 0.0171522007812
0 0.334467916016 0.339578924306 0.0304928013889 0.0171522007812
0 0.344213483594 0.339578924306 0.0304928013889 0.02260971875
0 0.365653734375 0.329183650694 0.0235626180556 0.0109150359375
