0 0.956742324219 0.653285183333 0.158008152778 0.0865153515625
0 0.728578709766 0.559958717361 0.0609856013889 0.0639309304688
0 0.601106672656 0.566195880556 0.103952733333 0.0709477390625
0 0.544972197266 0.552335515972 0.0346509125 0.0241690101563
0 0.509498326953 0.551642497917 0.0332648763889 0.0202707835937
0 0.474544236719 0.554876596528 0.0388090208333 0.0233893640625
0 0.645468496484 0.562730788889 0.0748459666667 0.0428805023437
0 0.565632801953 0.55060296875 0.0166324375 0.0116946820313
0 0.530548755859 0.546444859722 0.0138603638889 0.00857610078125
0 0.522362478516 0.546444859722 0.0138603638889 0.00779645390625
0 0.495854531641 0.545751841667 0.0124743277778 0.00623716328125
0 0.488837721875 0.545751841667 0.0152464 0.006237165625
