0 0.300162484766 0.583582838889 0.0148818944444 0.00956693203125
0 0.291193485937 0.58464583125 0.0127559097222 0.0107627984375
0 0.279832754688 0.587834807639 0.0106299236111 0.0119586640625
0 0.270265823047 0.591023786111 0.0127559083333 0.0119586648438
0 0.257709225391 0.594212763194 0.0106299236111 0.0131545320312
0 0.246348493359 0.594212763194 0.0148818930556 0.0119586648438
0 0.231998095703 0.596338747917 0.0148818930556 0.0167421304688
0 0.290595552734 0.571889921528 0.0085039375 0.00956693203125
0 0.1805758375 0.598464732639 0.0318897736111 0.0382677265625
0 0.0675664558594 0.622913559028 0.0255118180556 0.0346801273437
0 0.380285538672 0.579330869444 0.0148818944444 0.0119586648438
0 0.390450403516 0.577204884722 0.0148818944444 0.0107627976563
0 0.411378066797 0.575078899306 0.0148818930556 0.00956693203125
0 0.432903663672 0.577204884722 0.0191338638889 0.00956693203125
0 0.422140865234 0.580393861806 0.0212598486111 0.0191338632812
0 0.403007001563 0.58464583125 0.0340157569444 0.0239173296875
0 0.466387924219 0.578267877083 0.0212598486111 0.014350396875
0 0.44964579375 0.587834808333 0.0361417416667 0.0287007953125
0 0.487315587891 0.574015906944 0.0340157583333 0.0227214632813
0 0.493294919922 0.582519847222 0.0382677277778 0.0251131960938
0 0.523191581641 0.576141891667 0.059527575 0.0418553257812
0 0.544717178516 0.58464583125 0.0637795458333 0.0466387929688
0 0.341419877734 0.616535604167 0.114803180556 0.0801230523437
0 0.860027329687 0.576496234028 0.104173256944 0.0633809234375
0 0.720110951563 0.640275779167 0.299763863889 0.281028620313
2 0.133579591016 0.621925484028 0.00816532361111 0.00842048984375
