0 0.713559343359 0.564088806944 0.0571887277778 0.0272946195313
0 0.583909899609 0.577952740972 0.0467907763889 0.0331434664062
0 0.758400503906 0.586617698611 0.154236261111 0.083833475
1 0.293417161328 0.529428972222 0.0641206944444 0.107228861719
0 0.334359091016 0.622144029861 0.131707370833 0.0799342429687
0 0.657995296094 0.590083682639 0.199294048611 0.124775404688
0 0.88756254375 0.581418724306 0.272079701389 0.219331765625
0 0.989917367578 0.68453173125 0.1282413875 0.0185213492187
0 0.00828586679688 0.678466261806 0.0745186458333 0.0146221179688
0 0.172053585156 0.67413378125 0.346598345833 0.324611014063
0 0.472294401563 0.682798740278 0.332734411111 0.273921004687
0 0.511774119141 0.503434095833 0.147304294444 0.115027325781
