0 0.0689863195313 0.430055607639 0.0729224736111 0.070277115625
0 0.157239081641 0.430990510417 0.0486149819444 0.0536400882813
0 0.275036921875 0.442209351389 0.0860111222222 0.0746754171875
0 0.660509317578 0.417901861111 0.033656525 0.0252423960938
0 0.674708163672 0.413227343056 0.0243074888889 0.0178800289063
0 0.702675592578 0.416966957639 0.0392659458333 0.0464689585938
0 0.632637507422 0.408552826389 0.0261772972222 0.0220870960937
0 0.61580924375 0.412292440278 0.0224376833333 0.015776496875
0 0.598980980078 0.418836765972 0.0280471041667 0.0326047585937
0 0.569005637891 0.418836764583 0.0355263319444 0.0294494601563
0 0.529564396875 0.417901861806 0.0523545930556 0.0599506859375
0 0.45646663125 0.4281858 0.0542244027778 0.0610024546875
0 0.783040105469 0.4113575375 0.0392659444444 0.029449459375
0 0.893280217969 0.417901860417 0.0635734375 0.045886996875
0 0.356098064062 0.501776054167 0.188850505556 0.1472473
