0 0.627719901562 0.558280859028 0.0421874708333 0.0290038859375
0 0.721982532422 0.56062460625 0.0562499625 0.0382323960937
0 0.561801978125 0.560624607639 0.0421874708333 0.0263671703125
0 0.594760939063 0.565312104861 0.0609374597222 0.0421874703125
0 0.525547119922 0.564140229861 0.0445312180556 0.0329589617187
0 0.487973903516 0.56296835625 0.0421874708333 0.0237304523437
0 0.665293117969 0.561796482639 0.0679687041667 0.0487792640625
0 0.770761795312 0.571171474306 0.0960936847222 0.0883300171875
0 0.439194640625 0.57234335 0.0656249555556 0.05537105625
0 0.296152746094 0.568827726389 0.157031141667 0.15688465625
0 0.9408300375 0.603983952778 0.189843619444 0.117333903125
0 0.0172292953125 0.569999602778 0.0281249805556 0.034458590625
