0 0.0548020410156 0.603199340972 0.3544966875 0.107896894531
0 0.839162532813 0.487866516667 0.585162341667 0.319029103125
0 0.366883566016 0.418666820139 0.0679856680556 0.0655576085938
0 0.236451242969 0.424736968056 0.0558453666667 0.055997121875
0 0.313618008984 0.417452790278 0.0558453694444 0.0327788023438
0 0.523777963281 0.418435586111 0.0242805944444 0.0259498859375
0 0.676745712109 0.391726931944 0.0437050722222 0.0723865242187
0 0.49168205 0.416007525 0.0242805916667 0.0163894
0 0.471195298047 0.424101054861 0.0145683569444 0.0136578335938
0 0.740254643359 0.376753905556 0.031564775 0.0273156695313
