0 0.389251621484 0.545173915278 0.0187027805556 0.0133894882813
0 0.377535817578 0.545477529167 0.0193100083333 0.0148240789062
0 0.403597504297 0.546631269444 0.03060455 0.0219970210938
0 0.440418603906 0.548331520139 0.0374055625 0.015302275
0 0.449982525 0.548331520833 0.0408060666667 0.017215059375
0 0.457155466406 0.549181646528 0.0561083430556 0.0219970203125
0 0.471501349609 0.5508819 0.0561083444444 0.0392120820313
0 0.478674290234 0.559383163889 0.0663098583333 0.0306045507812
0 0.512626214062 0.564483925 0.0935139055556 0.0717294140625
0 0.316087617969 0.551732027083 0.105415673611 0.05738353125
0 0.249140166406 0.566184175694 0.1445214875 0.114767064062
0 0.193669417188 0.546631268056 0.0340050583333 0.03060455
0 0.14154604375 0.585737082639 0.1122166875 0.109985101563
