0 0.469673922656 0.38524790625 0.0195888763889 0.0119369734375
0 0.436617692578 0.395042342361 0.0293833152778 0.0192828007812
0 0.50915775 0.381983093056 0.0195888777778 0.011936971875
0 0.535786380078 0.386064108333 0.0179564722222 0.0137734289063
0 0.598685039062 0.411366406944 0.0424425666667 0.0238739453125
1 0.485611751562 0.389212322222 0.0489721916667 0.0238739453125
1 0.556315351563 0.395741948611 0.0750906916667 0.0348926859375
0 0.514259008203 0.435155324306 0.0881499430556 0.0578484007812
0 0.655666210937 0.475965483333 0.156711013889 0.140488975
1 0.316380748047 0.329048908333 0.365659027778 0.235066517969
0 0.905883500391 0.49310575 0.2301693 0.185482174219
