0 0.413241962109 0.400424011111 0.0228813722222 0.00819048984375
0 0.40271133125 0.395223699306 0.0416024958333 0.0152109125
0 0.385160278516 0.397303823611 0.0457627444444 0.0245714726563
0 0.386330350781 0.408744509028 0.0436826180556 0.0222313328125
0 0.368779295313 0.409784572917 0.0624037430556 0.0292517546875
0 0.355908524219 0.414984886111 0.0686441166667 0.03159189375
0 0.340697612891 0.421225260417 0.0728043652778 0.0409524554688
0 0.281609068359 0.421225259028 0.135208106944 0.100626035156
0 0.209064718359 0.464907878472 0.147688856944 0.152109119531
0 0.0791869304687 0.526271559722 0.282896963889 0.156789401563
