0 0.480734615234 0.466598015278 0.0391752666667 0.0127577335938
0 0.472036160547 0.470721724306 0.0432989736111 0.0162371164062
0 0.458698529687 0.471752652778 0.0494845416667 0.0220360875
0 0.623775888281 0.463230318056 0.0412371194444 0.0266752625
0 0.557087731641 0.458075679167 0.0226804138889 0.0115979414062
0 0.568105776562 0.460137534028 0.0350515513889 0.0150773234375
0 0.541899254687 0.464329974306 0.0288659847222 0.019716496875
0 0.591190500391 0.472577398611 0.0824742416667 0.0371134085937
0 0.653819375781 0.47154646875 0.0597938236111 0.0347938203125
0 0.510004920703 0.469484613194 0.0556701125 0.0301546445312
0 0.436448673047 0.475670183333 0.0515464027778 0.0404114460937
0 0.119481860547 0.578028445833 0.270103136111 0.237757772656
0 0.929597973047 0.524420189583 0.224742304167 0.136855692969
