0 0.288939744141 0.331495449306 0.0312688819444 0.0298243929687
0 0.332529243359 0.360045297917 0.0720543791667 0.0695902523437
0 0.410149139844 0.3274169 0.0312688805556 0.022941840625
0 0.448003179297 0.328096658333 0.0380664638889 0.0313538492187
0 0.482033578516 0.317220526389 0.0163142 0.0137651054687
0 0.746756940625 0.343731098611 0.0475830805556 0.123121214063
0 0.823739580469 0.348036234722 0.0299093638889 0.03288330625
0 0.892182741797 0.339652547917 0.0339879125 0.0474131398437
0 0.938831152734 0.332854965278 0.0258308138889 0.0260007539063
0 0.980891195703 0.331495448611 0.0394259777778 0.0367069460937
0 0.04180513125 0.327190310417 0.0842900263889 0.0836102625
