0 0.401811135547 0.61440961875 0.0212598486111 0.0119586648438
0 0.413769799609 0.611220640278 0.0233858333333 0.0167421304688
0 0.484325921484 0.600590715972 0.0446456819444 0.0143503976563
0 0.475356923438 0.603779695139 0.0595275763889 0.015546265625
1 0.358759941016 0.584645831944 0.0552756083333 0.0358759945312
1 0.21645183125 0.608031663194 0.182834695833 0.0789271859375
0 0.139318444141 0.668622232639 0.0829134125 0.0753395882813
0 0.447851994141 0.605905679861 0.106299243056 0.0562057242187
0 0.374904139453 0.620787575 0.0680315138889 0.0466387929687
0 0.0215255964844 0.695197043056 0.0850393944444 0.0430511929687
0 0.300760417969 0.640984429167 0.121181136111 0.0944734515625
