0 0.469405330859 0.383436318056 0.016641 0.0152109117187
0 0.457704628516 0.384476379167 0.0145608722222 0.0128707726562
0 0.442493717578 0.385516441667 0.0124807472222 0.0175510523438
0 0.430793014844 0.396957125694 0.0228813708333 0.029251753125
0 0.341867682031 0.410477938194 0.0956857347222 0.069034140625
0 0.284534244141 0.427118934722 0.112326736111 0.106476385156
0 0.182738139453 0.461440995833 0.122727358333 0.150939050781
0 0.496901980469 0.404237561806 0.0416024930556 0.030421825
0 0.464725048828 0.429199060417 0.0707242402778 0.0456327382812
0 0.545459891797 0.386556504167 0.0228813722222 0.0175510539062
0 0.579391926172 0.391756813889 0.0166409972222 0.0128707726563
0 0.563595979687 0.399037253472 0.0478428708333 0.0374422453125
0 0.816331134766 0.456240684722 0.187211227778 0.0561633679688
1 0.761337838672 0.318952447917 0.0790447375 0.0678640710937
1 0.623269558203 0.354314571528 0.0956857347222 0.0795647710938
0 0.402711331641 0.490562740278 0.176810602778 0.127537647656
0 0.684113205859 0.46560124375 0.372342329167 0.241034453906
0 0.0869813070312 0.56336710625 0.322419334722 0.173962614062
1 0.894725835156 0.397997189583 0.3078584625 0.208272490625
0 0.523228559375 0.429199060417 0.1164869875 0.069034140625
