0 0.00990115234375 0.647449269444 0.0566326777778 0.0198023046875
0 0.0632812789063 0.628316611111 0.0428571638889 0.0370217015625
0 0.0878189164062 0.61913293125 0.0306122569444 0.02582909375
0 0.121827223047 0.616837011111 0.0290816444444 0.0129145460937
0 0.152822135547 0.613010479861 0.0122449013889 0.00947066796875
0 0.202758380859 0.6168370125 0.0198979666667 0.0180803648438
0 0.218255837891 0.626020688194 0.0260204180556 0.0146364867188
0 0.240210566016 0.638036009028 0.0408673847222 0.0361607304687
0 0.273357903906 0.663865104167 0.0536479666667 0.0335778203125
0 0.297034572266 0.673087036111 0.0596939055556 0.0292729726562
0 0.343957425391 0.674617650694 0.0903061625 0.0921237664063
0 0.388727852344 0.696811536806 0.107142906944 0.0662946734375
0 0.427041008203 0.714413585417 0.0994898430556 0.0878189179687
0 0.613727956641 0.778061590972 0.2204082625 0.253412099219
0 0.0404655804687 0.621428848611 0.0750000333333 0.0499362484375
