0 0.103811832031 0.633194827083 0.413972784722 0.204182389062
0 0.237448059766 0.598527154861 0.193731106944 0.168622535156
0 0.332083155469 0.591389693056 0.126435038889 0.0848848140625
0 0.438762718359 0.550604196528 0.0897280902778 0.0596487882813
0 0.907349832031 0.669901772917 0.242673698611 0.184681823438
0 0.800670267969 0.59138969375 0.195770381944 0.191564376562
0 0.498985052734 0.578134405556 0.0917673638889 0.0630900632813
0 0.542001005859 0.544486372222 0.0367069472222 0.0137651054687
0 0.559207386328 0.570996943056 0.0693353444444 0.0481778664062
0 0.626312273828 0.549584559028 0.1203172125 0.0653842476562
