0 0.467650225391 0.583474989583 0.0312018708333 0.0163809820312
0 0.49046659375 0.585555113889 0.0852851138889 0.038612315625
0 0.506262541406 0.604276236806 0.0769646152778 0.030421825
0 0.523228558594 0.607396424306 0.0915254875 0.0315918953125
0 0.550725207422 0.618837111111 0.131047861111 0.0585035085937
0 0.571201435156 0.626117547222 0.137288233333 0.036272175
0 0.392180699609 0.575154490972 0.0312018708333 0.00585035078125
0 0.377554823438 0.583474990278 0.0686441166667 0.030421825
0 0.359418735156 0.6021961125 0.0686441166667 0.04095245625
0 0.261132841406 0.587635238889 0.0228813722222 0.0339320359375
0 0.257622630859 0.625077483333 0.0769646138889 0.0292517539063
0 0.306180542578 0.619877172917 0.1081664875 0.0795647710937
0 0.185663315234 0.574114428472 0.0332819958333 0.0819049117188
0 0.162846946875 0.686441164583 0.208012473611 0.214122840625
0 0.0419336054688 0.673960416667 0.232973972222 0.0838672109375
0 0.426112734766 0.615716923611 0.133127983333 0.0807348414063
1 0.783569170703 0.50027 0.99637975 0.430585821094
