0 0.383405173047 0.527311622222 0.0936056138889 0.0842450507812
0 0.118384280859 0.567874054861 0.212172723611 0.207102419531
0 0.243581788672 0.543952619444 0.0936056138889 0.0596735789063
0 0.288044454297 0.522111309028 0.0873652402778 0.0713742804688
0 0.632630119141 0.527311620833 0.0852851138889 0.0655239289063
0 0.854943451563 0.573074365278 0.272496338889 0.236354173437
1 0.519718348047 0.433706009722 0.388983327778 0.153279191406
0 0.703133549609 0.539369047222 0.113560213889 0.0883268914063
0 0.750191694141 0.468028065972 0.0374422458333 0.0456936898438
0 0.417276255469 0.481400286111 0.00416025 0.0117007015625
0 0.427221851172 0.468919536806 0.0166409986111 0.0105306304687
0 0.355262536719 0.485560534722 0.0332819944444 0.028081684375
0 0.416691220313 0.482440348611 0.0478428694444 0.0198911921875
