0 0.461084111328 0.4843711875 0.025994875 0.0155969257813
0 0.449873820703 0.492169651389 0.0346598333333 0.0146221179688
0 0.438176127344 0.490436658333 0.0519897527778 0.0224205796875
0 0.414293334766 0.504300590972 0.0797176180556 0.0545892382812
0 0.350930825391 0.557156839583 0.233953881944 0.109178478906
0 0.489840943359 0.486970675 0.03119385 0.0185213492187
0 0.540530950391 0.502567602083 0.0554557347222 0.0224205804688
0 0.880251485156 0.539826923611 0.105712494444 0.077984628125
0 0.175465412109 0.629942493056 0.428048955556 0.350930824219
0 0.580985476172 0.508633070833 0.0849165972222 0.0584884710937
0 0.755963483594 0.554557352083 0.228754906944 0.211533303125
0 0.0555640476563 0.885187978472 0.222564526389 0.111128095313
2 0.507387483984 0.535494443056 0.0797176194444 0.0653121257812
