0 0.320446926953 0.589845015972 0.0752698430556 0.0464366382813
0 0.347079704687 0.584988895139 0.0461331319444 0.0259498859375
0 0.360054648047 0.581346805556 0.0485611888889 0.0163894023437
0 0.535557823438 0.593487103472 0.0437050736111 0.0314130203125
0 0.590872054297 0.610483522222 0.0485611888889 0.0136578335938
0 0.507730007031 0.597302640278 0.0388489527778 0.0286814515625
0 0.496120848047 0.590018461111 0.0339928333333 0.0245841023438
0 0.474268311719 0.592446520139 0.0194244763889 0.0218525359375
0 0.454464451172 0.580306222917 0.0097122375 0.0232183195312
0 0.421002755859 0.5839483125 0.0169964166667 0.0245841023437
0 0.409393596484 0.580306224306 0.0194244763889 0.0204867523437
0 0.080733540625 0.576414477083 0.104802631944 0.031973684375
0 0.238104018359 0.566644740278 0.0461842111111 0.0269777960937
