0 0.0304945949219 0.575610395833 0.102047272222 0.0609891898437
0 0.34440954375 0.545846607639 0.0340157569444 0.0287007953125
0 0.410182200391 0.539468653472 0.0297637875 0.0143503976563
0 0.420347065625 0.535216684028 0.0212598486111 0.0107627984375
0 0.476552789453 0.537661584722 0.0276378027778 0.00837106484375
0 0.484923854687 0.542976547917 0.0340157569444 0.0107627984375
0 0.492696987109 0.542976547222 0.0425196972222 0.0191338632813
0 0.50226391875 0.547228517361 0.0595275791667 0.0239173296875
0 0.514820516016 0.547228517361 0.0850393930556 0.0346801273437
0 0.532758513672 0.553606472222 0.106299241667 0.0322883945312
0 0.578201439844 0.550417494444 0.159448863889 0.10164865
0 0.708849853125 0.608031664583 0.257244165278 0.218245632812
0 0.381481405078 0.546378105556 0.0829134083333 0.0562057257813
0 0.200905567578 0.581456854167 0.340157575 0.291791419531
1 0.447254060547 0.50258281875 0.140314998611 0.0502263914062
