0 0.312121150781 0.551693066667 0.0191338638889 0.01674213125
0 0.339028145703 0.551693066667 0.0191338638889 0.0131545320313
0 0.352780611328 0.549567083333 0.0233858333333 0.0119586648438
0 0.373708272266 0.543189126389 0.0191338611111 0.0131545320313
0 0.343213677344 0.56870094375 0.0148818902778 0.00956693125
0 0.350986810156 0.569763936111 0.0255118166667 0.0107627984375
0 0.358162009375 0.5729529125 0.0318897694444 0.0131545328125
0 0.371316539063 0.575078900694 0.0488976513889 0.0131545296875
0 0.380285540625 0.577204884028 0.0488976513889 0.01674213125
0 0.391048336719 0.579330870139 0.0574015902778 0.021525596875
0 0.260698891016 0.580393861806 0.0340157569444 0.0191338632812
0 0.257709225 0.586771816667 0.02125985 0.01315453125
0 0.239173294141 0.583582840972 0.0488976513889 0.0287007945313
0 0.224224963281 0.57401590625 0.0127559069444 0.0107627984375
0 0.202699367188 0.587834810417 0.0574015902778 0.044247059375
0 0.154266775 0.571193154167 0.141708533333 0.0717519890625
0 0.239173294531 0.582519848611 0.0467716666667 0.031092528125
0 0.2840182875 0.572952913889 0.0191338611111 0.0083710671875
0 0.295379018359 0.571889922222 0.0382677277778 0.0191338648438
0 0.336038479297 0.572952914583 0.0361417430556 0.0143503976563
0 0.111813515234 0.611220640972 0.108425226389 0.0872982523437
0 0.554882042969 0.571535613194 0.0659055291667 0.0717519875
0 0.315708749219 0.577204884028 0.0488976513889 0.0358759953125
0 0.413171865625 0.585708824306 0.0701574986111 0.0466387921875
0 0.0352780609375 0.639921435417 0.119055151389 0.070556121875
1 0.276843087891 0.559134013889 0.0552756055556 0.0107627976563
1 0.256513358203 0.562322990278 0.0659055305556 0.0298966601562
0 0.287605886719 0.547441096528 0.0148818902778 0.015546265625
0 0.687623221484 0.571464731944 0.11905515 0.121978378906
0 0.0302462867187 0.562881249306 0.0533898208333 0.0600635484375
