0 0.974617784375 0.470424318056 0.0780612583333 0.0482143078125
0 0.0228156988281 0.416087559028 0.104081681944 0.0456313976563
0 0.0449269730469 0.373230397917 0.0612245180556 0.0516581867187
1 0.298141532812 0.368877716667 0.0428571611111 0.0241071546875
0 0.312532028516 0.378061396528 0.0153061291667 0.00774872734375
0 0.298756511719 0.37959200625 0.0244898069444 0.0146364859375
0 0.28928584375 0.3834185375 0.0290816472222 0.0163584265625
0 0.281967601953 0.387245072917 0.0336734819444 0.0137755164063
0 0.258290932422 0.379592008333 0.0612245194444 0.0318558835938
0 0.243654446875 0.391071605556 0.056632675 0.0352997609375
0 0.338361120703 0.378061394444 0.0122449027778 0.00774872890625
0 0.346109850391 0.381887928472 0.0229591930556 0.0111926070312
0 0.353858577734 0.384183846528 0.0275510291667 0.0146364867188
0 0.358593910547 0.391071604861 0.0260204180556 0.0120535773438
0 0.3706474875 0.391071602778 0.047449 0.022385215625
0 0.372369428125 0.394132827778 0.0382653222222 0.018941334375
0 0.383131549219 0.397194055556 0.0596939055556 0.02152424375
0 0.394754642578 0.401785895139 0.0719388097222 0.0327168523438
0 0.208785171875 0.407143040972 0.0734694180556 0.057684975
0 0.436081191016 0.413265490972 0.104081681944 0.0800701898438
