0 0.134100218359 0.525415763194 0.0598338236111 0.125160203906
0 0.293758367969 0.531025182639 0.0261772986111 0.043122425
0 0.349501987891 0.523545956944 0.0261772972222 0.0410188914063
0 0.395253826562 0.526350664583 0.0168282625 0.037863590625
0 0.544078792578 0.542244026389 0.0261772972222 0.0136729632813
0 0.536190544141 0.541309120139 0.0317867152778 0.0147247304687
0 0.552492925 0.545048736806 0.0205678763889 0.009465896875
0 0.569847070703 0.532894988889 0.06731305 0.0357600601562
0 0.588252983984 0.547853445833 0.06731305 0.0536400882813
0 0.503585787109 0.537569508333 0.106578997222 0.0588989210938
0 0.448262863672 0.523545956944 0.0560942111111 0.0420706570313
0 0.658030164063 0.555733345833 0.155193975 0.110435475
0 0.466608675 0.564147481944 0.123407261111 0.0957107453125
0 0.886789363281 0.646418988194 0.602077848611 0.225078015625
