0 0.605879885937 0.563671486806 0.0749999458333 0.0489676046875
0 0.580266068359 0.558146926389 0.07499995 0.0210937335937
0 0.569201269531 0.558398053472 0.0468749680556 0.017138659375
0 0.554699325781 0.547851186111 0.035156225 0.0118652265625
0 0.544811638281 0.534960570139 0.0281249791667 0.0079101515625
0 0.477509432813 0.541874619444 0.0187499861111 0.01054686875
0 0.467621744531 0.54539024375 0.0210937347222 0.0092285109375
0 0.461689132031 0.541874621528 0.0281249791667 0.0079101515625
0 0.455097339844 0.541874621528 0.0281249791667 0.0079101515625
0 0.449164726562 0.541874620833 0.0328124777778 0.009228509375
0 0.436640320312 0.550077740972 0.0304687291667 0.0184570171875
0 0.416205765625 0.557108984028 0.0398437208333 0.0303222453125
0 0.391156953906 0.565312104861 0.0421874736111 0.019775378125
0 0.353320069922 0.569999600694 0.0656249541667 0.0527343382813
0 0.857686354297 0.582421476389 0.185156119444 0.175153335156
0 0.957316588281 0.535546490972 0.0820311958333 0.081738225
0 0.0237304519531 0.642187040278 0.210937355556 0.0474609039063
