0 0.861083785156 0.481560190278 0.265494144444 0.26153699375
0 0.616698562891 0.423780727083 0.0462235625 0.0168240179687
0 0.636581491797 0.427179518056 0.0530211444444 0.0244712976563
0 0.592500385156 0.425820001389 0.0231117805556 0.0160592890625
0 0.5822858 0.415623628472 0.0244712986111 0.0137651046875
0 0.510401364063 0.42514024375 0.0299093652778 0.0229418421875
0 0.479429877344 0.425820000694 0.0503021097222 0.03135385
0 0.446928935547 0.440094925 0.0706948611111 0.0565898757813
0 0.572617479297 0.412904594444 0.0217522638889 0.0114709210937
1 0.703331319141 0.405038827083 0.204510143056 0.125852374219
