0 0.540526971484 0.387304422222 0.0187499888889 0.00922851015625
0 0.534594360156 0.389648165972 0.0281249819444 0.0131835859375
0 0.521410775 0.389648165972 0.0281249819444 0.01054686875
0 0.497021144531 0.393163794444 0.0398437277778 0.0435058296875
0 0.469335615234 0.409570029861 0.0445312208333 0.0276855273438
0 0.449560238281 0.416601277778 0.0445312194444 0.0290038875
0 0.423852246875 0.421288775 0.0539062138889 0.030322246875
0 0.396825900391 0.438866886111 0.0843749416667 0.0369140367188
0 0.579748135938 0.395507541667 0.0304687277778 0.017138659375
0 0.589635825391 0.393163792361 0.0304687291667 0.0105468679687
0 0.60150105 0.395507540972 0.0351562263889 0.0158203
0 0.623913145312 0.389648169444 0.037499975 0.0290038859375
0 0.663463898047 0.39082004375 0.0398437236111 0.0500976195312
0 0.688512710547 0.389648169444 0.037499975 0.0395507539062
0 0.563927833594 0.389648170139 0.0234374847222 0.0092285078125
0 0.343761972266 0.457616871528 0.107812426389 0.0843749414063
0 0.737042621875 0.648067960417 0.486370851389 0.422535989062
0 0.0232097234375 0.522648584722 0.114263252778 0.046419446875
