0 0.214123755078 0.436973685417 0.0852631569444 0.100916941406
0 0.310544397266 0.412105265278 0.0817105277778 0.0979194085937
0 0.353509035938 0.426315791667 0.0923684222222 0.12989309375
0 0.389479430469 0.43786184375 0.0941447347222 0.147878290625
0 0.462918986719 0.411217107639 0.0515131569444 0.056953125
0 0.59331166875 0.411217107639 0.0586184208333 0.0619490140625
0 0.683737245313 0.423651316667 0.0586184194444 0.0629481921875
0 0.726202294141 0.439638160417 0.0728289486111 0.0779358554687
0 0.619290287109 0.436085528472 0.0692763152778 0.121899671094
0 0.0967203832031 0.422763160417 0.1278947375 0.191842107031
0 0.828618001953 0.590625003472 0.509802634722 0.342717928906
0 0.505883625 0.436973686806 0.0710526319444 0.100916940625
