0 0.878533134766 0.406513825 0.168137858333 0.197419144531
0 0.902407076562 0.412227243056 0.146916575 0.166199375
0 0.143535831641 0.445391875 0.0620314416667 0.0413202851563
0 0.283798219922 0.431071884028 0.0179564652778 0.0101005132812
0 0.292521392188 0.430255681944 0.0261185027778 0.0091822875
0 0.302162792969 0.430255680556 0.0195888722222 0.01744634375
0 0.466525708594 0.430255681944 0.0424425638889 0.06886714375
0 0.533097283203 0.425358461806 0.0424425680556 0.0569301726563
0 0.31869090625 0.429439478472 0.0408101569444 0.0284650859375
0 0.117992374219 0.457073784722 0.0718258833333 0.080804115625
0 0.2717956625 0.429322877778 0.0228536888889 0.0137734296875
0 0.224966002734 0.439117317361 0.0881499458333 0.0633577710937
0 0.363159405078 0.426058064583 0.0685610680556 0.0514207992188
0 0.382442205078 0.444014532639 0.0685610680556 0.0569301726562
0 0.747438067969 0.409733997222 0.0587666277778 0.0762129734375
0 0.651024067578 0.54930474375 0.341172931944 0.313115947656
