0 0.503462985938 0.622037505556 0.0469194027778 0.0263921640625
0 0.466274028906 0.611018552083 0.0191943013889 0.02879145
0 0.523257108594 0.639810002778 0.0511848027778 0.02519251875
1 0.544850696875 0.597156000694 0.0298578013889 0.02039394375
0 0.597035198437 0.632345552083 0.0362559013889 0.0191943015625
0 0.616229498828 0.625947451389 0.0277251 0.0143957257813
0 0.631824866797 0.628080150694 0.0319904986111 0.0215935867188
0 0.649819523438 0.631279202083 0.0255924013889 0.0263921625
0 0.654018276563 0.641942701389 0.0341232 0.01319608125
0 0.664815071094 0.645141751389 0.0575829027778 0.02039394375
0 0.56224553125 0.661137003472 0.102369601389 0.0743779125
0 0.432684004297 0.634478252778 0.0533175027778 0.0407878867187
0 0.472272246875 0.651539852083 0.0789099013889 0.06718005
0 0.197553827344 0.696326552778 0.2409951 0.3047095125
0 0.0812603160156 0.621562065278 0.0328124777778 0.0303222445313
