0 0.00688255195313 0.722922918056 0.0938066416667 0.0137651039063
0 0.0321185777344 0.704569443056 0.0978851916667 0.0504720507812
0 0.06423715625 0.686215970139 0.0734138930556 0.06423715625
0 0.0590752421875 0.716805093056 0.110120838889 0.079149353125
0 0.480631579297 0.614331533333 0.018353475 0.0160592882812
0 0.459983922266 0.621468994444 0.0407854972222 0.0367069460938
0 0.426718251172 0.633704644444 0.0448640444444 0.0412953148438
0 0.380834569531 0.642881380556 0.0672960694444 0.0550604203125
0 0.551751287891 0.601076247917 0.0122356486111 0.0137651039063
0 0.542574551563 0.604135159028 0.0101963736111 0.0114709203125
0 0.529956538672 0.605154797222 0.01223565 0.00917673671875
0 0.581002137109 0.594958422222 0.0122356472222 0.0149121976563
0 0.564942847266 0.607194071528 0.0163141986111 0.0103238289063
0 0.613120714062 0.595978061111 0.018353475 0.0149121984375
0 0.601936566797 0.594958422917 0.0183534736111 0.0114709210937
0 0.578994725391 0.610252984028 0.0326283958333 0.0229418414062
0 0.686305209375 0.612394228472 0.181495456944 0.0975028265625
0 0.775778391797 0.647061900694 0.0917673652778 0.0814435367187
0 0.740218537109 0.636865525 0.0836102666667 0.0240889335938
