0 0.590733555078 0.269480213194 0.0225288930556 0.0311938523438
0 0.541505758203 0.277278675694 0.0485237680556 0.0263198117187
0 0.612666730859 0.326668940972 0.0433247930556 0.0165717335938
0 0.638986542969 0.339666377778 0.0762516361111 0.055564046875
0 0.691626166406 0.349197832639 0.0571887263889 0.047765584375
0 0.718433382422 0.364794759028 0.0537227458333 0.0565388554687
0 0.762787139062 0.382124675 0.0849165944444 0.086757896875
0 0.917781586719 0.422849980556 0.166367205556 0.133548675
0 0.940202167578 0.507766575694 0.422849981944 0.117951749219
0 0.578061052734 0.318003981944 0.105712494444 0.0604380867188
0 0.498614212891 0.324935948611 0.0953145444444 0.0653121257812
0 0.425016221094 0.28681013125 0.0537227458333 0.0428915453125
0 0.405520063672 0.333600906944 0.0987805277778 0.0740853960937
0 0.385536503125 0.265147734028 0.0415918013889 0.0497152
0 0.340695342187 0.259948759028 0.0554557347222 0.04581596875
