0 0.0575136632812 0.649005401389 0.171566180556 0.113077710938
0 0.164742525781 0.603947616667 0.147304297222 0.132573867188
0 0.314862935156 0.624743516667 0.202760030556 0.19496156875
0 0.532245083984 0.592683169444 0.152503269444 0.0916319367187
0 0.259786289844 0.551957863194 0.1230424125 0.0887075140625
0 0.422091796484 0.577952740278 0.0675866777778 0.0448411601562
0 0.909495720312 0.621277535417 0.223555931944 0.17936464375
0 0.805191280078 0.580552227778 0.162901222222 0.140372328906
0 0.705273476562 0.573620261806 0.100513520833 0.0828586671875
0 0.655558276172 0.564088806944 0.0814506111111 0.0360678898437
0 0.607305288281 0.569287781944 0.0606547111111 0.052639625
0 0.577573648828 0.561489319444 0.0415918027778 0.0224205804688
1 0.403570448437 0.53809393125 0.0537227430556 0.0467907765625
0 0.455722667969 0.566688292361 0.0311938486111 0.0204709625
