0 0.288982005859 0.595189111111 0.0453608333333 0.0173969101562
0 0.305219122266 0.5951891125 0.0371134083333 0.0127577335937
0 0.372487175 0.569415913194 0.0226804180556 0.019716496875
0 0.369587689844 0.604467464583 0.0309278402778 0.020876290625
0 0.405618625391 0.564811092361 0.0360137680556 0.0233505226562
0 0.439832548438 0.542130675694 0.0153952069444 0.0082732
0 0.445554202734 0.563230341667 0.0144329916667 0.0173969085938
0 0.249703653125 0.598556806944 0.0845360944444 0.0661082578125
0 0.337268100391 0.592371238889 0.0639175361111 0.0487113460937
0 0.402216565234 0.5923712375 0.0680412472222 0.0463917601562
0 0.461945955859 0.587216597917 0.0701031041667 0.0498711429687
0 0.965528509375 0.56013754375 0.235051584722 0.0661082578125
