0 0.283396762891 0.385532081944 0.0110516361111 0.0100421117188
0 0.274071944922 0.385532081944 0.00935138333333 0.00669474140625
0 0.267616301562 0.388082460417 0.0110516375 0.0100421125
0 0.258769679297 0.393608278472 0.0170025180556 0.0219970070312
0 0.221948602344 0.411035858333 0.0382556638889 0.0286917484375
0 0.249444860938 0.411035857639 0.0450566708333 0.03490829375
0 0.285309546094 0.4161366125 0.0552581805556 0.0396902515625
0 0.334802812109 0.377455886806 0.00680100694444 0.00956391640625
0 0.334324615625 0.384681955556 0.0110516361111 0.02199700625
0 0.313044902734 0.394883466667 0.0263539027778 0.0148240695312
0 0.395772776562 0.377030823611 0.0110516361111 0.013867678125
0 0.413226923047 0.375755635417 0.00850125972222 0.00956391640625
0 0.434028440234 0.382131579167 0.0127518888889 0.0100421117187
0 0.446461531641 0.380856390278 0.0102015111111 0.0129112867187
0 0.458894622266 0.386807271528 0.0221032736111 0.0100421117187
0 0.468697635937 0.387657397222 0.023803525 0.012433090625
0 0.476109671094 0.383406766667 0.0323047833333 0.008129328125
0 0.488303663672 0.385107019444 0.0323047833333 0.0219970070312
0 0.496672090625 0.387232333333 0.0297544055556 0.0090857203125
0 0.512452551953 0.385957144444 0.0408060416667 0.0320391179688
0 0.534688657031 0.390632838194 0.0331549097222 0.0229533984375
0 0.187061505859 0.422949684028 0.0433564180556 0.0401684476562
0 0.330998441797 0.428900565278 0.0892632166667 0.0573834960937
0 0.897742883203 0.378022641667 0.0306045333333 0.0420812304687
0 0.818432114844 0.374905508333 0.0425062944444 0.076511328125
0 0.834451673828 0.382556640972 0.0544080541667 0.101855705469
0 0.941806631641 0.384256893056 0.0493073 0.0899008117187
