0 0.698070808594 0.596483964583 0.0257812319444 0.013183584375
0 0.71323193125 0.5999995875 0.0328124777778 0.02241209375
0 0.731029770703 0.602343336111 0.0281249805556 0.0184570179688
0 0.747509252344 0.605858958333 0.0257812333333 0.0171386609375
0 0.758056119531 0.605858958333 0.0257812333333 0.0118652265625
0 0.771898883203 0.608202706944 0.0304687305556 0.0237304523438
0 0.796947694531 0.611718329861 0.0328124763889 0.01845701875
0 0.821337326172 0.615233952778 0.0398437222222 0.0461425460937
0 0.847704494922 0.617577701389 0.0304687305556 0.0118652273437
0 0.508227189844 0.603515209722 0.0960936833333 0.060644490625
