0 0.492744146484 0.378540077778 0.0211081805556 0.0118733523438
0 0.502836496875 0.370096806944 0.0211081805556 0.0130606890625
0 0.477902455859 0.403869897917 0.0548812736111 0.0273087117187
0 0.458905089844 0.39753744375 0.0337730930556 0.0178100296875
0 0.439314057422 0.405980716667 0.054881275 0.0237467054688
0 0.435158385156 0.407036125694 0.0485488208333 0.0249340421875
0 0.340171562109 0.434828570833 0.0358839111111 0.0249340429687
0 0.313456517578 0.461213798611 0.0844327305556 0.0617414367188
0 0.247559408984 0.478100346528 0.135092370833 0.108047511719
0 0.144854905469 0.524538348611 0.177308736111 0.1543535875
0 0.0451187410156 0.542480302778 0.238522466667 0.0902374820313
0 0.520646526562 0.371504019444 0.0358839111111 0.0273087125
0 0.534894549219 0.367282382639 0.0189973652778 0.0106860171875
0 0.546767903125 0.373614836806 0.0232190013889 0.015435359375
0 0.558641255078 0.384168929167 0.0274406361111 0.0154353585937
0 0.566358935156 0.390501383333 0.0358839111111 0.011873353125
0 0.584168963281 0.391556795139 0.0506596402778 0.0189973625
0 0.682717793359 0.427440705556 0.287071288889 0.197097658594
0 0.796108313281 0.437994797222 0.126649097222 0.04393140625
0 0.891688803125 0.462269208333 0.268073925 0.212533017187
0 0.963522590234 0.521372118056 0.25963065 0.0688654460937
0 0.539881358203 0.407176850694 0.0612137291667 0.0344327226562
0 0.509604308594 0.439894536806 0.105540915278 0.0712401171875
0 0.387308773828 0.447282400694 0.128759915278 0.0902374835937
