0 0.114354761719 0.459104785417 0.221186398611 0.22824148125
0 0.204301430859 0.442562019444 0.145389011111 0.174745033594
0 0.242204312891 0.421731911111 0.140338955556 0.159597427344
0 0.288539050781 0.41715564375 0.125084726389 0.135572007813
0 0.328438407812 0.415630215972 0.103728793056 0.096959728125
0 0.3661926375 0.416392929167 0.0930508305556 0.0489088890625
0 0.386356828906 0.414867507639 0.0777965958333 0.05491524375
0 0.390647082031 0.413342082639 0.0655932069444 0.060063546875
0 0.394937335547 0.402664118056 0.0625423611111 0.0634957507812
0 0.430975463281 0.401901406944 0.04881355 0.020593215625
0 0.442988174219 0.398850559722 0.04881355 0.0171610140625
0 0.451568680859 0.401138694444 0.0381355861111 0.0120127101562
0 0.461436262891 0.404189540278 0.0289830444444 0.00943855703125
0 0.469158720703 0.39961326875 0.0259321958333 0.0111546585938
0 0.476881175391 0.401138695139 0.0198305041667 0.0111546585938
0 0.488035835547 0.398087847917 0.0259321986111 0.0128707617187
0 0.502622696484 0.398087846528 0.0167796569444 0.0128707601562
0 0.842839792969 0.418681065972 0.213559281944 0.211080467188
0 0.715848292578 0.430884451389 0.0884745611111 0.0634957507812
0 0.675090885156 0.425545470139 0.0747457486111 0.059205496875
0 0.634762501563 0.41486750625 0.0533898208333 0.05577329375
1 0.593576070313 0.382070902778 0.0945762527778 0.0489088890625
0 0.559683067187 0.401138694444 0.0350847416667 0.0205932171875
1 0.544238154687 0.378257343056 0.0411864305556 0.02574151875
0 0.522786888672 0.398850557639 0.0244067736111 0.0120127101563
