0 0.589826117187 0.358136050694 0.162426015278 0.110835785938
0 0.436303578906 0.361464454861 0.121153831944 0.0823779515625
0 0.344938941406 0.331508836806 0.1091715875 0.0763868234375
0 0.078513134375 0.29679835 0.0838757277778 0.152024759375
0 0.12382100625 0.290141545139 0.0945266125 0.122818032812
0 0.549565224609 0.302123794444 0.158431936111 0.0816290585938
1 0.506129577734 0.296132671528 0.117159751389 0.0172244789062
0 0.485909536719 0.309446276389 0.0505917083333 0.0277089484375
0 0.262365739062 0.286147466667 0.0439349083333 0.022466715625
0 0.0229160527344 0.346819486806 0.171745540278 0.0434356476563
