0 0.413958428516 0.519993991667 0.015302275 0.00860752890625
0 0.402481723047 0.525094749306 0.0153022736111 0.00669474453125
0 0.42447874375 0.521694245833 0.0255037916667 0.0105203140625
0 0.435477253125 0.529345382639 0.0340050569444 0.01147670625
0 0.505293884375 0.521694246528 0.0561083430556 0.0382556875
0 0.546418746875 0.5157433625 0.0646096055556 0.043994040625
0 0.314493634375 0.527645129861 0.0442065708333 0.0219970203125
0 0.253125133984 0.521835925694 0.0427896791667 0.0255037882812
0 0.142661834766 0.511492727778 0.0731108694444 0.0353865117187
0 0.0860752964844 0.496190454167 0.0731108694444 0.0784241601563
0 0.912557567187 0.536996522222 0.100314913889 0.102333964063
0 0.230012321484 0.528778616667 0.0323048083333 0.0219970195312
0 0.281657501172 0.53047886875 0.0527078402778 0.0449504351562
0 0.383035072266 0.522827728472 0.0170025263889 0.0124330992187
0 0.465284799609 0.521127477083 0.0646096097222 0.0468632164062
0 0.579095469922 0.519427225694 0.0714106208333 0.0545143554687
0 0.813555023437 0.579361134028 0.186177681944 0.2388111125
0 0.981258385937 0.537279878472 0.0969144125 0.0372992953125
0 0.0645564722656 0.598488977778 0.294143733333 0.129112944531
