0 0.506900080469 0.47137375 0.0138639361111 0.013647309375
0 0.493740174609 0.468774261111 0.0121309416667 0.0126725023437
0 0.483504690625 0.466174775 0.0138639361111 0.01169769375
0 0.473756613672 0.460975797917 0.0138639347222 0.00779846171875
0 0.466445554297 0.473973236806 0.0225288930556 0.0146221179688
0 0.495689789453 0.485237681944 0.0173299166667 0.0126725023438
0 0.402595640625 0.477439221528 0.0190629097222 0.0155969265625
0 0.348981209375 0.486104177778 0.0225288916667 0.03119385
0 0.346544190234 0.495635634722 0.0277278694444 0.0282694273437
0 0.292929757812 0.484371185417 0.0155969236111 0.024370196875
0 0.317787357813 0.493902641667 0.0242618833333 0.0428915453125
0 0.278795044531 0.486970676389 0.0173299166667 0.0155969265625
0 0.282206871875 0.499101617361 0.0207959013889 0.0243701953125
0 0.478630652734 0.493036145833 0.0433247916667 0.0253450039062
0 0.238827922266 0.528562475694 0.0866495847222 0.0545892398438
0 0.440613146484 0.478305716667 0.0207959 0.0233953882813
0 0.0394797171875 0.523363500694 0.0415918013889 0.0575136625
0 0.139884926953 0.544159402083 0.152503270833 0.156944064844
0 0.722529118359 0.523924539583 0.462097876389 0.470250389844
