0 0.976895799219 0.343044015278 0.0984085861111 0.045219440625
0 0.445705456641 0.23424015625 0.0582135263889 0.0374229851563
0 0.372808602344 0.227309973611 0.0554414555556 0.0413212109375
0 0.394638676172 0.220379790278 0.0415810888889 0.0226097179687
0 0.234811350781 0.237705245833 0.0845482222222 0.06159199375
0 0.676990031641 0.290653893056 0.115599547222 0.144473792969
0 0.411068083984 0.221765829861 0.0291067652778 0.0124743289062
0 0.421203475 0.223151865972 0.0263346958333 0.007796453125
0 0.427830462109 0.221072809028 0.0304927986111 0.0101353914062
0 0.347137153906 0.214142629167 0.0443531694444 0.032745109375
