0 0.267126023828 0.54936544375 0.245328448611 0.216741446094
0 0.428122817969 0.489072859028 0.0388090208333 0.030406175
0 0.663408705469 0.498775113889 0.0360369472222 0.026507946875
0 0.692812484766 0.510358413194 0.0318788375 0.0233893648438
0 0.746218201172 0.497191065972 0.0249486541667 0.0304061742187
1 0.928265422656 0.490260884722 0.0360369472222 0.0280672375
1 0.581323180859 0.463431185417 0.189886990278 0.0888795867187
1 0.830809737109 0.47729155 0.0651437138889 0.0654902226563
1 0.875639352344 0.493923986111 0.0263346916667 0.0257283015625
0 0.983620252734 0.491844932639 0.0360369486111 0.0296265289063
0 0.667028484766 0.457986028472 0.0138603652778 0.0179318460938
0 0.646757702344 0.457293010417 0.0124743291667 0.0101353921875
