0 0.217330274609 0.775591568056 0.223381475 0.167991367969
0 0.883832610547 0.442947415278 0.548741447222 0.228085839844
0 0.746571371094 0.504862933333 0.201528938889 0.1229205125
0 0.676916413672 0.503648902778 0.160251927778 0.0956048429688
0 0.558093250391 0.550996063889 0.0364208944444 0.0464366382812
0 0.526680231641 0.566778451389 0.0291367138889 0.0300472367188
0 0.492535644531 0.576490688889 0.0485611888889 0.0409735046875
0 0.468634433594 0.599557252778 0.05098925 0.02321831875
0 0.435855630859 0.610483522222 0.0631295472222 0.0505339898437
0 0.390784775781 0.646904413194 0.0728417847222 0.0587286890625
0 0.625016641797 0.524287407639 0.0655576069444 0.0273156695313
