0 0.57274883125 0.474559244444 0.0289830444444 0.02659956875
0 0.759374857031 0.466932122917 0.0167796569444 0.020593215625
0 0.680863217969 0.463881278472 0.0198305069444 0.0145868640625
0 0.886280572266 0.459152458333 0.0793220194444 0.0643538023438
0 0.909018917578 0.4660168625 0.0869491361111 0.0600635460938
0 0.934331409375 0.476694825694 0.0961016736111 0.059205496875
0 0.97637589375 0.479745672917 0.108305065278 0.045476684375
0 0.546149260938 0.483559227778 0.0366101611111 0.0351800796875
0 0.661128051172 0.461440590972 0.0198305069444 0.0197351664063
0 0.811715947266 0.472881267361 0.0701694763889 0.0652118507813
2 0.598061327734 0.475932106944 0.0274576166667 0.0120127101562
