0 0.589337522656 0.486749190972 0.0166409986111 0.014040840625
0 0.588167453906 0.489869376389 0.0187211222222 0.011700703125
0 0.553650382422 0.4909094375 0.0166409972222 0.0152109132812
0 0.550725207031 0.501310063194 0.0208012458333 0.0163809828125
0 0.536099330078 0.483629002083 0.00624037361111 0.0175510523437
0 0.533174153906 0.4992299375 0.0249614972222 0.023401403125
0 0.520888417578 0.494029626389 0.0187211222222 0.0128707726563
0 0.503337365234 0.490909439583 0.0374422458333 0.0292517539062
0 0.464140014063 0.485709128472 0.0145608736111 0.0163809828125
0 0.4372284 0.487789251389 0.0228813722222 0.014040840625
0 0.417922244141 0.491949500694 0.0312018708333 0.0222313335938
0 0.384575244141 0.488829313889 0.0291217444444 0.0304218257812
0 0.336017330859 0.486749188194 0.0332819958333 0.0362721742187
0 0.228955911719 0.484669063194 0.0291217458333 0.030421825
0 0.202629333203 0.483629002083 0.0312018708333 0.0339320351562
0 0.175132682812 0.483629002083 0.0270416236111 0.023401403125
0 0.153486385938 0.486749189583 0.0291217458333 0.01989119375
0 0.616834171484 0.480508813889 0.0540832444444 0.0409524554687
0 0.409146717187 0.490909438889 0.0249614944444 0.02574154375
0 0.446003928516 0.490909438889 0.0249614944444 0.0292517539062
0 0.946208923437 0.479468752083 0.205932348611 0.105306315625
