0 0.275059010937 0.431718445833 0.0281249805556 0.0303222453125
0 0.240122510937 0.437577816667 0.0398437222222 0.0421874703125
0 0.199912578125 0.443437188194 0.0374999736111 0.0435058296875
0 0.158384286719 0.441093440278 0.0468749694444 0.0474609046875
0 0.108945844922 0.451640307639 0.0539062125 0.0645995648437
0 0.0443462792969 0.451640306944 0.0585937083333 0.0751464335937
0 0.619809750781 0.411796584722 0.0632812055556 0.0342773203125
0 0.687046032813 0.418827829167 0.0914061861111 0.05537105625
0 0.571030486719 0.408280961806 0.0234374819444 0.013183584375
0 0.547300034375 0.421171577778 0.0445312194444 0.0263671703125
0 0.598056835547 0.430546571528 0.0679687013889 0.0408691132812
1 0.83667971875 0.351796629167 0.703593258333 0.325634542187
