0 0.331939633984 0.389328920139 0.0114268430556 0.00826405703125
0 0.281437064063 0.387696513889 0.0130592472222 0.008264059375
0 0.317247976953 0.390145124306 0.0114268430556 0.00826406015625
0 0.260317805078 0.392593735417 0.00979444027778 0.0137734273438
0 0.194664460156 0.390961326389 0.0146916555556 0.014691659375
0 0.117533258984 0.381983090278 0.0130592527778 0.0128552023438
0 0.174004315625 0.388512718056 0.0163240638889 0.013773428125
0 0.3457130625 0.406469188889 0.0261185027778 0.0211192578125
0 0.297046948828 0.3867637125 0.0165572583333 0.0101005132812
0 0.295276077734 0.404720184028 0.0277509097222 0.0238739429688
0 0.231459190234 0.414514624306 0.0440749708333 0.0413202851562
0 0.131831390234 0.425941463889 0.0767230944444 0.0844770304688
0 0.510338329688 0.424503395139 0.0240974208333 0.0271533296875
0 0.413045799219 0.474970702778 0.207896088889 0.118006184375
0 0.364151998828 0.407740551389 0.0218525361111 0.00819470234375
0 0.627748208984 0.503648902778 0.184532522222 0.169357150781
