0 0.529257468359 0.495508023611 0.02079055 0.00857610078125
0 0.509376508594 0.495508022222 0.0152464 0.0109150390625
0 0.507817217187 0.503131222917 0.0194045097222 0.00779645625
0 0.496512357031 0.50105216875 0.0207905486111 0.0148132640625
0 0.461428310547 0.501745184722 0.0166324333333 0.0101353914062
0 0.429073022656 0.505903295139 0.0194045097222 0.01403361875
0 0.485207497656 0.504517258333 0.0277207277778 0.01403361875
0 0.520291545312 0.506596313194 0.0318788375 0.0171522015625
0 0.471563701172 0.506596313889 0.0346509111111 0.0210504273437
0 0.445055754688 0.514912533333 0.0457392055556 0.03352475625
0 0.395548267188 0.50728933125 0.0277207263889 0.01871149375
0 0.376706832422 0.509368386806 0.0207905458333 0.0179318460938
0 0.36501215 0.508675368056 0.0249486555556 0.0163725546875
0 0.350588708203 0.514219513889 0.0249486555556 0.0218300742187
0 0.320182534375 0.512833476389 0.0443531638889 0.0389822734375
0 0.251963555469 0.52253573125 0.0471252347222 0.05535483125
