0 0.526745236328 0.390226758333 0.0560377861111 0.0300884695313
0 0.544655040234 0.397868274306 0.0713208180556 0.0401179601562
0 0.556833705859 0.410604136806 0.0764151625 0.0415507460937
0 0.571877942187 0.418245651389 0.0967925416667 0.048714665625
0 0.629189314063 0.433528685417 0.173207704167 0.12035388125
0 0.717305548438 0.501028745833 0.226698316667 0.19915701875
0 0.399943825 0.3965946875 0.0687736444444 0.0773703515625
0 0.167116375 0.408056960417 0.0611321319444 0.06447529375
0 0.195055670313 0.447538129167 0.160471844444 0.14327843125
0 0.286037471875 0.46791550625 0.211415281944 0.179098039062
0 0.483045314844 0.418245652083 0.1426416375 0.083101490625
0 0.871329861328 0.609283559722 0.397358847222 0.255035608594
0 0.038783678125 0.470462680556 0.221603972222 0.07756735625
