0 0.582395180859 0.559265698611 0.137217605556 0.135658314844
0 0.468566939453 0.516991586111 0.0776180388889 0.0498973101563
0 0.407754591016 0.516991586806 0.0388090208333 0.0265079460937
0 0.498583291406 0.521842715972 0.0457392013889 0.0148132640625
0 0.431533778906 0.508675366667 0.033264875 0.0148132640625
0 0.260011770313 0.512833479167 0.0360369472222 0.0428805015625
0 0.293536526953 0.507982348611 0.0235626194444 0.0226097195313
0 0.314197132813 0.51006140625 0.0221765819444 0.0171522015625
0 0.328620574219 0.5065963125 0.0180184722222 0.0132539734375
0 0.384755049219 0.505903295139 0.0110882930556 0.0085761
