0 0.158290848047 0.508026552083 0.117797840278 0.125160205469
0 0.0620566773437 0.510852523611 0.160760877778 0.121999989063
1 0.398619476563 0.4771747375 0.100969575 0.052588321875
1 0.480131375391 0.500547323611 0.0392659472222 0.0283976929688
0 0.598455098047 0.509896358333 0.0168282611111 0.0126211976562
0 0.625275141797 0.514570875 0.0299169111111 0.0241906289063
0 0.641577521875 0.522050104861 0.0411357541667 0.021035328125
0 0.676285814062 0.540748174306 0.108448801389 0.069416584375
0 0.817222515625 0.556641533333 0.121537452778 0.0967625125
0 0.918757408203 0.665464308333 0.293559697222 0.159868497656
0 0.787247172266 0.515599276389 0.0542244027778 0.0368118257812
