0 0.293536671875 0.731134580556 0.0263347055556 0.0163725625
0 0.275214995312 0.733213635417 0.0360369652778 0.02962654375
0 0.247147743359 0.744301932639 0.0471252625 0.0405415867188
0 0.201928282031 0.746380988194 0.0679158208333 0.0545752109375
0 0.166064571875 0.756083245833 0.0845482638889 0.0545752109375
0 0.111489360547 0.765092488889 0.105338822222 0.0919982132813
0 0.323553039062 0.734599672917 0.0388090402778 0.0311858359375
0 0.387484001562 0.72628345 0.0415811138889 0.0358637109375
0 0.0144234492188 0.765092490278 0.094250525 0.0272876046875
0 0.480651684375 0.717967228472 0.0277207430556 0.019491146875
0 0.461160536719 0.712423077778 0.0221765916667 0.0116946875
0 0.532108311719 0.72628345 0.0277207444444 0.0116946875
0 0.504820705859 0.729055524306 0.0443531875 0.0397619398438
0 0.562904324609 0.733213634722 0.0498973361111 0.0405415867188
0 0.647106078516 0.742222876389 0.101180708333 0.0764052960937
0 0.792510035547 0.835087364583 0.314630426389 0.354738874219
0 0.433872931641 0.714502133333 0.0263347027778 0.0226097304688
