0 0.0419504703125 0.492134577083 0.0758426569444 0.04408354375
0 0.232505147266 0.444100894444 0.0252808861111 0.0383953445313
0 0.322805310156 0.422612140972 0.0278089763889 0.017064596875
0 0.476386692187 0.398595301389 0.0202247083333 0.0113763984375
0 0.46216619375 0.397331256944 0.0227527972222 0.0113763984375
0 0.457900044141 0.412499788889 0.03286515 0.0227527976563
0 0.509804861719 0.398595301389 0.0252808861111 0.0099543484375
0 0.535401760547 0.394803168056 0.0328651527778 0.0184866492188
0 0.52104965625 0.405202531944 0.0407181083333 0.0182234375
1 0.495584363672 0.425561583333 0.0707864805556 0.0383953445313
0 0.556732505859 0.416713263194 0.0530898569444 0.0355512445312
1 0.736719794141 0.376479759722 0.0889149027778 0.0993475226563
0 0.791370729687 0.3766852 0.121348252778 0.0668363421875
0 0.892352752734 0.367031 0.140624902778 0.172101002344
1 0.659360504297 0.3810934875 0.0609374583333 0.0580077726562
0 0.447104791016 0.419999704861 0.0421874736111 0.0237304523438
0 0.385141943359 0.41765595625 0.0187499875 0.0105468679687
0 0.376572613281 0.427030950694 0.0281249819444 0.0118652265625
