0 0.366301838281 0.677593111806 0.0671186347222 0.033463978125
0 0.334553961328 0.695898191667 0.0823728666667 0.0609215976563
0 0.533192696094 0.663101589583 0.0381355902778 0.0463347375
0 0.130337898047 0.673779552083 0.0777965958333 0.0574893945312
0 0.111031759375 0.681406667361 0.0808474402778 0.087521171875
0 0.0887224410156 0.692084633333 0.07474575 0.0634957507813
0 0.0346652480469 0.69361005625 0.114406756944 0.0669279539063
0 0.0625518953125 0.686745651389 0.0945762527778 0.081514815625
0 0.220862246875 0.750050725694 0.202881318056 0.187055048437
0 0.418642929297 0.671491415278 0.021355925 0.0128707601562
0 0.448245677344 0.673779552778 0.0503389722222 0.0343220265625
