0 0.0848082824219 0.668068311111 0.299807569444 0.169616564844
0 0.661894527344 0.616945054167 0.152503272222 0.1988608
0 0.329972455859 0.577952739583 0.0710526597222 0.0536144320312
0 0.443537569141 0.572753764583 0.0606547097222 0.0448411601562
0 0.383586887891 0.565821798611 0.0537227444444 0.0380175070312
0 0.415755546484 0.565821798611 0.0433247944444 0.0224205804687
0 0.286593506641 0.558023335417 0.0415918013889 0.0292442351562
0 0.176927624609 0.588350692361 0.0537227430556 0.0399671210937
0 0.202760031641 0.580552229861 0.0381258180556 0.0233953882813
0 0.21981916875 0.571020774306 0.0329268430556 0.020470965625
0 0.233466479687 0.566688293056 0.03119385 0.01462211875
0 0.245651577344 0.561489319444 0.0277278666667 0.01169769375
0 0.255399655859 0.55629034375 0.0242618847222 0.0155969257813
