0 0.0258892605469 0.582890222917 0.0960936847222 0.0487792632812
0 0.116196815625 0.558983990972 0.147656148611 0.171386601563
0 0.31329140625 0.526171513889 0.0445312194444 0.05141598125
0 0.350864623047 0.517968393056 0.032812475 0.0263671695313
0 0.221665492188 0.513280898611 0.0515624638889 0.0474609046875
0 0.461606734375 0.554296494444 0.250781077778 0.158203015625
0 0.393052094141 0.480468419444 0.0421874722222 0.0210937351562
0 0.530820553906 0.500390280556 0.0445312194444 0.0197753765625
0 0.568393770313 0.513280897917 0.0562499625 0.0448241875
0 0.544004138281 0.492187161806 0.0187499875 0.0145019421875
0 0.637607589844 0.527343386806 0.135937406944 0.090966734375
0 0.257261172266 0.512109023611 0.039843725 0.0448241867187
