0 0.0964278636719 0.583321347222 0.196329733333 0.190369725781
0 0.0112347839844 0.529096945833 0.0504847888889 0.0220870945312
0 0.281522811719 0.523234323611 0.020567875 0.01472473125
0 0.304135791016 0.521987780556 0.0243074972222 0.0136729664062
0 0.315179336719 0.522922682639 0.0149584569444 0.0105176640625
0 0.325171119531 0.532894990972 0.0261772986111 0.0115694328125
0 0.342525264844 0.541932395833 0.046745175 0.03155299375
0 0.366190008203 0.534453166667 0.0317867166667 0.0157764960938
0 0.407734782812 0.53258335625 0.0243074930556 0.0147247296875
1 0.424037162891 0.520429607639 0.0336565180556 0.0178800304687
0 0.383544155078 0.558449014583 0.0635734375 0.0420706554687
