0 0.501964952344 0.407657591667 0.0318897722222 0.0107627984375
0 0.51183085 0.409783576389 0.0233858333333 0.00956693125
0 0.484325921484 0.41297255625 0.0595275763889 0.0334842617188
0 0.535150246094 0.428917443056 0.0871653777778 0.0562057234375
0 0.364739276172 0.409783579167 0.0318897722222 0.0143503976562
0 0.263688558203 0.3523819875 0.270000075 0.178184105469
0 0.429316064063 0.361948918056 0.02125985 0.031092528125
0 0.667891424609 0.442736343056 0.0765354527778 0.0346801273438
0 0.603314636328 0.453366266667 0.144566966667 0.139916377344
0 0.4155636 0.468248160417 0.195590606944 0.142308110938
0 0.910253694141 0.474448944444 0.304015830556 0.175792371094
