0 0.535557824609 0.464799950694 0.0485611902778 0.0150236179688
0 0.544435417969 0.462371890972 0.0534173097222 0.013657834375
0 0.555361684766 0.46479995 0.0582734277778 0.0245841023437
0 0.568336627734 0.468442039583 0.0704137263889 0.0341445867187
0 0.588140488281 0.472084128472 0.0825540236111 0.024584103125
0 0.614773266016 0.475726218056 0.109262677778 0.0641918226562
0 0.702183408203 0.497578754167 0.206385058333 0.170722933594
0 0.846273564453 0.581346805556 0.301079377778 0.289546096094
0 0.442684548047 0.466013979861 0.0849820819444 0.0314130195312
0 0.419466229297 0.478154277778 0.109262677778 0.0505339882812
0 0.388736100781 0.484224427083 0.140827454167 0.0546313390625
0 0.314300901172 0.509198766667 0.221993980556 0.162528232031
0 0.155870019141 0.579092183333 0.408260869444 0.310032849219
0 0.931635032031 0.701535752083 0.381205343056 0.132480996875
