0 0.376572613672 0.50789026875 0.0304687291667 0.0118652273438
0 0.394370452344 0.489140280556 0.0257812305556 0.0290038859375
0 0.510385997266 0.494999652778 0.0234374833333 0.0105468664063
0 0.520273686328 0.498515274306 0.0445312180556 0.0171386601563
0 0.530820553906 0.493827778472 0.0585937097222 0.02241209375
0 0.549277572656 0.511405890278 0.0749999472222 0.0382323953125
0 0.584214071094 0.513749639583 0.0843749402778 0.0606444890625
0 0.592783401953 0.530155878472 0.0937499347222 0.0619628476563
0 0.619809750781 0.548905865278 0.117187419444 0.06328120625
0 0.210459446875 0.538358997917 0.0867186902778 0.0514159796875
0 0.119492711328 0.537187123611 0.154687394444 0.148974505469
0 0.355478877734 0.51023401875 0.0585937097222 0.0382323960937
0 0.438535461328 0.505546522222 0.0492187166667 0.0355956789062
0 0.496543233594 0.493827777778 0.0164062361111 0.0145019421875
0 0.705503051172 0.567655853472 0.178124879167 0.174023317969
0 0.401621424219 0.518437136806 0.0703124513889 0.0435058296875
0 0.275718190234 0.547733990972 0.147656148611 0.134472563281
0 0.0383230308594 0.568827727778 0.157031144444 0.0766460617188
0 0.926987273828 0.719999497917 0.356249754167 0.145019432031
0 0.480199028516 0.492374109722 0.0143236111111 0.0100712882813
