0 0.501852299609 0.478050498611 0.0107427055556 0.0130926757813
0 0.418260604687 0.474469596528 0.0179045125 0.013092675
0 0.396103769141 0.472679145139 0.0214854152778 0.00906415859375
0 0.380996836719 0.469098242361 0.0286472208333 0.0191354484375
0 0.368407725 0.470888694444 0.0286472222222 0.0221568328125
0 0.335676035938 0.465517339583 0.0501326375 0.0191354484375
0 0.318554846875 0.466412566667 0.0590848944444 0.0312209953125
0 0.28028395 0.469098243056 0.0716180527778 0.059420603125
0 0.0325302503906 0.483421853472 0.171883326389 0.0634491195313
0 0.529044778516 0.4816314 0.0107427055556 0.0130926757813
0 0.542641017578 0.484317077778 0.0161140611111 0.0140998054687
0 0.571344190625 0.482526627778 0.0268567694444 0.0271924796875
0 0.597025976953 0.478945725694 0.0340185763889 0.0302138664063
0 0.634289744531 0.481631402778 0.0393899305556 0.0402851546875
0 0.768741448047 0.498640688889 0.187997388889 0.164162003906
