2 0.521091197266 0.5089288 0.0321428722222 0.0111926070312
0 0.363185745703 0.505102269444 0.0489796166667 0.0335778210938
0 0.224713111719 0.5135206375 0.0642857416667 0.0516581875
0 0.173054924609 0.514285946528 0.0872449375 0.0757653398437
0 0.0797012023437 0.520227345139 0.125435059722 0.13086740625
0 0.489461317969 0.493469611806 0.0183673541667 0.01119260625
0 0.46018834375 0.496530838889 0.0183673555556 0.012914546875
0 0.445982342969 0.490408384028 0.0367347097222 0.0172193953125
0 0.619037267969 0.489796138194 0.0428571625 0.0223852140625
0 0.017004153125 0.541071672222 0.111734744444 0.03400830625
0 0.953058333594 0.615306397917 0.309183809722 0.0921941796875
0 0.309404011328 0.504647185417 0.0554557347222 0.0740853960938
0 0.404522231641 0.487390892361 0.0870262875 0.0690624617187
0 0.571253444922 0.483214497917 0.1760204875 0.0990115226562
0 0.660794301563 0.502347159722 0.119387808333 0.0852360078125
0 0.826052191406 0.495115730556 0.0606547111111 0.083833475
