0 0.0536850175781 0.756632986111 0.150000069444 0.106760252344
0 0.567809566797 0.64132681875 0.00918367916667 0.00860969921875
0 0.582876537109 0.648155874306 0.0136581125 0.00774872734375
0 0.600526417187 0.650510495139 0.0183673541667 0.0120535765625
0 0.557477928906 0.649745188889 0.0198979694444 0.0137755171875
0 0.615593389844 0.647449269444 0.0214285805556 0.0094706703125
0 0.628077449609 0.647449270833 0.0306122611111 0.0206632726562
0 0.664238181641 0.658163561111 0.0489796138889 0.0172193960937
0 0.73828158125 0.635969672222 0.0352040944444 0.029272971875
0 0.693080668359 0.656632947917 0.0673469680556 0.0576849742188
0 0.781760554297 0.661224786806 0.122449034722 0.0904018242188
0 0.499792954297 0.659694173611 0.0275510333333 0.0223852132812
0 0.427314960547 0.690884756944 0.079591875 0.0697385523438
0 0.330025376953 0.713843948611 0.116326580556 0.114508978906
0 0.891534201953 0.653384740278 0.215816422222 0.174776863281
