0 0.424886319141 0.497629990278 0.0810426 0.0491853929687
0 0.541851586719 0.504028090278 0.0597156 0.0383886
0 0.567643925781 0.504028090278 0.042654 0.02279323125
0 0.673812398437 0.516824290278 0.0725118 0.052784325
0 0.720598504687 0.537084941667 0.0874407027778 0.0791764875
1 0.490866726172 0.482701090278 0.1364928 0.0683796945312
0 0.944274315234 0.550947489583 0.187677598611 0.111451369531
0 0.854358782812 0.572274490278 0.277251 0.28431556875
0 0.609631457812 0.528554141667 0.100236902778 0.0779768453125
1 0.134166405859 0.409122939583 0.650473501389 0.268332811719
