0 0.634534723437 0.478129561111 0.0275510305556 0.0361607296875
0 0.657780907812 0.488843852778 0.0214285833333 0.01549745625
0 0.673708849609 0.491905079167 0.0336734861111 0.0198023054687
0 0.696524547656 0.494966305556 0.0367347138889 0.029272971875
0 0.700398912891 0.495731611806 0.0321428708333 0.0301339429688
0 0.728380428906 0.507976515972 0.0352040986111 0.020663275
0 0.752487583203 0.511803048611 0.0428571638889 0.0327168507812
0 0.601817873437 0.498792839583 0.0872449375 0.0120535796875
1 0.8299748625 0.52481325625 0.197449068056 0.154974559375
0 0.560765276562 0.514238115972 0.142347004167 0.081792128125
