0 0.0506900078125 0.66373583125 0.187163106944 0.097480784375
0 0.832973304297 0.723524045833 0.22008995 0.332409475781
0 0.342157554297 0.652471384722 0.0675866777778 0.0311938523437
0 0.364090730078 0.642939929861 0.0485237680556 0.0204709632812
0 0.377738040234 0.641206938194 0.0415918013889 0.0126725023437
0 0.389923138281 0.640340442361 0.0363928263889 0.01169769375
0 0.397234197266 0.639473946528 0.0346598347222 0.0126725023437
0 0.416242950391 0.636874459028 0.0329268430556 0.0233953882812
0 0.431839875781 0.642939930556 0.0207959 0.005848846875
0 0.444999781641 0.636007963194 0.0242618847222 0.0165717335937
0 0.700886841016 0.669801302083 0.126508395833 0.152070024219
0 0.801292049219 0.673267286111 0.161168230556 0.284643890625
0 0.644347985937 0.665468823611 0.0901155722222 0.101380015625
0 0.619977790234 0.659403351389 0.0641206944444 0.0662869335938
0 0.598044613672 0.659403352083 0.0502567597222 0.0750602039062
0 0.576111436719 0.650738392361 0.0363928236111 0.0506900078125
0 0.565875954688 0.644672921528 0.0346598347222 0.051664815625
0 0.5575900875 0.635141467361 0.0329268430556 0.0448411609375
0 0.518597774219 0.636874459028 0.0190629097222 0.009748078125
0 0.525908832812 0.633408475694 0.0190629097222 0.0126725015625
0 0.476681036328 0.653337880556 0.0762516361111 0.0604380851562
0 0.265147733984 0.685398227778 0.161168230556 0.167666949219
0 0.161330698438 0.647272409722 0.0571887277778 0.047765584375
