0 0.452927923437 0.411382640278 0.0194244777778 0.01092626875
0 0.444050330859 0.40774055 0.0218525361111 0.0122920507813
0 0.420149121094 0.412596669444 0.0218525361111 0.01092626875
0 0.414003095313 0.415024729167 0.0267086555556 0.0122920515625
0 0.402393935156 0.417452789583 0.0267086541667 0.0163894015625
0 0.389418992578 0.416238758333 0.0291367138889 0.0204867523438
0 0.378492725391 0.417452789583 0.0364208930556 0.0150236179688
0 0.366200672656 0.422308909028 0.0364208930556 0.02321831875
0 0.342982353516 0.419880847917 0.0461331319444 0.0286814539062
0 0.309520658984 0.421094877083 0.0485611902778 0.0136578351563
0 0.2555722125 0.4138107 0.121402977778 0.102433760938
0 0.465902866797 0.412596669444 0.0218525361111 0.0150236179688
0 0.478194917188 0.412596669444 0.0218525361111 0.0122920515625
0 0.117201283984 0.498792784722 0.475899663889 0.234402567969
0 0.827835487891 0.537641735417 0.728417854167 0.342811652344
2 0.321812710547 0.44051935625 0.0437050708333 0.0218525351563
