0 0.517291202734 0.5027707 0.0412371194444 0.0452319648437
0 0.552641844141 0.5027492125 0.0515464 0.0266752632812
0 0.573518135938 0.510996636806 0.0515463986111 0.0313144375
0 0.612371236719 0.509965710417 0.0618556791667 0.0556701125
0 0.673260420703 0.516151277778 0.0783505305556 0.0800257851562
0 0.777061983984 0.513058495139 0.146391776389 0.180927864844
0 0.289368603906 0.515120348611 0.0185567055556 0.022036084375
0 0.272551591406 0.534707980556 0.0288659833333 0.03015464375
0 0.3218428375 0.526460557639 0.0288659847222 0.0220360859375
0 0.238337667969 0.530584269444 0.0206185611111 0.0220360859375
0 0.217461376172 0.531615197222 0.0185567027778 0.0173969101562
0 0.162371161328 0.539862620833 0.0144329916667 0.0208762929687
0 0.118878886328 0.541924477778 0.0226804166667 0.0266752617188
0 0.432626240625 0.505863484028 0.0144329930556 0.010438146875
0 0.456402017969 0.528543900694 0.0597938263889 0.0371134078125
0 0.938296427344 0.528543902083 0.129896926389 0.119458782812
