0 0.468198526953 0.477421540278 0.0257812333333 0.0131835835938
0 0.480063753125 0.478593414583 0.0281249819444 0.0158203015625
0 0.490610620312 0.482109036111 0.0210937333333 0.0158203015625
0 0.507090101172 0.485624659028 0.0421874708333 0.0355956773438
0 0.545981676562 0.491484029167 0.0585937111111 0.0474609046875
0 0.563120335937 0.513749639583 0.0749999486111 0.05537105625
0 0.611899600391 0.532499627083 0.0937499347222 0.0817382242187
0 0.362729848828 0.478593414583 0.0468749680556 0.0131835835937
0 0.297471105078 0.507890269444 0.0679687055556 0.0514159804687
0 0.254624455078 0.514921513889 0.0679687027778 0.0553710570313
0 0.412168291406 0.475077791667 0.0210937361111 0.0171386609375
0 0.388437839062 0.485624660417 0.0281249819444 0.0197753765625
0 0.757578210156 0.602812077778 0.229687341667 0.23071273125
0 0.344932009766 0.489140282639 0.0492187180556 0.0329589617188
0 0.184092276563 0.520780884028 0.117187420833 0.098876884375
0 0.0456646375 0.540702746528 0.189843620833 0.090966734375
