0 0.707695065234 0.562499803472 0.0524999847222 0.0379687382812
0 0.635976341016 0.566249802778 0.108749963889 0.0738280992188
0 0.504667791406 0.569062301389 0.0956249666667 0.060117165625
0 0.557402148828 0.543749808333 0.0412499861111 0.0326953007812
0 0.280019434375 0.541874808333 0.0412499805556 0.039023425
0 0.198281179688 0.526874815972 0.0712499736111 0.0569531015625
0 0.235722573828 0.543749810417 0.0224999902778 0.0200390554688
1 0.328535041406 0.510937323611 0.0693749777778 0.0748827859375
0 0.379160022656 0.530624814583 0.0262499902778 0.022148428125
0 0.536835750781 0.544687309028 0.0318749902778 0.02109374375
0 0.592181726563 0.524017678472 0.0255356958333 0.023604915625
