0 0.464806604297 0.444616102083 0.0289042986111 0.0114767070313
0 0.445200563672 0.44716648125 0.0510075819444 0.0315609429688
0 0.413161425391 0.46246875625 0.0612091013889 0.0535579632813
0 0.348604953906 0.485422167361 0.0867128902778 0.0755549828125
0 0.5021059 0.438835254861 0.0221032875 0.015302275
0 0.514538996484 0.435434746528 0.0255037930556 0.00956392109375
0 0.525059312109 0.432884367361 0.0442065708333 0.0133894914062
0 0.529363076953 0.441385630556 0.0476070777778 0.0124330992187
0 0.554229272656 0.438835252778 0.0833123861111 0.0487760015625
0 0.261573263672 0.520844118056 0.15302275 0.136764085156
0 0.482021664063 0.443482618056 0.0289042972222 0.01912784375
0 0.575748097656 0.44773325 0.0850126416667 0.066947453125
0 0.967868910156 0.391786816667 0.0816121333333 0.063121884375
