0 0.442461413281 0.397525838889 0.0577319694444 0.0336340265625
0 0.351997481641 0.396494911111 0.0391752638889 0.0197164992188
0 0.407087695703 0.365567074306 0.0144329958333 0.0162371148438
0 0.359536141797 0.378969136111 0.0288659861111 0.0185567039063
0 0.374033566406 0.376907279167 0.0206185611111 0.019716496875
0 0.346778408203 0.363505211806 0.0185567041667 0.00927835234375
0 0.392010374219 0.372165011806 0.0206185652778 0.013917528125
0 0.470319546484 0.394523261111 0.0515464 0.0255154679688
0 0.397832421875 0.404832539583 0.0350515513889 0.0846649625
0 0.117162272266 0.404832542361 0.0762886763889 0.0521907320312
0 0.0649715414062 0.405863470833 0.0865979555556 0.073067021875
1 0.282432916406 0.339884078472 0.164948484722 0.113659809375
0 0.247059199219 0.4295748125 0.162886622222 0.0939433140625
0 0.360116039453 0.624742369444 0.428866047222 0.293427885156
0 0.0185567039062 0.414433057639 0.0948453763889 0.0371134078125
0 0.505670186719 0.415463986111 0.101030941667 0.0579897
