1 0.267843107422 0.357973490972 0.0786754930556 0.0472723492187
0 0.258790955078 0.371384086806 0.0482781430556 0.0331912242187
0 0.257785160156 0.39462911875 0.0590066208333 0.0291680453125
0 0.169275228906 0.366913888194 0.0965562875 0.061353475
0 0.215541783984 0.398205277778 0.0947682083333 0.0814693664063
0 0.342271912109 0.399993357639 0.0661589375 0.0573302960938
0 0.445365864844 0.405357595833 0.0697350972222 0.0482781453125
0 0.329699478906 0.363337729167 0.0214569527778 0.014081125
0 0.368925470313 0.367807929167 0.0232450333333 0.0100579453125
0 0.382503698828 0.369596006944 0.03039735 0.0231332773437
0 0.400105105469 0.383006602778 0.0429139055556 0.0261506609375
0 0.401110899609 0.393735078472 0.0500662208333 0.0160927132812
0 0.417706512109 0.39462911875 0.0590066208333 0.0331912242187
0 0.050591459375 0.48313905 0.232450322222 0.099573671875
0 0.96787619375 0.463470175694 0.0750993347222 0.04123758125
