0 0.349385976562 0.529307763889 0.03917775 0.024792171875
0 0.454064035547 0.530940173611 0.0457073777778 0.0137734289063
0 0.459573405469 0.5415508125 0.0473397833333 0.015609884375
0 0.470592149609 0.543999423611 0.058766625 0.0247921726563
0 0.488497608984 0.544815627778 0.0603990333333 0.0312197726563
0 0.512830666406 0.549712847222 0.0701934722222 0.03948383125
0 0.533949922656 0.544081047917 0.115900851389 0.0339744578125
1 0.398970320703 0.521281788889 0.0718258861111 0.0229557164062
0 0.381983090625 0.532708629861 0.0195888736111 0.0091822859375
1 0.710082867969 0.469117420139 0.486457101389 0.314952403125
1 0.208196856641 0.516493376389 0.153446202778 0.104678058594
0 0.366832319141 0.542367018056 0.0440749722222 0.0303015429688
0 0.423762491016 0.539102204861 0.0995767875 0.0523390273437
