0 0.573799762109 0.60684143125 0.133543273611 0.107896894531
0 0.239865701563 0.605627401389 0.155395808333 0.125652079687
0 0.401711042969 0.599557255556 0.0364208944444 0.020486753125
0 0.381907182031 0.59712919375 0.0267086541667 0.0163894015625
0 0.305423309375 0.599557253472 0.0801259652778 0.0273156703125
0 0.319764035156 0.599557251389 0.0752698444444 0.02321831875
0 0.332056087891 0.594701134028 0.0752698458333 0.0259498867188
0 0.350494163672 0.605627403472 0.0485611902778 0.00819470234375
0 0.356640189063 0.600771283333 0.03884895 0.009560484375
0 0.361420432031 0.598343222917 0.0291367125 0.013657834375
0 0.520534205859 0.592273075 0.114118797222 0.0423392882813
0 0.492535645312 0.593487104861 0.0874101402778 0.035510371875
0 0.459756841797 0.598343223611 0.0582734277778 0.0382419382813
0 0.44200165625 0.59712919375 0.0558453680556 0.0218525359375
0 0.436538521875 0.595915163194 0.0485611902778 0.021852534375
0 0.426295145313 0.593487104861 0.0485611902778 0.0177551859375
