0 0.0103870039063 0.726155086806 0.0698705930556 0.0196511046875
0 0.03144175625 0.707439746528 0.0698705847222 0.0519350578125
0 0.0588129386719 0.705568217361 0.0711182819444 0.0308803070313
0 0.0861841195313 0.708687440278 0.104805888889 0.072989815625
0 0.437096697266 0.749362110417 0.0598890791667 0.0196511085937
0 0.449378634766 0.754976711806 0.0711182819444 0.0315821320313
0 0.485522629688 0.754352865972 0.119778159722 0.074393465625
0 0.528333964062 0.767453602083 0.170933415278 0.0687788640625
0 0.838259961719 0.823599613889 0.140988875 0.136154082813
0 0.654030858594 0.786792784028 0.401755906944 0.26458808125
0 0.900371485547 0.85042493125 0.294454640278 0.197212866406
0 0.195879403906 0.80862734375 0.3580867875 0.360036301562
1 0.313575467578 0.684357504167 0.385535955556 0.176859938281
