0 0.0848082824219 0.692330194444 0.171566180556 0.169616564844
0 0.336796110156 0.651604889583 0.0935815541667 0.07700981875
0 0.375788423828 0.628209502083 0.0363928263889 0.0224205804688
0 0.414780738281 0.621277534028 0.0329268430556 0.020470965625
0 0.514698542578 0.625610013194 0.0485237680556 0.0350930820312
0 0.471806996875 0.613479071528 0.0415918013889 0.0272946203125
0 0.439150934766 0.61781155 0.0225288916667 0.0146221179688
0 0.538093930859 0.616078558333 0.0190629083333 0.0116976945313
0 0.487891326953 0.614345565972 0.0259948736111 0.0107228867188
0 0.453037404297 0.617812077778 0.0234374833333 0.0145019429688
0 0.55257346875 0.60960895625 0.0304687291667 0.01845701875
