0 0.0114429453125 0.595275755556 0.080787425 0.022885890625
0 0.0579141019531 0.57143435625 0.0744094680556 0.0597933210937
0 0.0961818308594 0.558678447222 0.0403937138889 0.0334842617188
0 0.135047491406 0.55761545 0.0510236361111 0.0466387921875
0 0.158964819531 0.545922532639 0.0276378013889 0.0203297296875
0 0.171521418359 0.544859540278 0.0297637861111 0.0167421320313
0 0.207397412109 0.535292609722 0.0276378027778 0.0263090617188
0 0.190057349219 0.532103631944 0.0255118166667 0.008371065625
0 0.226531275391 0.536355603472 0.0212598513889 0.0167421304688
0 0.262407269531 0.533166625 0.0361417416667 0.0215255953125
0 0.285726666406 0.540607571528 0.0595275763889 0.044247059375
0 0.300077064063 0.515095757639 0.0340157569444 0.03946359375
0 0.322798526562 0.531192495139 0.0492013625 0.03228839375
0 0.381229315234 0.516310602083 0.0789651513889 0.0469721320313
0 0.438199642187 0.567486094444 0.138189016667 0.11241145
0 0.685146069531 0.572497349306 0.195590606944 0.19731796875
0 0.836423177344 0.551237500694 0.170078790278 0.169813040625
