0 0.223758255469 0.647140399306 0.0318788375 0.0187114921875
0 0.198419776953 0.642289272917 0.0360369486111 0.0335247554688
0 0.159047680078 0.63743814375 0.0457392013889 0.0452194382812
0 0.423347500391 0.668623964583 0.0748459680556 0.0280672367187
0 0.491956303516 0.666544908333 0.0207905472222 0.0171522007812
0 0.554327942969 0.670703017361 0.0207905458333 0.0109150375
0 0.586683230469 0.676247163889 0.0124743277778 0.0085761015625
0 0.5964288 0.680405272917 0.0207905458333 0.0109150375
0 0.6073438375 0.677633200694 0.0235626208333 0.0109150375
0 0.617089405078 0.677633200694 0.0235626208333 0.0132539742188
0 0.671274766406 0.689414510417 0.0498973097222 0.0327451109375
0 0.944670467969 0.708726640278 0.0859342583333 0.0904388765625
0 0.987343067578 0.724204033333 0.08177615 0.0249486554688
0 0.109072404688 0.634804683333 0.0554414555556 0.0584734109375
0 0.368304529687 0.689275919444 0.157176522222 0.118506115625
0 0.462329774609 0.658505915278 0.0540554222222 0.0389822742188
0 0.571090321875 0.675138352778 0.0291067638889 0.024169009375
0 0.634631429297 0.681375515972 0.0304928013889 0.0202707820312
1 0.523064154688 0.661139373611 0.0776180388889 0.045999084375
