0 0.610051645703 0.326804177778 0.0144329916667 0.00927835234375
0 0.590335148828 0.328866031944 0.0144329916667 0.00927835234375
0 0.582216591406 0.331958816667 0.0247422694444 0.0115979390625
0 0.538724315625 0.340206240972 0.0453608347222 0.024355671875
0 0.632087732031 0.32783510625 0.0288659819444 0.02551546875
0 0.656443407031 0.318556755556 0.0226804166667 0.013917528125
0 0.663402170703 0.323711393056 0.0247422722222 0.0115979382813
0 0.675000111328 0.33195881875 0.0371134069444 0.0231958804688
0 0.847229521484 0.303092834028 0.0453608319444 0.0962629023437
0 0.902319736719 0.31443304375 0.0391752652778 0.0440721734375
0 0.691237226172 0.342268096528 0.0453608291667 0.0301546445312
0 0.519471745312 0.352577378472 0.0453608347222 0.0359536140625
0 0.599033605078 0.330927888889 0.0268041305556 0.0173969101562
0 0.566559373828 0.350515520833 0.0494845416667 0.0405927914062
0 0.641366085156 0.369072225694 0.0824742402778 0.0649484640625
0 0.761404763281 0.383505218056 0.127835072222 0.0777061984375
0 0.82797696875 0.411340272917 0.171134045833 0.1426546625
0 0.431907298437 0.380412433333 0.0886598083333 0.0487113484375
1 0.343762955078 0.357732018056 0.216494880556 0.136855692969
0 0.209226841016 0.434020688889 0.195876319444 0.204123744531
0 0.0591494941406 0.495876370833 0.212371169444 0.118298988281
0 0.922616130469 0.455670178472 0.418556770833 0.153092809375
