0 0.340745151953 0.343318638889 0.160108180556 0.102597989844
0 0.583760101172 0.337499959028 0.211686365278 0.151275869531
0 0.173875195313 0.30022185625 0.0998520597222 0.050175659375
0 0.121694698437 0.307544343056 0.115828388889 0.09361130625
0 0.0527967765625 0.320857949306 0.126479276389 0.104095771875
0 0.258367203906 0.296227775694 0.0639053180556 0.088369071875
0 0.492395467188 0.334837238889 0.0852070916667 0.056166784375
0 0.381185235937 0.296671563194 0.0519230708333 0.025462275
0 0.405149730469 0.296005884028 0.0479289902778 0.0164755890625
0 0.388299694922 0.29600588125 0.0292899375 0.0157267007813
0 0.424620880078 0.298668604861 0.0612425930556 0.0374445210938
0 0.952963089844 0.556488007639 0.339455398611 0.092113525
