0 0.121479640234 0.405364235417 0.0356604097222 0.0415507445313
0 0.442423324609 0.407911406944 0.0254717222222 0.0214917648437
0 0.519793677344 0.393901960417 0.0229245486111 0.010029490625
0 0.485406853906 0.396449132639 0.0229245486111 0.007163921875
0 0.491137991016 0.404090648611 0.0178302055556 0.0128950585937
0 0.501883873437 0.382439686111 0.0203773777778 0.00859670625
0 0.504749442187 0.404090649306 0.0280188930556 0.0200589796875
0 0.409469285937 0.419919517361 0.0713208180556 0.0558785875
0 0.259026933984 0.437749720139 0.137547293056 0.110324391406
0 0.557762461328 0.394993609722 0.02292455 0.0114622742187
0 0.597164030078 0.396267195139 0.0254717208333 0.0128950585937
0 0.582119794922 0.396267195139 0.0254717208333 0.0143278429687
0 0.672385205859 0.396267195833 0.0356604083333 0.0401179601563
0 0.825693126563 0.394993609722 0.0738679916667 0.0831014890625
