0 0.467583791016 0.392244202778 0.0191338638889 0.0143503976563
0 0.450243727344 0.393307195833 0.0170078777778 0.0107627984375
0 0.438882995703 0.396496172917 0.0318897736111 0.0191338632813
0 0.420347065234 0.398622157639 0.0318897736111 0.0203297304687
0 0.394635935938 0.400748142361 0.0446456819444 0.0263090625
0 0.363543407812 0.423070984028 0.0722834847222 0.052618125
0 0.316306682031 0.4347639 0.0914173472222 0.0633809234375
0 0.263688557031 0.415630036111 0.112677197222 0.0418553265625
0 0.135132911328 0.479409581944 0.274252044444 0.270265822656
0 0.483130055078 0.393307195833 0.0170078777778 0.0119586648438
0 0.494490786719 0.391181210417 0.0297637875 0.017937996875
0 0.513624650391 0.397559165278 0.0467716666667 0.0203297304687
0 0.538139912891 0.406063104861 0.0807874236111 0.0454429257812
0 0.566840708203 0.412441059722 0.0935433333333 0.0765354539063
0 0.736653747656 0.462401703472 0.304015831944 0.253523692187
0 0.908459894531 0.597401740278 0.331653636111 0.1769882375
