0 0.404400839453 0.562499935417 0.0173076902778 0.0104844664062
0 0.391295257422 0.566494015972 0.0226331347222 0.0142289195312
0 0.370700769531 0.571819458333 0.0332840194444 0.02396449375
0 0.353850735547 0.581804664583 0.0452662652778 0.0142289179688
0 0.344489604688 0.584467386111 0.0479289888889 0.0164755890625
0 0.324644008203 0.587795788194 0.0599112347222 0.0307045085938
0 0.317529548437 0.594452591667 0.0545857944444 0.0269600578125
0 0.272596122656 0.601109398611 0.089201175 0.07189348125
0 0.191341508203 0.636390456944 0.122485191667 0.0996024289063
0 0.449334266797 0.565828336806 0.0266272152778 0.0104844648438
0 0.459444286719 0.571153780556 0.0346153805556 0.0172244796875
0 0.472549870703 0.581138985417 0.0359467430556 0.0314533992188
0 0.487527680078 0.596449631944 0.0559171527778 0.0269600570312
0 0.524223310547 0.610428921528 0.105177501389 0.0703957023437
0 0.566161176563 0.588461470833 0.0346153805556 0.0269600578125
0 0.55492781875 0.651035427083 0.1065088625 0.0793823875
0 0.0857479554687 0.64704134375 0.2050295625 0.168500348438
0 0.423123100391 0.561834254861 0.0213017736111 0.0119822476562
