0 0.494970231641 0.366049828472 0.0183534708333 0.0103238289062
0 0.501852783203 0.370128378472 0.0265105708333 0.0103238273437
0 0.509882426562 0.374206928472 0.0346676708333 0.014912196875
0 0.524794625391 0.3731872875 0.0407854972222 0.0286773023438
0 0.624591635547 0.339539254167 0.0591389694444 0.0447365914062
0 0.568384123437 0.366049827083 0.128474315278 0.074560984375
0 0.564942849219 0.399697859722 0.0897280916667 0.0401482234375
0 0.461131014453 0.363670679167 0.0244713 0.0160592882812
0 0.454822008594 0.373867051389 0.0285498444444 0.01720638125
0 0.446218816406 0.383043788194 0.0469033180556 0.018353471875
0 0.399761588672 0.366729590972 0.136631409722 0.0768551695313
0 0.400335134766 0.408534723611 0.0815709916667 0.0390011304687
0 0.342980529297 0.424848922222 0.154984886111 0.107826653906
0 0.609679438281 0.415672183333 0.124395763889 0.0929144578125
1 0.849120573438 0.341578529861 0.185574006944 0.193858557813
1 0.945106118359 0.338823760417 0.180000123611 0.107205955469
