0 0.144796052734 0.406525346528 0.0274576208333 0.0231673679688
0 0.130209191406 0.416440597917 0.0564406652778 0.043760584375
0 0.179118080469 0.424067715972 0.0838982875 0.03861228125
0 0.32069644375 0.416440598611 0.0289830472222 0.0197351671875
0 0.318551317187 0.427881272917 0.0366101625 0.0154449140625
0 0.404356385547 0.434745681944 0.0381355861111 0.0291737242187
0 0.390198548047 0.421016868056 0.0259321972222 0.0145868617187
0 0.605569271484 0.443898220833 0.0228813527778 0.0180190664063
0 0.570818217578 0.438559238889 0.024406775 0.0171610148437
0 0.0691803367187 0.483559229861 0.440847373611 0.138360673437
0 0.361453850391 0.450762625694 0.0884745569444 0.0634957507812
0 0.430097905859 0.436271104861 0.0564406708333 0.0360381289063
0 0.516186436719 0.478547125 0.128135569444 0.11726181875
