0 0.040562403125 0.523172570139 0.0350847402778 0.030889825
0 0.0186821109375 0.519359011806 0.0183050819444 0.019735165625
0 0.245636516797 0.504104777778 0.024406775 0.0257415210937
0 0.295832482031 0.491138679167 0.02288135 0.019735165625
0 0.319428875391 0.477409865972 0.0228813513889 0.0102966070313
0 0.390647082813 0.491138679167 0.02288135 0.0137288109375
0 0.437839870703 0.507155624306 0.0396610097222 0.0343220289062
0 0.597008271875 0.575799679167 0.149491497222 0.143294464063
0 0.879306947266 0.5796132375 0.398135516667 0.237680039844
0 0.611595133984 0.5079183375 0.0625423611111 0.0815148148438
0 0.515493457031 0.515545452778 0.0442372805556 0.0420444828125
0 0.486319734375 0.514020029167 0.0381355861111 0.0248834703125
0 0.478597278125 0.504867488889 0.0442372805556 0.0283156734375
0 0.463152364453 0.510969183333 0.0411864333333 0.0111546585938
0 0.401801741016 0.482748849306 0.0122033847222 0.0102966070313
0 0.376918271484 0.473596306944 0.0183050805556 0.00514830390625
0 0.402659791016 0.466731901389 0.0106779638889 0.00686440390625
0 0.390218057031 0.469782748611 0.0106779638889 0.0094385578125
0 0.282103670703 0.476647154861 0.0152542347222 0.0111546585938
0 0.29540345625 0.472833595833 0.0137288111111 0.012012709375
0 0.226330375781 0.487325120139 0.0152542319444 0.0094385578125
0 0.243491390234 0.4819861375 0.0137288083333 0.0128707601563
0 0.688819695312 0.507155625694 0.0610169375 0.028315671875
