0 0.785970142188 0.744743013194 0.506328909722 0.42341755
0 0.136364657031 0.587679079861 0.0472573625 0.021835434375
0 0.167219075781 0.596961778472 0.0388185458333 0.036075934375
0 0.201870959375 0.598649539583 0.0354430236111 0.0313291015625
0 0.234149427734 0.599493422917 0.0303797347222 0.0351265679688
0 0.256459545312 0.600337304167 0.0219409194444 0.0113924
0 0.269275996094 0.598649539583 0.0253164430556 0.0123417671875
0 0.283991180078 0.599493423611 0.0270042111111 0.0189873351562
0 0.422124035156 0.608776119444 0.0489451277778 0.027531634375
0 0.533199939453 0.614683290278 0.0270042083333 0.0389240351563
0 0.324339264453 0.594430131944 0.0270042083333 0.0142405007812
0 0.339054448828 0.599493422222 0.0202531555556 0.0113924007812
