0 0.343333271094 0.557858443056 0.0382677305556 0.053813990625
0 0.385786531641 0.5514804875 0.0255118194444 0.0287007960937
0 0.613957838672 0.555732456944 0.0552756055556 0.0334842601563
0 0.478226995312 0.535535584028 0.0233858347222 0.027504928125
0 0.5816694625 0.547228516667 0.038267725 0.033484259375
0 0.723260064844 0.583370259722 0.131811061111 0.0908858515625
0 0.653301876563 0.556795450694 0.0956693180556 0.0705561203125
0 0.554642893359 0.532346623611 0.0340157583333 0.0287007960938
0 0.527496708203 0.540850561806 0.0170078791667 0.00837106484375
0 0.513744244141 0.539787570833 0.0276378027778 0.0191338632813
0 0.150320416406 0.598677345139 0.0552756069444 0.0538139921875
0 0.100691958203 0.6050553 0.0765354527778 0.0669685226563
0 0.0468779671875 0.610370261111 0.0659055305556 0.047834659375
0 0.821679898438 0.6050553 0.187086669444 0.19014276875
0 0.926079025 0.645449011111 0.267874091667 0.143503975
