0 0.131007353906 0.568261754167 0.539001713889 0.262014707813
0 0.296872059766 0.399845383333 0.1147874 0.0912372695312
0 0.483206636719 0.418560721528 0.2170979125 0.110186548437
0 0.339219153516 0.396433734028 0.0766938930556 0.0397773773437
0 0.349859858594 0.376139290278 0.102310511111 0.0610587875
0 0.384951116016 0.366489194444 0.044253975 0.0315821320312
1 0.42495515 0.379258513194 0.0835951736111 0.038600384375
0 0.403549482422 0.36990084375 0.0349352958333 0.0154401539062
0 0.532334397266 0.360543175 0.048659875 0.0526368851563
0 0.45478271875 0.341203993056 0.00998151111111 0.0168438046875
0 0.378057121094 0.33874760625 0.0187153375 0.012632853125
