0 0.519494541797 0.490365104167 0.0493355138889 0.0290126460938
0 0.626715187109 0.512416583333 0.0740032722222 0.0618095492187
0 0.877992592578 0.56184760625 0.242749006944 0.242944044531
0 0.982588716016 0.646868294444 0.2188204 0.0337517960937
0 0.242357033984 0.517535859722 0.0355263333333 0.0378635914062
0 0.144542755859 0.53770306875 0.0523545958333 0.0420706570312
0 0.412993615234 0.497991927778 0.0149584555556 0.0126211976562
0 0.402475950781 0.495187217361 0.0205678763889 0.0063105984375
0 0.3888029875 0.489577796528 0.0280471041667 0.0105176640625
0 0.368293541797 0.497991928472 0.0299169125 0.0220870945312
0 0.314653453906 0.509210770139 0.0261772986111 0.02839769375
0 0.349887629297 0.499861735417 0.0224376847222 0.0168282632813
