0 0.445487185547 0.502567600694 0.0138639347222 0.0136473101563
0 0.464495938672 0.506900079861 0.0190629097222 0.0107228867188
0 0.473269208594 0.507766576389 0.0277278666667 0.012672503125
0 0.480580268359 0.511232559028 0.0242618847222 0.0136473101563
0 0.491790558203 0.51296555 0.03119385 0.0165717335937
0 0.505925272266 0.514698543056 0.0450577861111 0.0214457726563
0 0.580010667187 0.533761451389 0.0935815527778 0.0389923125
0 0.438663530469 0.510366063194 0.0225288930556 0.01169769375
0 0.430865067969 0.514698542361 0.0242618847222 0.01169769375
0 0.422091797266 0.516431534028 0.0346598347222 0.0136473101563
0 0.414780738281 0.516431534028 0.0415918013889 0.0165717328125
0 0.405520063672 0.520764013194 0.0467907763889 0.0194961570313
0 0.401620832422 0.525096492361 0.0415918013889 0.0194961570312
0 0.381637271875 0.533761452083 0.0554557375 0.036067890625
0 0.650196832812 0.538093930556 0.154236263889 0.128674634375
0 0.525908832422 0.518164526389 0.0485237666667 0.0341182757812
