0 0.212914892578 0.345937257639 0.0234374819444 0.0171386601562
0 0.185888543359 0.34945288125 0.0304687291667 0.0342773179687
0 0.117993083984 0.343593509028 0.0328124763889 0.0329589632813
0 0.0771239707031 0.344765384028 0.0351562263889 0.0487792632812
0 0.0309814230469 0.337499767361 0.0421874708333 0.0461425445312
0 0.150952044922 0.342187264583 0.0234374819444 0.0171386601563
0 0.230053552344 0.339843517361 0.0187499875 0.0092285078125
0 0.313769315625 0.342187264583 0.0140624902778 0.0105468671875
0 0.332226333984 0.346874761806 0.0187499875 0.0105468679688
0 0.392870823828 0.367968497222 0.037499975 0.0316406039063
0 0.475268228906 0.378515364583 0.0820311930556 0.06196285
1 0.365844475 0.342187264583 0.0421874680556 0.02241209375
