0 0.377166258984 0.505102290278 0.0214285805556 0.0111926085938
0 0.368987046094 0.508928822917 0.0229591930556 0.0103316375
0 0.361668802344 0.509694129167 0.0244898055556 0.0094706671875
0 0.304844798437 0.515816581944 0.0581632916667 0.02152424375
0 0.1623543 0.538010470139 0.102551068056 0.072321459375
0 0.439909811328 0.501661601389 0.0203927472222 0.0126180117187
0 0.457689738672 0.509818701389 0.0407854972222 0.0160592882812
0 0.4794844875 0.515936524306 0.0734138930556 0.0435894984375
0 0.405497049609 0.528172173611 0.0917673666667 0.0562075117188
0 0.240889336328 0.526132899306 0.157024159722 0.114709208594
0 0.336097978516 0.523073986806 0.0774924430556 0.0550604195312
