1 0.168844962109 0.96359276875 0.0679856680556 0.0983364101562
0 0.809397410938 0.931681121528 0.135971331944 0.37968780625
0 0.600432539063 0.94989156875 0.0898382013889 0.144773048437
0 0.501413237109 0.976600222222 0.0461331305556 0.0587286898438
0 0.462488408594 0.976600222222 0.0461331305556 0.01912096875
0 0.442684548047 0.980242311806 0.0291367152778 0.0177551851562
0 0.422880688281 0.9838844 0.0315647722222 0.0191209703125
0 0.396247911328 0.983884400694 0.0267086541667 0.0505339914063
1 0.349811271875 0.985618715972 0.0218525375 0.0204867515625
0 0.237817026563 0.992382608333 0.0145683555556 0.0396077203125
