0 0.475871178906 0.345141940278 0.0149289 0.0119964375
0 0.461475453906 0.343009240278 0.0191943 0.0119964375
0 0.450678659375 0.345141939583 0.0191942986111 0.0119964375
0 0.434483470313 0.347274640278 0.0234597 0.01559536875
0 0.414689348047 0.345141940278 0.0319905 0.0191943007813
0 0.394895225781 0.353672740278 0.0319905 0.02039394375
1 0.369702706641 0.337677490278 0.0682464 0.0323903820313
0 0.351108228516 0.353672740278 0.0490521 0.0359893132812
0 0.316318560156 0.356871790278 0.0554502 0.04798575
0 0.2653337 0.384596890972 0.102369601389 0.07557755625
1 0.210749908984 0.303554289583 0.0682464013889 0.0695793382812
0 0.187956677734 0.400592140278 0.1599525 0.136759386719
0 0.0537902734375 0.394194040278 0.1258293 0.107580546875
0 0.496864944531 0.350473690278 0.0255924 0.01799465625
0 0.544850694922 0.338743840278 0.0149289 0.0155953695312
0 0.552048557422 0.436848039583 0.194075698611 0.133160457031
0 0.794376594922 0.352606390278 0.0725118 0.0779768445313
0 0.822568225 0.364336240278 0.0831753 0.100770075
0 0.826167154688 0.413388340972 0.138625501389 0.141557964063
0 0.917882152344 0.442179790278 0.277251 0.164235695313
