0 0.561001915625 0.525962988889 0.185430113889 0.135498290625
0 0.497639405469 0.486104179861 0.0918485625 0.0419167375
0 0.460109303125 0.458376311806 0.0918485625 0.0584884703125
0 0.402595640234 0.466174774306 0.0554557347222 0.0584884710938
0 0.338258322656 0.458376311806 0.0433247930556 0.0584884703125
0 0.268072158203 0.459242808333 0.0346598361111 0.0506900085937
0 0.215432533984 0.460109303472 0.0363928263889 0.0487403929688
1 0.0662869332031 0.473106740972 0.0797176180556 0.0760350117188
0 0.04581596875 0.470507253472 0.0537227430556 0.0545892390625
0 0.0307064472656 0.467041270833 0.0467907777778 0.0438663539063
0 0.0112102902344 0.457509815278 0.0658536861111 0.0224205804687
0 0.894873602344 0.429781947917 0.0207959013889 0.009748078125
0 0.944101398828 0.426315964583 0.0277278680556 0.0263198117187
0 0.970908614453 0.42544946875 0.0259948763889 0.0253450039062
