0 0.525675971484 0.41303885625 0.0374229847222 0.0194911367188
0 0.542828171875 0.418582998611 0.0540554194444 0.027287590625
0 0.563878600781 0.424820163889 0.0831621861111 0.03976191875
0 0.590386547266 0.433136384028 0.105338768056 0.0584734117187
0 0.608708215234 0.4504618375 0.117813097222 0.0530158929687
0 0.70967230625 0.435908455556 0.274435211111 0.206606053125
0 0.866770873438 0.52392176875 0.480954640278 0.263520176563
0 0.417695071094 0.424127145139 0.0429671263889 0.031965465625
0 0.397034466016 0.426899220139 0.0540554208333 0.0202707820312
0 0.232529266797 0.478875583333 0.135831569444 0.119285758594
0 0.119480671875 0.516298568056 0.199589244444 0.213622864062
2 0.0388050894531 0.556450311806 0.213449606944 0.0756256117187
0 0.341307539844 0.446953433333 0.160780225 0.117726467187
0 0.4796946125 0.433786088194 0.109496879167 0.07640525625
