0 0.430733073438 0.377435780556 0.0214123861111 0.019500565625
0 0.414960558594 0.378455415972 0.0193731097222 0.01892701875
0 0.401768999219 0.382024147917 0.0203927458333 0.01548574375
0 0.286199472266 0.384573242361 0.0254909347222 0.0309714851563
0 0.263831177734 0.385083061111 0.0367069472222 0.0309714851563
0 0.242036428125 0.388141972917 0.0428247708333 0.027530209375
0 0.218234267188 0.392730338889 0.0581193333333 0.05333978125
0 0.171394671094 0.370298315972 0.0173338347222 0.0602223328125
0 0.1834391375 0.400887439583 0.0601586069444 0.0693990703125
0 0.0559207386719 0.372677469444 0.0183534722222 0.0223682960938
0 0.0341259898437 0.392560399306 0.0642371569444 0.0487514125
0 0.0169514640625 0.409504793056 0.115898775 0.032118578125
0 0.502243835547 0.368891478472 0.0132552847222 0.00630900703125
0 0.497942240234 0.370420936111 0.0163142 0.0103238289062
0 0.594480467969 0.370128377083 0.0244712958333 0.01720638125
0 0.52737558125 0.377265839583 0.0469033208333 0.032118578125
0 0.561214797266 0.38287384375 0.0907477291667 0.0481778664062
0 0.490381862891 0.374206926389 0.0183534722222 0.0108973742187
0 0.377393292969 0.380834570139 0.0234516597222 0.0200741109375
0 0.111757175781 0.400755084028 0.0866038513889 0.12608501875
