0 0.295433923438 0.397894738889 0.0213157888889 0.017985196875
0 0.282444615625 0.418322370139 0.0337500013889 0.0279769734375
0 0.267956539844 0.424539477083 0.0390789486111 0.02098273125
0 0.243476686328 0.422763160417 0.0603947375 0.0359703945313
0 0.210503826172 0.433421055556 0.0710526305556 0.0459621710937
1 0.0937613703125 0.362368422917 0.412105265278 0.187522740625
0 0.410339351953 0.396118423611 0.0213157888889 0.0179851976563
0 0.430602471875 0.404111844444 0.03375 0.0145476203125
0 0.66063335 0.422763159028 0.138552631944 0.0929235203125
0 0.364377181641 0.400559211806 0.0230921041667 0.0139884867188
0 0.771042479297 0.435197369444 0.213157894444 0.207828947656
0 0.385359911719 0.407664477083 0.0444078958333 0.0279769734375
0 0.465294123047 0.424539475694 0.117236843056 0.0719407898437
0 0.524245603516 0.403223686111 0.0497368416667 0.0379687507813
0 0.329405964453 0.428980265972 0.0976973708333 0.0759375007813
0 0.576702428516 0.409440791667 0.0905921055556 0.0689432570312
0 0.900059202344 0.513355265972 0.344605265278 0.199835526563
