0 0.319224019922 0.641483926389 0.0398437222222 0.0210937351562
0 0.299448642578 0.650858921528 0.0398437236111 0.0290038867187
0 0.352842160937 0.632108933333 0.0210937361111 0.0145019421875
0 0.364048207422 0.641483926389 0.0257812305556 0.0105468679687
0 0.447104791016 0.663749536111 0.0609374583333 0.0448241882812
0 0.480063752734 0.680155775 0.0843749416667 0.0342773195312
1 0.336362680078 0.630937059722 0.0562499611111 0.0263671695313
1 0.524228760937 0.627421436111 0.0445312194444 0.054052696875
1 0.768125078125 0.666093285417 0.253124826389 0.2412596
1 0.153770032031 0.632108933333 0.203906108333 0.106787035938
0 0.4154641875 0.64499955 0.0281249805556 0.01845701875
0 0.385801122656 0.663749536806 0.0796874458333 0.0435058296875
0 0.525547120313 0.710624505556 0.135937408333 0.109423753125
0 0.722641710547 0.741093233333 0.323437277778 0.247851392969
0 0.214414521875 0.676640152778 0.269531063889 0.172704960938
1 0.0640310203125 0.618046444444 0.325781025 0.128062040625
