0 0.230988109766 0.130941766667 0.0169964166667 0.0204867523437
0 0.131968808594 0.128513708333 0.0461331305556 0.0300472359375
0 0.109433379297 0.147938184028 0.0364208930556 0.0204867507813
0 0.0916781960937 0.147938184028 0.0267086541667 0.01502361875
0 0.0991900039063 0.161292513194 0.0437050708333 0.0163894015625
0 0.0773374691406 0.166148630556 0.0631295472222 0.0464366382812
0 0.158601585938 0.19528534375 0.160251926389 0.0969706265625
0 0.463171300391 0.249916683333 0.230665652778 0.184380769531
0 0.038668734375 0.20135549375 0.152967748611 0.07733746875
0 0.280839207422 0.282695486806 0.267086545833 0.275888261719
0 0.765692339453 0.313046232639 0.347212509722 0.467097947656
