0 0.319084433594 0.167865788889 0.0212212833333 0.0156098859375
0 0.322298233203 0.199697715278 0.0359129416667 0.0165281132812
0 0.297046949219 0.176844026389 0.0163240666667 0.02662863125
0 0.272254775 0.194800492361 0.0326481236111 0.0174463421875
0 0.264449832813 0.206227338194 0.0391777513889 0.0202010296875
0 0.254349317969 0.211940761111 0.0506045972222 0.031219771875
0 0.230934488672 0.220918997222 0.0555018166667 0.0431567429688
0 0.201092060547 0.235610655556 0.0750906944444 0.0550937164063
0 0.166199374219 0.247037499306 0.0816203180556 0.055093715625
0 0.0881499433594 0.24866990625 0.0946795708333 0.112023885156
0 0.424680720703 0.176463127778 0.0408101611111 0.0284650851563
0 0.429271864453 0.191970986806 0.0261185041667 0.0247921726562
0 0.433403892969 0.208295050694 0.0261185013889 0.0330562296875
0 0.436158578125 0.226251522917 0.0359129402778 0.042238515625
0 0.440290607422 0.241432901389 0.0375453472222 0.0413202851563
0 0.296587833594 0.217926250694 0.0685610680556 0.0514208015625
0 0.105137172656 0.305259991667 0.132224916667 0.1570170875
0 0.442586177734 0.297914163194 0.107738820833 0.0771312007812
0 0.918935191406 0.333042784028 0.1501813875 0.158853545312
