0 0.348610400391 0.518438459028 0.0698675319444 0.0421499289063
1 0.291954949609 0.458376311806 0.192362081944 0.0750602039062
0 0.211045898438 0.575353253472 0.197561056944 0.143296753125
0 0.0867578980469 0.532894955556 0.161168230556 0.122825788281
1 0.019008753125 0.509499567361 0.0554557347222 0.032168659375
0 0.0102354824219 0.545025897222 0.0849165944444 0.0165717335937
0 0.559539703516 0.503434097917 0.0641206958333 0.0682365507812
0 0.580498071484 0.508633070833 0.0710526583333 0.0770098179687
0 0.615171048438 0.520653558333 0.0910432444444 0.0995649953125
0 0.715021554297 0.509499565972 0.0970475347222 0.178389835156
0 0.774972237109 0.475706228472 0.0363928263889 0.0643373164062
0 0.870016002344 0.493902641667 0.100513519444 0.131599059375
0 0.951899861328 0.474839733333 0.0415918027778 0.0321686585937
0 0.874246013672 0.542426410417 0.114377454167 0.175152164844
0 0.886714104688 0.737068420833 0.515337666667 0.225433351562
