0 0.513104409766 0.393268474306 0.0357053097222 0.0181714523437
0 0.525537507813 0.400069484722 0.0425063194444 0.0162586671875
0 0.413161425781 0.396668979167 0.0289042972222 0.015302275
0 0.355299698828 0.391568220833 0.0221032861111 0.0200842367187
0 0.338084639062 0.395818852778 0.0238035388889 0.0162586671875
0 0.667561747656 0.409420875 0.139420727778 0.11859263125
0 0.252009341406 0.4017697375 0.0731108694444 0.0545143546875
0 0.316565815234 0.393268474306 0.0357053097222 0.0267789820312
0 0.388295228906 0.403469990972 0.0697103652778 0.045906825
0 0.452373505469 0.422172770833 0.141120980556 0.082249728125
0 0.567140567969 0.419622391667 0.115617188889 0.082249728125
0 0.753445783594 0.440025425 0.146221738889 0.13389490625
0 0.149675377344 0.402619863889 0.0782116277778 0.0793805515625
0 0.207058908984 0.393268474306 0.0663098597222 0.0353865117187
0 0.0327225976563 0.411012876389 0.115833691667 0.0654451953125
