0 0.3033540625 0.5342121 0.0406720777778 0.0325572171875
0 0.269916921094 0.528737013194 0.0297219041667 0.02375796875
0 0.351309961328 0.524826236111 0.0281575916667 0.0211181945312
0 0.502657020703 0.534212100694 0.0438006986111 0.0316772914062
0 0.555012544141 0.533429945139 0.0954229513889 0.0730337554687
0 0.574810851563 0.531865634722 0.0954229527778 0.0475159375
0 0.637725472266 0.536558566667 0.132966408333 0.124069392969
0 0.665443101953 0.548290897222 0.153302447222 0.114390219531
0 0.769714186719 0.553765984028 0.248725398611 0.237579685937
0 0.883664442969 0.584270042361 0.322248001389 0.2314202125
0 0.425223641797 0.581923575694 0.248725398611 0.159266382031
0 0.147211401953 0.597253813889 0.290961788889 0.250778557031
0 0.0535874125 0.683290901389 0.34414835 0.107174825
0 0.0232300078125 0.525295522917 0.0469293208333 0.046460015625
