0 0.504950463672 0.429781948611 0.0138639361111 0.00779846171875
0 0.513723733984 0.428915452083 0.00866495972222 0.00974807890625
0 0.48058026875 0.454043831944 0.0727856527778 0.0565388546875
0 0.39528458125 0.445378872222 0.0727856527778 0.0614128953125
0 0.350443420703 0.431514939583 0.0138639347222 0.0126725023437
0 0.339233130469 0.436713915278 0.0173299166667 0.01169769375
0 0.326073225 0.440179897917 0.0138639319444 0.020470965625
0 0.307551875781 0.439313403472 0.0155969263889 0.020470965625
0 0.290980142578 0.440179899306 0.0173299180556 0.00877327109375
0 0.279769851953 0.436713915278 0.0173299166667 0.0155969257813
0 0.265147733984 0.441912890278 0.0173299166667 0.0214457726562
0 0.246138980078 0.445378872222 0.0207959 0.0185213492188
0 0.229567247656 0.439313402778 0.025994875 0.0263198125
0 0.207146667578 0.452310839583 0.0138639319444 0.0224205804688
0 0.177415028516 0.441046394444 0.0190629083333 0.0175465414063
0 0.194474166016 0.447111863889 0.0242618833333 0.0282694273437
0 0.163767716797 0.44364588125 0.0381258180556 0.0350930820312
0 0.129162039844 0.444512377083 0.0398588097222 0.0575136640625
0 0.087245303125 0.449711352083 0.0398588097222 0.032168659375
0 0.0194961574219 0.455776825694 0.0381258180556 0.0389923148438
