0 0.248405673047 0.451779583333 0.1235593 0.122701247656
0 0.493379144531 0.451779581944 0.0869491361111 0.06006355
0 0.414438479688 0.437288058333 0.0884745583333 0.058347446875
0 0.750508349609 0.447966025694 0.0945762541667 0.0909533726563
0 0.960501957031 0.447711778472 0.0808474402778 0.075508459375
0 0.835955879687 0.425974496528 0.0625423625 0.0686440546875
0 0.895161377344 0.43588975 0.0640677861111 0.0789406625
0 0.609001474609 0.423686359028 0.0366101625 0.0248834710938
0 0.623588335938 0.427499919444 0.0411864333333 0.0197351640625
0 0.689229212891 0.435127035417 0.0777965958333 0.0600635492187
0 0.57210529375 0.415296530556 0.0320338916667 0.0420444828125
0 0.379043890625 0.424449071528 0.0655932069444 0.031747875
