0 0.0225933648437 0.749999483333 0.159374891667 0.0448241875
0 0.081260315625 0.722839175 0.138695566667 0.14897450625
0 0.174863767188 0.689062026389 0.121874916667 0.109423753125
0 0.226279747266 0.664932068056 0.114406758333 0.101513602344
0 0.285088529297 0.660527257639 0.0835553652778 0.0424711304687
0 0.438892925391 0.665886110417 0.155210529167 0.0918114226562
0 0.378829377344 0.618335790972 0.0242650513889 0.0180190640625
0 0.549277572266 0.631640189583 0.0492187152778 0.0382323945313
1 0.435898744922 0.585937095833 0.0374999777778 0.0197753789062
0 0.386980859375 0.616118517361 0.0198305041667 0.0068644046875
0 0.398993569141 0.602389707639 0.0167796597222 0.0120127101562
0 0.412293353906 0.597050723611 0.0122033861111 0.0180190640625
