0 0.390614074219 0.585567018056 0.0752698444444 0.0218525359375
0 0.411783717969 0.581115582639 0.106834618056 0.0177551859375
0 0.437733604687 0.583948314583 0.135161981944 0.0286814546875
0 0.245158133984 0.583948311806 0.0898382013889 0.0232183195312
0 0.228085840234 0.587590402083 0.101978498611 0.0464366382812
0 0.290911879687 0.568975280556 0.0631295472222 0.013657834375
0 0.370127321875 0.566547221528 0.0534173097222 0.0163894015625
0 0.276571153516 0.571808014583 0.0655576069444 0.0259498851563
0 0.176186068359 0.597302638889 0.126259094444 0.0983364101562
1 0.538801580469 0.556834985417 0.339928331944 0.170722934375
0 0.762223818359 0.73387251875 0.428535568056 0.358694616406
0 0.110628460547 0.631295470833 0.160251925 0.152967747656
0 0.951609636328 0.762410685417 0.466187426389 0.0942390601563
0 0.315545396094 0.581558503472 0.0811224847222 0.0542410953125
