0 0.110214805078 0.475580190278 0.256874911111 0.220429610156
0 0.3509343 0.318331607639 0.0656579652778 0.051178009375
0 0.395512833984 0.285502624306 0.0288659847222 0.0173969117187
0 0.407110773047 0.287564479167 0.0288659833333 0.0220360851562
0 0.424507683984 0.27931705625 0.0453608319444 0.0313144382813
0 0.461621090625 0.274162416667 0.0350515527778 0.040592790625
0 0.495255117969 0.271069631944 0.0494845444444 0.040592790625
0 0.535268010547 0.2556057125 0.059793825 0.0417525835938
0 0.577600491797 0.248389216667 0.0618556805556 0.0521907320312
0 0.648347926563 0.229832511806 0.0824742402778 0.091623725
0 0.760847944922 0.19375003125 0.125773215278 0.131056721094
