0 0.0567065796875 0.364675358333 0.157792222222 0.11144075625
0 0.212033298047 0.454967570833 0.201623394444 0.222881514844
0 0.659768728516 0.554026023611 0.105194813889 0.0729789023438
0 0.678506553906 0.496168873611 0.133246763889 0.06706169375
0 0.787974907813 0.540876670833 0.0929220861111 0.0749513046875
0 0.721899414063 0.469870170833 0.0210389611111 0.0138068203125
0 0.912236282422 0.500551990278 0.0648701333333 0.0512824726563
0 0.817067848437 0.474253288889 0.0298051972222 0.032544646875
0 0.781795892578 0.479172211806 0.0294608597222 0.0253450039062
0 0.750602041016 0.463575286806 0.0225288930556 0.0214457726563
