0 0.129199130078 0.359765379167 0.0773436972222 0.105468677344
0 0.253784004297 0.352734133333 0.039843725 0.0355956773437
0 0.28410625 0.345702888194 0.0445312208333 0.046142546875
0 0.375072984375 0.342187265278 0.0187499888889 0.01450194375
0 0.3618894 0.345702888194 0.0164062430556 0.0118652265625
0 0.352660890234 0.348046636111 0.0210937388889 0.0118652257813
0 0.338818126562 0.345702888194 0.0257812347222 0.01845701875
0 0.326293720313 0.345702886111 0.0304687277778 0.017138659375
0 0.483837558984 0.35624975625 0.0281249819444 0.0210937367187
0 0.444286802734 0.362109127083 0.0445312208333 0.0316406023437
0 0.837867089453 0.3551022 0.0214285805556 0.0215242445312
