0 0.654530733984 0.452039247917 0.0367069458333 0.0130003789063
0 0.673419550391 0.463595138889 0.0543806611111 0.0382364023437
0 0.708979403125 0.471752238194 0.0652567958333 0.0588840609375
0 0.525215239453 0.443882148611 0.0149546805556 0.0137651039063
0 0.517950322266 0.457477315278 0.0530211444444 0.0221771148438
0 0.544715803125 0.457477313889 0.0448640472222 0.0390011296875
0 0.345580614063 0.441842871528 0.0190332319444 0.02982439375
0 0.2985498375 0.430286982639 0.0367069486111 0.0428247703125
0 0.267195987109 0.438444082639 0.0203927486111 0.0275302101563
0 0.227812492969 0.432326257639 0.0326283986111 0.0542956921875
0 0.119186021875 0.502794525694 0.169939568056 0.22100640625
0 0.433273075 0.532736269444 0.250151044444 0.221771132812
0 0.605336885156 0.467479477083 0.174018115278 0.097885190625
0 0.832788846875 0.489425952083 0.221601195833 0.201123479687
