0 0.339702266406 0.406525347917 0.0137288097222 0.00772245625
1 0.329405657812 0.399660940972 0.0274576208333 0.0180190640625
0 0.323399303125 0.407288058333 0.0213559277778 0.011154659375
0 0.314818796484 0.40957619375 0.0228813513889 0.0111546585938
0 0.308812441406 0.411864328472 0.0213559291667 0.011154659375
0 0.297657782812 0.411864328472 0.0366101625 0.0214512671875
0 0.290793376953 0.414152463889 0.0320338916667 0.0145868617187
0 0.268913084375 0.421016869444 0.0457627027778 0.0291737234375
0 0.1779597125 0.455338896528 0.154067768056 0.135572009375
0 0.0672711738281 0.454576186806 0.1342372625 0.130423703906
0 0.370163073828 0.411864330556 0.024406775 0.0154449117188
0 0.401052898047 0.417966022917 0.0457627041667 0.0446186351562
0 0.435803950781 0.418728734028 0.0716949013889 0.035180078125
0 0.444813482422 0.433220258333 0.0579660916667 0.0223093164063
0 0.458113268359 0.437033814583 0.0716949013889 0.0214512664063
0 0.479135509766 0.432457545833 0.099152525 0.0343220273437
0 0.534479779297 0.442372797917 0.143389804167 0.0918114226562
0 0.692312832031 0.47059313125 0.2547457125 0.220519026563
0 0.902106223828 0.380593147917 0.129660993056 0.193919453906
0 0.858198161719 0.581543851389 0.455291227778 0.279429567187
2 0.287125197656 0.435399426389 0.0427118555556 0.0154449109375
