0 0.440583796484 0.440389468056 0.0305276388889 0.0104938773437
0 0.432474891016 0.444629413889 0.0322236194444 0.0133558414062
0 0.413395116406 0.440389465278 0.0508794 0.0305276375
0 0.408148177344 0.452261325694 0.0339195986111 0.0181257859375
0 0.396223319531 0.448869368056 0.0474874388889 0.0228957296875
0 0.379051522266 0.453109313889 0.0525753777778 0.0267116851563
0 0.328490118359 0.440672134722 0.106846738889 0.0858589867187
0 0.507840001953 0.434170875 0.0203517583333 0.00953988671875
0 0.506886012109 0.440954796528 0.0169597986111 0.0114478648437
1 0.485421266406 0.421733684722 0.0678392 0.0333896046875
0 0.470634441016 0.444629414583 0.0864949791667 0.0534233695312
0 0.537127898437 0.430147352083 0.0555882736111 0.0268014890625
