0 0.415289169531 0.378198790278 0.0127962 0.01319608125
0 0.402093087891 0.385663240278 0.0149289 0.0107967929688
0 0.388297184766 0.392061339583 0.0277250986111 0.0191942992188
0 0.375700925781 0.400592139583 0.0277250986111 0.01319608125
0 0.362504844531 0.381397840278 0.0405213 0.01319608125
0 0.341511078906 0.373933390972 0.0298578013889 0.0311907390625
0 0.307921053125 0.397393090278 0.021327 0.014395725
0 0.290526220312 0.419786439583 0.0661136986111 0.02999109375
0 0.250937975 0.426184540972 0.0874407013889 0.08037613125
0 0.332831016016 0.428159110417 0.0956552430556 0.0762120882812
0 0.450678660156 0.388862288889 0.0170616 0.0191943
0 0.467473672266 0.396326740278 0.0234597 0.0143957242187
0 0.478870288281 0.398459439583 0.0277250986111 0.01559536875
0 0.493266012891 0.403791189583 0.0298578013889 0.0203939445313
0 0.501063698437 0.414454688889 0.0511848 0.0239928765625
0 0.522057464062 0.417653740278 0.0618483 0.0467861078125
0 0.544250874609 0.438980740972 0.0831752986111 0.0527843257813
0 0.419487923047 0.465639490972 0.166350601389 0.110367225781
0 0.970124405859 0.671445040972 0.300710701389 0.0575829007812
0 0.826109405469 0.520023341667 0.3732225 0.347781189063
