0 0.393815125391 0.461959809028 0.0313953263889 0.0176598710937
0 0.403906481641 0.473172424306 0.0403654208333 0.0176598710937
0 0.425350610156 0.470929899306 0.0403654208333 0.032796903125
0 0.371740285938 0.469808640278 0.0560630861111 0.0264898078125
0 0.302614519922 0.465323593056 0.03363785 0.0138756132812
0 0.281170391016 0.463081069444 0.0381228972222 0.0391040007813
0 0.158938841016 0.551660741667 0.237707472222 0.317877682031
0 0.339069533203 0.468687377778 0.0762457944444 0.0479339367187
0 0.455750825391 0.4720511625 0.0560630833333 0.0340583242187
0 0.502423342578 0.470929899306 0.0403654208333 0.0391040007812
