0 0.524324276172 0.526646103472 0.0315647736111 0.0232183179687
0 0.537982109766 0.53271625625 0.0339928347222 0.0177551851562
0 0.561883321094 0.535144315278 0.0388489527778 0.0355103703125
0 0.756507466406 0.561852969444 0.0728417861111 0.0505339890625
0 0.499876752734 0.525067869444 0.0145683583333 0.0109262679688
0 0.485536025391 0.521425780556 0.0218525361111 0.0232183179687
0 0.451937751172 0.540243240278 0.0946943222222 0.0587286898438
0 0.410964246484 0.516933870139 0.0218525347222 0.0177551851562
0 0.115750149609 0.497752199306 0.155395806944 0.124286296094
0 0.354762257031 0.520818763194 0.0364208930556 0.03141301875
0 0.376956238281 0.520211750694 0.0169964152778 0.013657834375
0 0.685281858594 0.566951895139 0.118974915278 0.102433760938
