0 0.0924120585937 0.867050675 0.179999969444 0.184824117187
0 0.242399318359 0.84981340625 0.0503389708333 0.0557732945312
0 0.495953295313 0.820677809722 0.0335593138889 0.0137288109375
0 0.525127017969 0.848898144444 0.108305063889 0.061779646875
0 0.717473397266 0.820677810417 0.0457627041667 0.0592054960938
0 0.739353690625 0.814576116667 0.0579660916667 0.066927953125
0 0.778394996875 0.815338828472 0.0655932069444 0.090095321875
0 0.812288 0.820677808333 0.0610169333333 0.08237286875
0 0.862054939062 0.815338828472 0.0655932069444 0.0961016765625
0 0.900667219141 0.817626963194 0.0884745597222 0.104682183594
0 0.952150260547 0.813813406944 0.0716949055556 0.0926694742188
0 0.969740299609 0.828304929167 0.0915254083333 0.0592054976563
0 0.575001201953 0.874176609722 0.138813533333 0.105540233594
0 0.390949330078 0.868837627083 0.253220290278 0.228241482031
