0 0.428438889844 0.520015073611 0.0978851888889 0.06767843125
0 0.54372164375 0.491465226389 0.0652567916667 0.036706946875
0 0.557486749609 0.44966009375 0.0183534736111 0.00917673671875
0 0.547162920312 0.44864045625 0.0163141986111 0.0091767375
0 0.537986183594 0.45169936875 0.0142749236111 0.0114709203125
0 0.529382992187 0.450679732639 0.0163141986111 0.010323828125
0 0.524221078516 0.455777917361 0.0142749236111 0.0114709210937
0 0.545442282422 0.440483357639 0.0122356486111 0.0126180132813
0 0.530530084766 0.437424445833 0.010196375 0.0103238289062
0 0.516191433984 0.464954654861 0.0244712986111 0.0183534726563
1 0.571251852734 0.444561906944 0.0489425944444 0.0252360257812
0 0.592473057422 0.45985646875 0.0305891236111 0.0126180132813
0 0.60337043125 0.460876105556 0.0326283972222 0.0114709203125
0 0.613694260547 0.466993928472 0.0367069458333 0.0160592882812
0 0.637209648047 0.473111753472 0.0530211430556 0.0355598539063
0 0.712344178516 0.510838338889 0.0672960694444 0.0298243929687
0 0.755933678125 0.507779425 0.0978851888889 0.096355734375
0 0.837033101953 0.531231086111 0.124395763889 0.122738852344
0 0.921344369141 0.558761296528 0.159063434722 0.139945233594
0 0.972963512891 0.577114768056 0.183534733333 0.0527662367188
0 0.388290667578 0.475966755556 0.0285498472222 0.0263831179687
0 0.356745635937 0.468829295139 0.0183534736111 0.022941840625
0 0.338392162109 0.470868569444 0.0224320222222 0.0206476570313
0 0.310288405859 0.476986395139 0.0224320236111 0.0172063820312
0 0.322906419141 0.474947120139 0.0183534736111 0.0126180132812
0 0.273581459375 0.481064944444 0.0183534722222 0.0286773015625
0 0.238021605859 0.487182768056 0.0142749222222 0.0126180132812
0 0.215079765234 0.48820240625 0.0163141986111 0.0103238289063
0 0.192137922656 0.48922204375 0.0224320236111 0.04244240625
