0 0.346018335156 0.443104895833 0.0195967777778 0.0159223796875
0 0.313561173828 0.437661346528 0.0304838763889 0.0220463726563
0 0.332545550391 0.450725863889 0.0304838722222 0.0110231867187
0 0.338057144531 0.479032320833 0.0391935527778 0.0318447609375
0 0.304375183594 0.477943610417 0.0370161319444 0.0257207703125
0 0.284166008984 0.513871034722 0.0653225916667 0.0489919414062
0 0.0477798890625 0.551975878472 0.0675000097222 0.0930846890625
0 0.346018334375 0.501895226389 0.0675000083333 0.045317546875
0 0.381537492578 0.493185547917 0.0500806513889 0.0355191585937
0 0.415219453125 0.439838765972 0.0174193569444 0.019596778125
0 0.396847475 0.437661346528 0.0217741958333 0.0122479859375
0 0.815728577734 0.685887186111 0.483387161111 0.364989966406
