0 0.300053032813 0.51157895 0.0248684222222 0.0089925984375
0 0.289561667578 0.51157895 0.0355263166667 0.0159868414063
0 0.278570712891 0.517796055556 0.03375 0.0259786179688
0 0.262583871094 0.525789475694 0.0284210513889 0.0159868421875
0 0.252092505469 0.526677634028 0.0373026319444 0.0149876640625
0 0.235106485547 0.522236844444 0.0284210527778 0.0269777960938
0 0.208128689062 0.549769739583 0.0444078958333 0.0209827296875
0 0.177154182813 0.560427634722 0.0515131583333 0.018984375
0 0.144680909375 0.579967108333 0.0692763166667 0.0479605265625
0 0.0982191492187 0.593289477083 0.0994736847222 0.0669449015625
0 0.428447358203 0.516907897917 0.0248684208333 0.0139884867187
0 0.442935434375 0.515131581944 0.0284210527778 0.018984375
0 0.442435845313 0.529342108333 0.0284210527778 0.0139884875
0 0.4963914375 0.514243423611 0.0230921055556 0.0159868421875
0 0.526366766016 0.537335529167 0.0444078944444 0.0239802632812
0 0.555342918359 0.563092108333 0.0568421055556 0.0319736851563
0 0.584319069922 0.573750003472 0.0603947375 0.0559539476562
0 0.619789875781 0.572861845833 0.0301973694444 0.04496299375
0 0.660756158984 0.619934213194 0.0817105263889 0.0489597039062
0 0.41096175 0.516907897222 0.0177631583333 0.018984375
0 0.228112242187 0.560427634028 0.0657236847222 0.0549547703125
0 0.408463805469 0.540888161111 0.0408552638889 0.031973684375
0 0.455425154688 0.546217108333 0.03375 0.0299753296875
0 0.494892671484 0.5550986875 0.0621710527778 0.0529564148438
0 0.613295221875 0.623486845833 0.0959210527778 0.0899259890625
0 0.0422652015625 0.617269740278 0.104802630556 0.08293174375
0 0.914047689844 0.712302635417 0.525789476389 0.169860198437
0 0.348013558594 0.516907897917 0.0213157902778 0.0209827296875
