0 0.533954380078 0.376299315972 0.0170078791667 0.0179379960938
0 0.490305254297 0.373110339583 0.0148818958333 0.0215255976563
0 0.513026717187 0.378425300694 0.0170078791667 0.0263090625
0 0.637396828906 0.365669391667 0.0297637888889 0.040659459375
0 0.659520358984 0.370984354167 0.0403937138889 0.0490305257813
0 0.667293491797 0.377362309028 0.0488976513889 0.0526181242188
0 0.691808755469 0.376299315278 0.0510236361111 0.0801230546875
0 0.718117817188 0.38480325625 0.0637795458333 0.0896899859375
0 0.716324017578 0.391181211111 0.0552756055556 0.0669685226562
0 0.752797944531 0.394370188194 0.0829134097222 0.1207825125
0 0.777313207422 0.408189088889 0.110551211111 0.105236249219
0 0.881114440625 0.417756020833 0.129685075 0.215255965625
0 0.931340832422 0.464740290278 0.172629977778 0.133937046094
0 0.977381691016 0.49471668125 0.142440984722 0.0418553273438
0 0.579995239844 0.427748152083 0.127559090278 0.0956693171875
