0 0.547779551953 0.451525334722 0.0335593166667 0.0257415195312
0 0.642250936719 0.456864322222 0.0655932083333 0.0797987140625
0 0.677431016016 0.467542284028 0.0838982902778 0.0592054945312
0 0.679147118359 0.472881264583 0.0854237125 0.0368961789063
0 0.693733978125 0.472881265278 0.0823728638889 0.031747875
0 0.785287999219 0.478220248611 0.111355908333 0.172982998438
0 0.803478682813 0.412627040972 0.0167796597222 0.058347446875
0 0.850242444141 0.4141524625 0.0106779611111 0.0163029632812
0 0.897006207031 0.410338906944 0.0183050833333 0.042902534375
0 0.894861079687 0.469067708333 0.0899999805556 0.0489088890625
0 0.993965934375 0.504152442361 0.0655932013889 0.0085805078125
0 0.976804920312 0.466779573611 0.112881336111 0.0446186328125
0 0.388267934766 0.445423646528 0.149491501389 0.0832309148437
0 0.448331482031 0.456101609028 0.128135568056 0.0454766859375
0 0.483940586719 0.446186354861 0.0594915125 0.0326059234375
0 0.755856870313 0.415677888194 0.0106779652778 0.0368961796875
0 0.841597572266 0.451525336111 0.0274576222222 0.0559020210937
0 0.0838476269531 0.450803410417 0.0412499847222 0.0369140492187
