0 0.484233257813 0.439404641667 0.0149584555556 0.0168282625
0 0.486336790625 0.454363097222 0.0186980694444 0.0147247296875
0 0.496854454297 0.44688386875 0.0261772958333 0.00841413046875
0 0.506320353125 0.439404641667 0.0149584555556 0.010517665625
0 0.505794470313 0.458102711806 0.0186980708333 0.0094659
0 0.559960440625 0.464647036111 0.0317867194444 0.0147247296875
0 0.463828994922 0.459037615278 0.0504847888889 0.0315529929688
0 0.532719696094 0.445948965972 0.0878809291667 0.0431224234375
0 0.606343347266 0.469321553472 0.0598338236111 0.0473294898437
0 0.698372909375 0.484576375 0.100376841667 0.0820377828125
0 0.0389153578125 0.402008502083 0.0373961402778 0.037863590625
0 0.00473294882812 0.389854756944 0.0430055583333 0.00946589765625
0 0.847618589844 0.505034878472 0.0205678791667 0.0599506859375
