0 0.394797177734 0.382991171528 0.0242618847222 0.0116976945313
0 0.463033727734 0.453177335417 0.0259948736111 0.0116976960938
0 0.476681036328 0.455776822917 0.0277278652778 0.0155969242187
0 0.486916519922 0.465308278472 0.0329268430556 0.0165717351562
0 0.511286714844 0.469640759028 0.0485237708333 0.0341182734375
0 0.406982276563 0.455776823611 0.0207959 0.0107228875
0 0.384074291016 0.457509816667 0.0346598361111 0.0233953882813
0 0.358241883984 0.46184229375 0.0467907736111 0.0419167382813
0 0.328510242578 0.468774261806 0.0502567597222 0.0370426945313
0 0.298778604687 0.468774259722 0.0675866722222 0.0419167375
0 0.260273694922 0.475706230556 0.0849165972222 0.0682365492187
0 0.205197052344 0.496502127778 0.098780525 0.069211359375
0 0.115027326172 0.511232559028 0.1282413875 0.167666950781
0 0.923630433594 0.473973236806 0.116110445833 0.147195984375
