0 0.420569449609 0.543821359028 0.0320674986111 0.0189873351562
0 0.480854235547 0.534538661111 0.0270042055556 0.0199367007813
0 0.354802935937 0.541289713889 0.0438818416667 0.0203656421875
0 0.199497543359 0.542953366667 0.0286919722222 0.0303797351563
0 0.241744360937 0.540421716667 0.0371307861111 0.027531634375
0 0.300605096094 0.577552503472 0.1215189375 0.114873370313
0 0.457250603125 0.546328889583 0.0489451319444 0.0313291015625
0 0.393989659375 0.545263603472 0.0484374930556 0.03867186875
0 0.528345852734 0.537227435417 0.0277278680556 0.0233953882812
1 0.676581935937 0.519897517361 0.0346598347222 0.0421874953125
