0 0.482600558203 0.429440291667 0.0152464055556 0.0171522007813
0 0.572961465625 0.419507027083 0.0240246347222 0.0232334265625
0 0.580446066797 0.42389614375 0.0180184736111 0.0101353914062
0 0.659969906641 0.417658977778 0.0221765777778 0.0179318460938
0 0.679558499609 0.420068041667 0.02079055 0.0171522007812
0 0.552866119531 0.420068040278 0.0152464 0.0194911375
0 0.519341363672 0.424226149306 0.0180184736111 0.0179318460938
0 0.538442678516 0.424919167361 0.0194045097222 0.0171522007812
0 0.495951998828 0.426998222222 0.0152464 0.0101353914062
0 0.697100535156 0.415909930556 0.0235626194444 0.0148132640625
0 0.713473090625 0.417295967361 0.0180184736111 0.0132539734375
0 0.730625291406 0.413830876389 0.0221765833333 0.021050428125
0 0.761811110938 0.413830873611 0.027720725 0.0366433375
0 0.783251363281 0.417988985417 0.0304928013889 0.0249486578125
0 0.810538953906 0.415909930556 0.0346509111111 0.0343044015625
0 0.83821636875 0.415909930556 0.0401950555556 0.0413212109375
0 0.849131405469 0.417988985417 0.0304928013889 0.035084046875
0 0.884605276562 0.420761060417 0.0332648791667 0.0358636953125
0 0.9212486125 0.424226148611 0.048511275 0.063930928125
0 0.968417165625 0.4152169125 0.0776180388889 0.060032703125
0 0.0559785367188 0.478875584722 0.0984085861111 0.110709659375
0 0.182670927344 0.462243147917 0.0291067652778 0.0226097171875
0 0.209568698047 0.462243147917 0.0291067652778 0.0296265289062
0 0.135892199219 0.471252384722 0.0360369472222 0.0272875921875
0 0.110553721094 0.474024457639 0.0332648736111 0.0280672375
0 0.334311977734 0.446303729167 0.0221765833333 0.0187114945312
0 0.317939421484 0.451154856944 0.0235626194444 0.0171522007812
0 0.301177042969 0.453233911111 0.0249486555556 0.02260971875
0 0.383819465234 0.440066565278 0.0235626194444 0.0116946820312
0 0.369785846094 0.441452601389 0.0235626194444 0.021050428125
0 0.453597736328 0.428978274306 0.0180184736111 0.0171522007812
