0 0.394077864063 0.483807874306 0.0211930875 0.0166895546875
0 0.379176476172 0.485927182639 0.0254317041667 0.0107289992187
0 0.370831698438 0.48804649375 0.0211930875 0.010729
0 0.356526364453 0.48804649375 0.0211930875 0.0178816664063
0 0.339240753516 0.490165802083 0.0211930875 0.0143053335938
0 0.494811250391 0.499702688194 0.0233123958333 0.0226501101562
0 0.513885028906 0.498643034722 0.0254317027778 0.017881665625
0 0.533554860937 0.501821996528 0.0275510125 0.0190737765625
0 0.547860195313 0.501821997222 0.0360282444444 0.023842221875
0 0.569914249219 0.503941305556 0.0402668611111 0.0274185546875
0 0.5955446375 0.508179922917 0.0656985680556 0.0453002203125
0 0.647401469922 0.522258186111 0.0762951083333 0.0631818882812
0 0.67422396875 0.537093345139 0.0635792569444 0.050068665625
0 0.749326967578 0.551928507639 0.105965431944 0.128747996094
0 0.317782754297 0.495766827083 0.0317896291667 0.0286106648437
0 0.259965367578 0.503184408333 0.0466247916667 0.0488765539063
0 0.288576033203 0.485170286111 0.0233123944444 0.0131132226562
0 0.441166251563 0.500005444444 0.0826530333333 0.056029221875
0 0.906515332031 0.594617444444 0.211930861111 0.185969328125
0 0.476929584766 0.489408903472 0.0148351597222 0.0107289992187
0 0.222130026562 0.505101870139 0.0254317041667 0.0190737765625
