0 0.0916981949219 0.511981591667 0.0356604111111 0.0315212539063
0 0.0573113714844 0.518349522222 0.043301925 0.0429835289062
0 0.123935842188 0.52089669375 0.0229245486111 0.024357334375
0 0.191276705078 0.523443865972 0.0229245486111 0.0214917632812
0 0.452759841016 0.534906140278 0.0407547527778 0.0229245492187
0 0.530130192969 0.534906142361 0.0356604097222 0.0229245484375
0 0.626126741406 0.565472207639 0.0815095069444 0.068773646875
0 0.472102428516 0.532358969444 0.0152830305556 0.0128950585937
0 0.494310584766 0.540000485417 0.0458490958333 0.0315212539063
0 0.160471842187 0.520896694444 0.0254717194444 0.0229245484375
