0 0.394989974219 0.508205558333 0.0438665277778 0.0252487484375
0 0.347935480469 0.497323936111 0.0221032833333 0.0133894890625
0 0.272954331641 0.5050884375 0.0569017805556 0.0409335898437
0 0.555185664844 0.509225706944 0.0442065722222 0.0602527078125
0 0.627010725 0.480151398611 0.0272040416667 0.0202755265625
0 0.320773941016 0.519257200694 0.0727708236111 0.0508800601563
0 0.438505819922 0.5432307625 0.117317441667 0.0965956132813
0 0.209449889063 0.520277350694 0.105415673611 0.070773021875
0 0.300115871094 0.491033008333 0.0204030333333 0.0133894890625
0 0.367637166797 0.518407088889 0.0697103638889 0.0401684726562
0 0.455529616797 0.481001525694 0.0561083402778 0.0564271382812
0 0.604152957422 0.511606051389 0.0493073305556 0.0372992945312
