0 0.117951749219 0.633476888889 0.487107502778 0.235903498437
0 0.231029459375 0.477439220139 0.272079701389 0.19496156875
0 0.328997648438 0.478305715278 0.117843436111 0.0419167375
0 0.462850748828 0.499627491667 0.229806658333 0.147804836719
0 0.365065538672 0.418517502778 0.0537227416667 0.0360678914062
0 0.383099483594 0.408119551389 0.0363928277778 0.0214457734375
0 0.373351405078 0.384724163889 0.0138639361111 0.0155969257813
0 0.388460927344 0.384724163194 0.0207959013889 0.0107228859375
0 0.977404339453 0.708793615972 0.228754906944 0.0441853007812
0 0.851007250391 0.564955302778 0.329268427778 0.296341585156
0 0.657382967188 0.387187226389 0.0562499611111 0.090966734375
