0 0.515623102344 0.6001159875 0.0228813722222 0.0117007015625
0 0.524398628125 0.6021961125 0.0228813722222 0.012870771875
0 0.503922400781 0.587635238889 0.0187211222222 0.0117007015625
0 0.492221698828 0.591795488889 0.0145608722222 0.0117007023438
0 0.487541418359 0.6042762375 0.0228813722222 0.0163809820312
0 0.468820295703 0.603236175 0.0249614972222 0.0163809820313
0 0.445418892187 0.608436486111 0.0228813722222 0.0140408421875
0 0.433718190234 0.605316299306 0.0291217458333 0.0163809820312
0 0.426112735547 0.606356361806 0.0270416208333 0.0152109117187
0 0.417337207813 0.605316299306 0.0291217458333 0.0117007015625
0 0.307935647656 0.626117546528 0.0790447402778 0.06201371875
0 0.266983191406 0.627157609722 0.0644838666667 0.038612315625
0 0.120139385937 0.65627935625 0.1019261125 0.0912654734375
0 0.194438841016 0.646918794444 0.128967733333 0.132217928906
0 0.369364331641 0.610516611806 0.122727359722 0.0819049117187
0 0.629119908203 0.6021961125 0.0686441166667 0.0468028070312
0 0.538439470703 0.608436486806 0.0187211236111 0.0175510523438
