0 0.0766878074219 0.400583268056 0.0336734861111 0.0284120023437
0 0.132650843359 0.435787368056 0.0612245166667 0.0611288539063
0 0.290208311328 0.419715934722 0.0260204222222 0.0215242445313
0 0.359085894141 0.412828172222 0.0183673527778 0.00947066953125
0 0.369848015625 0.418950626389 0.0183673527778 0.013775515625
0 0.397829534375 0.428899609722 0.0198979666667 0.0146364859375
0 0.379773773047 0.431632848611 0.0306122611111 0.0198023039062
0 0.437028261328 0.437755296528 0.116326581944 0.0619898226563
0 0.327943387891 0.444643059028 0.105612293056 0.0714604914062
0 0.190430865625 0.428523790972 0.0474490013889 0.0482143078125
1 0.173915895313 0.395918552778 0.0673469666667 0.0843750375
1 0.23504475 0.408163457639 0.0642857430556 0.025829096875
1 0.25829093125 0.415816521528 0.0642857402778 0.049936246875
