0 0.477161585547 0.598020427778 0.05531525 0.0387180960938
0 0.500652661719 0.602521201389 0.0734582833333 0.0394838296875
0 0.549777890625 0.625374893056 0.106106413889 0.0863134875
0 0.199714716797 0.572974636111 0.0375453472222 0.0174463414063
0 0.227108531641 0.568893621528 0.0277509069444 0.0238739429688
0 0.37929399375 0.581603082639 0.0522370041667 0.0394838296875
0 0.434387708594 0.593846130556 0.06366385 0.0468296578125
1 0.138870597656 0.542448643056 0.181197108333 0.105596285937
0 0.00572745351562 0.615580452083 0.0571342236111 0.0101005148438
0 0.274856417578 0.569437773611 0.0212212833333 0.0110187429687
0 0.326978162109 0.587382777778 0.0132353027778 0.0119117726562
0 0.340378906641 0.590029838889 0.0132353027778 0.0119117726563
0 0.350057221875 0.59135336875 0.0211764847222 0.0074448578125
