0 0.368814494531 0.541855761806 0.0206185597222 0.0092783515625
0 0.357216554297 0.542886690972 0.0268041319444 0.0139175289062
0 0.321262939453 0.544948547222 0.0226804166667 0.0115979398438
0 0.445360898438 0.545979473611 0.0288659833333 0.0069587640625
0 0.460438220703 0.547010403472 0.0432989763889 0.0255154695313
0 0.508569671875 0.573814529861 0.0845360958333 0.0336340265625
0 0.684858360547 0.560481180556 0.0680412472222 0.0545103179688
0 0.133376310547 0.550171900694 0.0886598069444 0.0719072289062
0 0.294030857031 0.54503875 0.0391752638889 0.0371134078125
0 0.338103030078 0.546069678472 0.0453608347222 0.0301546445312
0 0.405371082813 0.595554221528 0.144329920833 0.099742284375
0 0.550473805859 0.583183086111 0.115463936111 0.0832482210937
