0 0.882822264844 0.357421629167 0.0492187166667 0.0435058296875
0 0.364048207422 0.379687238889 0.0187499861111 0.00791015078125
0 0.361411491016 0.309374786806 0.0140624902778 0.0105468679687
0 0.35020544375 0.328124774306 0.00937499305556 0.0118652265625
0 0.35020544375 0.350390384028 0.0210937347222 0.009228509375
0 0.345591189062 0.376171615972 0.0257812319444 0.0105468671875
0 0.327134170313 0.369140371528 0.0257812319444 0.0158203015625
0 0.304722076562 0.372655994444 0.0281249833333 0.0158203015625
0 0.286924237109 0.363281 0.0328124777778 0.0197753773437
0 0.263193784766 0.351562258333 0.0562499611111 0.0171386601562
0 0.224961389453 0.349218510417 0.0749999486111 0.0645995648438
0 0.0357769488281 0.372655994444 0.173437383333 0.0711913570312
0 0.380527688672 0.360937252083 0.0187499875 0.0118652257813
0 0.385801122266 0.332812271528 0.0187499875 0.0118652257812
0 0.395688811328 0.363281 0.0234374833333 0.00791015234375
0 0.403598961719 0.369140371528 0.0351562263889 0.0105468671875
0 0.420737621875 0.371484119444 0.0398437222222 0.0210937359375
0 0.420078442578 0.337499768056 0.0281249805556 0.0118652257813
0 0.437876282031 0.359765377778 0.035156225 0.013183584375
0 0.466220989063 0.359765377778 0.0679687027778 0.0435058296875
0 0.795151426953 0.349218509722 0.112499922222 0.118652261719
0 0.656064608203 0.438280948611 0.267187316667 0.214892430469
0 0.882163085938 0.468984049306 0.178593620833 0.213574071875
0 0.846567407422 0.609843323611 0.534374633333 0.305859164844
