0 0.0404613144531 0.587416954861 0.191816701389 0.0792154414063
1 0.241914377344 0.564350389583 0.140827451389 0.0969706265625
0 0.379858507422 0.54613994375 0.109262679167 0.0723865226562
0 0.449513465625 0.530357558333 0.0776979083333 0.0478024203125
0 0.140846399609 0.56677845 0.0679856666667 0.0614602554688
0 0.935049490625 0.467228009722 0.184532522222 0.128383646875
0 0.0841663851562 0.593487103472 0.0582734263889 0.02731566875
0 0.172259419531 0.555852183333 0.0461331333333 0.017755184375
0 0.191380388672 0.550996061806 0.0558453680556 0.0232183195312
0 0.289033907031 0.527929497222 0.0291367138889 0.013657834375
0 0.305423309375 0.521859348611 0.0364208916667 0.0245841046875
0 0.324544277734 0.521859348611 0.0169964166667 0.0136578335938
0 0.423563579297 0.512147110417 0.0558453680556 0.0314130195312
