0 0.461581668359 0.370638211806 0.0234516597222 0.0166328335938
0 0.428889545313 0.366049843056 0.0183534722222 0.0143386515625
0 0.439213375391 0.365540023611 0.0214123833333 0.00975028203125
0 0.410536073828 0.365030205556 0.0203927472222 0.0120444664062
0 0.401359336328 0.368089118056 0.0265105722222 0.0131915585938
0 0.389601641797 0.364520388194 0.0275302125 0.0160592882813
0 0.377270403125 0.370128393056 0.0265105722222 0.0177799265625
0 0.336548634375 0.372677484722 0.0458836805556 0.0246624796875
0 0.298735551562 0.365030205556 0.0570996944444 0.040148221875
0 0.275793712891 0.376246215972 0.0550604180556 0.0516191460938
0 0.231917440234 0.373697124306 0.0438444069444 0.0235153882812
0 0.199512087891 0.375226578472 0.0530211430556 0.0435894992188
0 0.178290885938 0.382873861111 0.0377265833333 0.0103238296875
0 0.116634685937 0.382873860417 0.0560800569444 0.0349863078125
0 0.0703003574219 0.387972048611 0.0418051388889 0.0172063804687
0 0.547067333984 0.378285475 0.0428247722222 0.0189270195312
0 0.594671657031 0.370128377083 0.0428247708333 0.025809571875
1 0.546917138672 0.334950895833 0.0601586083333 0.0344127617188
0 0.570757177734 0.382364023611 0.0570996944444 0.0424424070313
0 0.515409983984 0.37471674375 0.0785120791667 0.0464572304687
0 0.0205580414062 0.385252990972 0.0621978819444 0.0411160828125
0 0.00822680078125 0.405135920833 0.0611782444444 0.0164536015625
0 0.778686975781 0.371938658333 0.0190737777778 0.0429159984375
0 0.752460531641 0.375117621528 0.0169544680556 0.0214579992187
0 0.912799472656 0.377236930556 0.0254317027778 0.0488765546875
0 0.955119416406 0.377236930556 0.0254317027778 0.0333791109375
