0 0.473963861328 0.455357347222 0.0275510333333 0.0146364867188
0 0.560491323828 0.472959396528 0.0229591958333 0.0172193960937
0 0.579002172656 0.484438992361 0.0489796125 0.043909459375
0 0.456313979688 0.459949185417 0.0397959375 0.0275510328125
0 0.429193432813 0.466071638194 0.0336734847222 0.0249681234375
0 0.690497759375 0.506632879167 0.0719388083333 0.059406915625
0 0.879050139062 0.577041075694 0.1316327125 0.081792128125
0 0.240210567969 0.469132863889 0.101020452778 0.1050383125
0 0.103746857031 0.453826734028 0.110204129167 0.133450315625
0 0.511416045703 0.510459414583 0.153061293056 0.0929847351562
0 0.610243081641 0.512099375694 0.0857143236111 0.0645727335938
0 0.770724492188 0.628129626389 0.306122586111 0.260012871875
1 0.571304836719 0.280188930556 0.0560377861111 0.0916981953125
1 0.665868600781 0.299292721528 0.0483962708333 0.063042509375
