0 0.349468612109 0.340532874306 0.0190629097222 0.0146221179688
0 0.359216691016 0.339666380556 0.0346598361111 0.0165717335937
0 0.368964770312 0.347464841667 0.0502567583333 0.016571734375
0 0.378712847266 0.343998857639 0.0641206902778 0.0146221179687
0 0.39138535 0.346598344444 0.0762516333333 0.036067890625
0 0.283669083594 0.341399369444 0.0346598361111 0.017546540625
0 0.266609946094 0.342265865278 0.0433247916667 0.016571734375
0 0.251013021484 0.343132361111 0.0519897527778 0.0243701976562
0 0.224205805859 0.342265867361 0.0606547097222 0.0311938539063
0 0.188137914062 0.347464840972 0.0814506097222 0.0682365484375
0 0.138910118359 0.360462278472 0.0346598347222 0.0302190445312
0 0.899873540234 0.383868605556 0.129996255556 0.199112596094
0 0.421116988672 0.356996296528 0.0970475375 0.0682365492187
0 0.298778605078 0.340532875694 0.0225288930556 0.0107228851563
0 0.314862933984 0.333600907639 0.0329268458333 0.0175465398437
0 0.334359089063 0.342265867361 0.0259948763889 0.017546540625
