0 0.501820155859 0.460312338194 0.0881249708333 0.0379687351562
0 0.55824591875 0.484687329861 0.114374959722 0.131835892188
0 0.513421713672 0.427499848611 0.0449999861111 0.0379687367187
0 0.635765420703 0.468749836111 0.074999975 0.0780468460938
0 0.7146560375 0.433124847917 0.0337499902778 0.071718725
0 0.761589616797 0.434999847222 0.0599999833333 0.0537890445312
0 0.727839628125 0.521249817361 0.164999943056 0.224648359375
0 0.262089751172 0.489374827778 0.14624995 0.0200390554688
0 0.950800448438 0.604999784028 0.149999945833 0.0959765296875
0 0.375732291016 0.545156059028 0.403124859722 0.240468664844
1 0.146074167578 0.451074055556 0.513749816667 0.292148335156
