0 0.500959279687 0.460221998611 0.0114268444444 0.0146916578125
0 0.483053823828 0.46430301875 0.0130592513889 0.0101005132813
0 0.541361340234 0.468384031944 0.0244860944444 0.0183645726562
0 0.515309879297 0.463440185417 0.0146916569444 0.0110187429687
0 0.588309052344 0.470786011806 0.0391777513889 0.0192828015625
0 0.598409566797 0.474867027778 0.0473397833333 0.0211192570312
0 0.424221606641 0.463603411806 0.0163240625 0.0146916570312
0 0.402184119531 0.466868222917 0.0195888763889 0.020201028125
0 0.332157712891 0.471928686806 0.0310157208333 0.0257104007812
0 0.292214769922 0.48335553125 0.0310157208333 0.0303015445313
0 0.229775225 0.483355533333 0.0244860972222 0.0266286296875
0 0.250894481641 0.484171734722 0.0359129416667 0.0431567429687
0 0.134061374219 0.486457100694 0.0391777513889 0.0449932
0 0.0374178148438 0.497067740278 0.0473397833333 0.0748356296875
0 0.00803450039063 0.52318624375 0.0538694125 0.0160690007813
0 0.526210566797 0.475496668056 0.0359129416667 0.0247921726562
0 0.621181638672 0.474214052083 0.0636638486111 0.0449932007812
0 0.648269381641 0.448911754861 0.0195888763889 0.0220374851562
0 0.497286372266 0.505929374306 0.0846519319444 0.0634889585937
0 0.392673905859 0.542541920139 0.128960104167 0.116615030469
