0 0.345591188672 0.5160933875 0.0281249833333 0.0131835835938
0 0.338999396094 0.524296507639 0.0351562263889 0.01845701875
0 0.326474991797 0.532499627083 0.0421874708333 0.0171386601563
0 0.307358794141 0.523124633333 0.0703124527778 0.0316406039063
0 0.283628341016 0.530155877083 0.0749999486111 0.0395507539063
0 0.267148860547 0.547733991667 0.0726562 0.0435058304687
0 0.219687955859 0.548905865972 0.0890624402778 0.0725097164063
0 0.167612796484 0.573515223611 0.110156175 0.0975585257812
0 0.0733501652344 0.605155826389 0.168749883333 0.143701072656
0 0.541367421484 0.605155827083 0.5624996125 0.346728277344
0 0.368003283203 0.531327753472 0.0492187180556 0.0395507539063
