0 0.370426982031 0.591816674306 0.0849165930556 0.0526396234375
0 0.400158620703 0.588350689583 0.0433247930556 0.0341182742187
0 0.558077491406 0.58228521875 0.0311938513889 0.028269428125
0 0.537606526953 0.581418725 0.025994875 0.0185213492187
0 0.523959217187 0.578819236806 0.0277278680556 0.0107228859375
0 0.5171355625 0.576219747917 0.0190629097222 0.0068236546875
0 0.510799312109 0.576219747917 0.0190629097222 0.00779846328125
0 0.496664598437 0.571887269444 0.0138639333333 0.0107228859375
0 0.478143248438 0.576219747917 0.0225288902778 0.0185213484375
0 0.453773051953 0.580552228472 0.0173299180556 0.0107228867187
