0 0.435694743359 0.4804607125 0.102203366667 0.0832309164062
0 0.805085563281 0.542240363194 0.2562711375 0.247118596875
0 0.486319733984 0.468257326389 0.0564406666667 0.0300317742188
0 0.503909772656 0.455291225694 0.0518643930556 0.027457621875
0 0.675519909766 0.467494614583 0.115932181944 0.0858050679688
0 0.652781566797 0.448426820139 0.114406754167 0.0729343085938
0 0.609450007422 0.459104785417 0.0442372791667 0.0240254195312
0 0.594434120703 0.457579361111 0.0289830416667 0.0128707601563
0 0.586282638281 0.453765804167 0.024406775 0.012012709375
0 0.576844080859 0.449952244444 0.0167796555556 0.00686440546875
0 0.566118448047 0.455291227083 0.0183050819444 0.0111546601562
0 0.550673535156 0.452240380556 0.024406775 0.019735165625
0 0.530938369141 0.453765804167 0.0274576222222 0.0128707601562
0 0.517638583984 0.456816650694 0.0335593152778 0.0102966085938
