0 0.880061555859 0.577855802083 0.3216482125 0.239258378906
0 0.570588443359 0.610047718056 0.481415525 0.299451914844
0 0.160812132031 0.574387309722 0.292924791667 0.285124071875
0 0.404522761328 0.459764563194 0.0636792986111 0.0515802351562
0 0.311016535938 0.495243025694 0.137547293056 0.0959965484375
0 0.459309711719 0.458309029861 0.0636793013889 0.0286556890625
0 0.691420769531 0.471044893056 0.0789623361111 0.0487146671875
0 0.0405273261719 0.476139236806 0.0840566791667 0.0810546523438
0 0.859376086328 0.447970653472 0.145488181944 0.172573225781
0 0.954265888672 0.377265836111 0.0163141944444 0.00802964453125
0 0.634227201953 0.357892727083 0.0183534708333 0.00802964296875
