0 0.439294838672 0.509225706944 0.0255037916667 0.0323738804687
0 0.447974096094 0.547481396528 0.0646096097222 0.0382556875
0 0.323260558984 0.533879374306 0.0306045541667 0.0133894882812
0 0.316565814844 0.534729500694 0.0323048069444 0.01147670625
0 0.300785344141 0.533029247917 0.0459068291667 0.0277353757813
0 0.295525187109 0.536429753472 0.0425063236111 0.0172150617188
0 0.276397342188 0.536429753472 0.0527078402778 0.028691765625
0 0.261095067187 0.540680385417 0.0612091041667 0.02677898125
0 0.247227380078 0.547481395139 0.0782116319444 0.0258225882812
0 0.220448399219 0.542380638194 0.0986146652778 0.0468632171875
0 0.510067860547 0.558745569444 0.124543516667 0.0709164742188
0 0.549351667969 0.583186704861 0.1734257875 0.118592632813
0 0.726223367969 0.600754379167 0.345151316667 0.325051635938
0 0.159239298828 0.546971313889 0.137720475 0.104246749219
0 0.380165894922 0.57672574375 0.204030345833 0.129112944531
