0 0.600512282422 0.44531219375 0.0210937347222 0.0118652257813
0 0.587987876953 0.440624696528 0.0257812319444 0.0105468679687
0 0.634130423438 0.44531219375 0.0210937347222 0.013183584375
0 0.651928262891 0.442968446528 0.0164062402778 0.0118652257813
0 0.660497592578 0.447655940972 0.0304687291667 0.0131835835938
0 0.646654828906 0.451171563889 0.0234374833333 0.01450194375
0 0.673681177734 0.449999690972 0.0304687291667 0.0210937367188
0 0.692797376172 0.447655942361 0.0398437236111 0.0276855273437
0 0.553710556641 0.449999690278 0.0117187416667 0.0105468679688
0 0.437035832031 0.449999689583 0.0164062402778 0.011865225
0 0.396825899219 0.448827816667 0.0234374833333 0.0290038859375
0 0.377050521484 0.455859061806 0.0234374847222 0.0184570179687
0 0.359252683203 0.457030934028 0.0304687291667 0.0197753773438
0 0.619809750781 0.448124683333 0.0328124777778 0.0263671703125
0 0.571030486719 0.459843427083 0.0421874708333 0.0369140375
0 0.534775628906 0.445780936111 0.0234374833333 0.011865225
0 0.718027456641 0.453984054167 0.0445312194444 0.0435058304687
0 0.334385142187 0.456327804167 0.0398437222222 0.0303222453125
0 0.424033517969 0.451640306944 0.0210937333333 0.0197753765625
0 0.959946235937 0.475077791667 0.110156175 0.079101509375
