0 0.448770869141 0.573875948611 0.0411717166667 0.0231590914063
0 0.421955079687 0.57604288125 0.0541733125 0.0353480859375
0 0.312863571094 0.589044474306 0.106179693056 0.090198565625
0 0.234244551172 0.604213004861 0.127849015278 0.137735647656
0 0.0900017609375 0.606379935417 0.288202020833 0.180003521875
0 0.599304960547 0.568458614583 0.0260031902778 0.0146267945313
0 0.616979005078 0.577126345833 0.0433386527778 0.0280346898438
0 0.626120750391 0.586877540972 0.0411717180556 0.0316913882812
0 0.654764890625 0.595545272222 0.0541733138889 0.0450992828125
0 0.543235582031 0.626965792361 0.186356195833 0.13164115
0 0.911343244141 0.642134325 0.225360980556 0.175521533594
