0 0.213275457812 0.405085225694 0.0578085958333 0.0765113765625
0 0.209449889453 0.417837120833 0.0527078361111 0.0592963164062
0 0.153022749609 0.409335856944 0.0731108694444 0.0937264335938
0 0.129591140625 0.417837120139 0.0459068236111 0.0296481578125
0 0.086075296875 0.409335857639 0.0901133958333 0.089900865625
0 0.069338434375 0.416986994444 0.0884131444444 0.0908572578125
0 0.0435158445313 0.419537374306 0.0867128930556 0.0583399234375
0 0.0296481578125 0.435689775 0.0680101111111 0.03060455
0 0.364385423828 0.423788005556 0.0510075833333 0.0382556867187
0 0.754880371484 0.523337811111 0.241435894444 0.228577732031
0 0.764444294531 0.359603461111 0.185327552778 0.142502435938
0 0.500511914453 0.549181647917 0.459068251389 0.302219932031
