0 0.145859880469 0.416484083333 0.0492187194444 0.05141598125
0 0.199912578125 0.411796584722 0.0773436972222 0.0566894140625
0 0.249351020313 0.388359100694 0.0210937347222 0.0369140359375
0 0.280991624219 0.419999704167 0.0656249555556 0.0448241875
0 0.315268945313 0.412968459722 0.0281249833333 0.01845701875
0 0.324497453906 0.422343452778 0.0656249555556 0.0158203
0 0.350864623047 0.430546572917 0.100781181944 0.0527343382813
0 0.639585128516 0.432890320139 0.0492187152778 0.0527343382813
0 0.7325294 0.432890320139 0.0492187152778 0.0566894140625
1 0.817563521094 0.434062194444 0.0515624638889 0.068554640625
0 0.227598105859 0.423515325 0.0773436972222 0.0698729976562
0 0.462265913672 0.428202823611 0.0632812055556 0.0408691132812
0 0.397007169141 0.459843427083 0.1265624125 0.0896483757812
0 0.876230471875 0.469218419444 0.103124927778 0.08305658125
0 0.938193320703 0.437577815972 0.0445312180556 0.0698729992188
0 0.0653493789063 0.43640594375 0.149999898611 0.130698757813
