0 0.383622092578 0.463989647917 0.0186528486111 0.0118037570313
0 0.399360435937 0.465155449306 0.0116580319444 0.017049871875
0 0.385589385156 0.484974103472 0.0233160625 0.0157383421875
0 0.408541135547 0.477979284028 0.0186528486111 0.0118037570313
0 0.435427470703 0.483808299306 0.0303108791667 0.0183613992188
0 0.373129864453 0.500129544444 0.0443005194444 0.0354112695312
0 0.455756161719 0.491968922917 0.0349740958333 0.0249190421875
0 0.472806033203 0.52344560625 0.0652849763889 0.0537726695313
0 0.0531169058594 0.489637317361 0.0163212430556 0.0170498710937
0 0.127218266016 0.486139906944 0.0139896388889 0.0104922273437
0 0.139022023828 0.489637316667 0.0116580305556 0.0131152851562
0 0.169842944141 0.489637317361 0.0163212430556 0.0118037570313
