0 0.433921205469 0.446952811111 0.0398437222222 0.0158203015625
0 0.421396800781 0.453984055556 0.0492187166667 0.0250488109375
0 0.393711274219 0.450468433333 0.0656249555556 0.0408691125
0 0.382505226172 0.464530922917 0.0609374569444 0.0316406039063
0 0.357456415234 0.456327804861 0.0820311958333 0.0290038867188
0 0.536753166797 0.431718445833 0.0281249805556 0.0237304523437
0 0.559165260547 0.432890320833 0.0304687305556 0.0158203007813
0 0.5670754125 0.437577815972 0.0398437208333 0.01054686875
0 0.577622279688 0.438749690278 0.0515624638889 0.0158203015625
0 0.601352732031 0.437577815278 0.0773436972222 0.0474609046875
0 0.656723787891 0.448124685417 0.135937406944 0.0843749429687
0 0.503794205859 0.483280910417 0.131249909722 0.0975585273437
0 0.278354907031 0.503202772222 0.189843619444 0.176660034375
