0 0.0627614613281 0.656981265972 0.121971206944 0.125522922656
0 0.286909539844 0.599460754167 0.117813097222 0.0888795859375
0 0.348501533203 0.593223590278 0.124743277778 0.145014060156
0 0.475973571094 0.577284171528 0.139989679167 0.127082214063
0 0.581615534766 0.566888897917 0.149691934722 0.204267117969
0 0.580446067578 0.440759583333 0.0582135305556 0.0662698679687
0 0.656071679688 0.433136382639 0.0540554208333 0.0943371046875
0 0.730527823828 0.424127146528 0.0693018208333 0.152810516406
0 0.816288827344 0.429671290972 0.0332648736111 0.0280672375
0 0.845135710547 0.42689921875 0.0360369458333 0.0311858195312
0 0.876711351953 0.421355072917 0.0360369458333 0.0428805007812
0 0.972178066406 0.4116806625 0.0455968833333 0.0462737375
0 0.989857416797 0.412444839583 0.0415810930556 0.0187114914063
1 0.157311202344 0.579319911111 0.151077969444 0.164505198437
