0 0.291755658984 0.470785998611 0.0391777555556 0.0183645710937
0 0.372100661328 0.474867013194 0.0277509097222 0.0229557164062
0 0.388169658984 0.474867013194 0.0212212819444 0.0183645710937
0 0.413420944531 0.47976423125 0.0473397847222 0.030301540625
0 0.44509983125 0.486293857639 0.0538694097222 0.0312197703125
0 0.488256575 0.486293858333 0.083252725 0.056930171875
0 0.527281289453 0.4936396875 0.104474008333 0.0615213148437
0 0.591557290625 0.509963749306 0.130592506944 0.120287945313
0 0.309661116016 0.465888779861 0.0228536902778 0.0119369710938
0 0.322975430469 0.46752118125 0.0195888736111 0.0146916578125
0 0.345472030078 0.472418403472 0.0195888763889 0.0137734289062
0 0.214579995312 0.530886803472 0.0402668625 0.034571221875
0 0.173452162891 0.538304383333 0.0508634055556 0.0476844429688
