0 0.375359491016 0.51404793125 0.0449168097222 0.0259675304687
0 0.432558240625 0.517167154167 0.0286968527778 0.0140365015625
0 0.445892918359 0.517790998611 0.037430675 0.00982555078125
0 0.463438548438 0.503442573611 0.0262014722222 0.02947665625
0 0.462034897656 0.537754025694 0.0499075652778 0.0308803078125
0 0.338747608984 0.519454599306 0.0573937041667 0.0393022085937
0 0.378283755469 0.529020200694 0.0424214291667 0.0084219015625
0 0.403988101172 0.537442102778 0.0917051527778 0.0482504789063
0 0.496073416406 0.559588585417 0.0985674430556 0.0680770390625
0 0.214056670703 0.527460590278 0.0835951722222 0.0722879914062
0 0.965477478516 0.858410138889 0.279482369444 0.0687788648437
