0 0.0864487722656 0.6026338625 0.276986994444 0.171947161719
0 0.838922304297 0.663562696528 0.667513698611 0.318628616406
0 0.174333366016 0.537629268056 0.195887197222 0.151594232031
0 0.253639608984 0.513923175694 0.140988873611 0.0715861648437
0 0.290485429297 0.50518935 0.0910813083333 0.0470222851563
0 0.310487446875 0.502070128472 0.0723659736111 0.0336876078125
0 0.330138550781 0.492712459028 0.0636321486111 0.02807300625
0 0.349087830859 0.4877217 0.0411737416667 0.0182474539062
0 0.360667944141 0.486474013194 0.0361829847222 0.0105273773438
0 0.365580721094 0.482107099306 0.0299445402778 0.009123728125
0 0.370142583984 0.481483257639 0.0237060986111 0.00842190234375
0 0.376459009375 0.477740188889 0.0187153361111 0.0056145984375
0 0.410146617969 0.480235567361 0.0187153375 0.012632853125
0 0.417866692969 0.485226326389 0.0262014777778 0.0140365
0 0.425586771094 0.488969388889 0.0386783611111 0.0154401515625
0 0.444886963281 0.495831678472 0.0673752069444 0.0371967328125
0 0.454010689453 0.497079372222 0.0598890861111 0.0245638804688
0 0.463204599609 0.505189351389 0.0636321472222 0.0252657054688
0 0.491628515625 0.515794707639 0.0873382402778 0.058251484375
0 0.542861753906 0.546986936806 0.139741184722 0.073691640625
0 0.621115257422 0.585041438194 0.2033733375 0.172648986719
0 0.383477261719 0.476492500694 0.0137245847222 0.0084219015625
0 0.398917415625 0.479611722222 0.0149722694444 0.012632853125
