0 0.389254536719 0.500669429167 0.0148818916667 0.01315453125
0 0.37071860625 0.502795415278 0.0148818944444 0.00956693125
0 0.353378542187 0.5049214 0.010629925 0.0107627984375
0 0.365337207422 0.516614314583 0.0170078791667 0.0179379960938
0 0.347997142969 0.52511825625 0.0297637875 0.021525596875
0 0.324079815625 0.533622195833 0.0297637888889 0.040659459375
0 0.401213200781 0.510236363194 0.0170078763889 0.01315453125
0 0.385666936719 0.518740300694 0.0212598513889 0.0203297296875
0 0.365935141797 0.491102497917 0.0170078791667 0.0119586664063
0 0.427522264453 0.502795415278 0.0191338638889 0.0155462632812
0 0.405996667188 0.541063145139 0.0403937125 0.017937996875
0 0.383873137891 0.559134013194 0.0595275791667 0.0430511914063
0 0.456223058984 0.511299356944 0.0191338638889 0.0179379960938
0 0.470573456641 0.507047383333 0.0191338638889 0.0155462648438
1 0.466985858594 0.486850528472 0.0255118180556 0.0203297296875
0 0.500470119141 0.509173371528 0.0148818930556 0.0155462632813
0 0.490903187891 0.517677309028 0.0233858347222 0.0155462648438
0 0.504655651563 0.529370224306 0.0255118180556 0.021525596875
0 0.474161057031 0.525118256944 0.02125985 0.025113196875
0 0.476552789453 0.548504088889 0.0510236361111 0.0298966617188
0 0.441274729297 0.541063145139 0.0403937125 0.0334842617187
0 0.448449928125 0.585708824306 0.0701574986111 0.057401590625
0 0.530366780859 0.552756057639 0.0467716680556 0.0298966617187
0 0.53036678125 0.555945036111 0.0446456805556 0.025113196875
0 0.571026241406 0.609094658333 0.155196894444 0.113607314062
0 0.443068528125 0.495354468056 0.0127559083333 0.01315453125
0 0.640984430078 0.526181247222 0.0191338638889 0.0167421304688
0 0.669087292187 0.531496209028 0.0297637875 0.03946359375
0 0.148967589844 0.643960810417 0.457086740278 0.297935179687
0 0.928156812109 0.548504088889 0.0680315138889 0.0621850570312
0 0.859708436719 0.540000149306 0.0212598513889 0.0107627984375
