0 0.0460653835938 0.496192034028 0.0625827791667 0.0623592703125
0 0.131055032422 0.471158922917 0.0768874152778 0.0975620820313
0 0.537396076953 0.447913889583 0.0697350958333 0.0472723492187
0 0.371439956641 0.447913890278 0.0554304611111 0.0432491710938
0 0.24923590625 0.458642367361 0.0375496680556 0.0462665546875
0 0.304554612109 0.449701969444 0.0554304638889 0.0523013226563
0 0.786833154297 0.446125811111 0.134105955556 0.107620030469
0 0.8748401875 0.468476803472 0.189536415278 0.160927146875
0 0.951783479297 0.470264883333 0.236026480556 0.0935389039063
0 0.682230509375 0.447913890972 0.0625827791667 0.065376653125
0 0.646524797266 0.438079453472 0.0572185402778 0.0301738398437
0 0.627414698828 0.436291373611 0.0464900638889 0.0241390726562
0 0.615848060937 0.434503296528 0.0393377458333 0.0251448671875
0 0.494146907031 0.430927136111 0.0357615888889 0.02715645625
0 0.445365866016 0.438079454167 0.0214569527778 0.0241390726563
