0 0.359924989062 0.399916658333 0.0269102777778 0.0151370328125
0 0.345418666406 0.410008013889 0.0291528027778 0.02396696875
0 0.326324502344 0.408591225 0.0397743666667 0.0293583921875
0 0.282978407031 0.418978106944 0.03363785 0.03784258125
0 0.495527572266 0.404027931944 0.03363785 0.0163984523437
0 0.526432346875 0.417856845139 0.103156073611 0.050456775
0 0.531478025 0.438039555556 0.116611213889 0.03531974375
0 0.820343061719 0.448130910417 0.208554670833 0.305263489063
0 0.388937635156 0.410008013194 0.0964285013889 0.0580252921875
0 0.044998090625 0.42429498125 0.0726768875 0.0899663046875
0 0.587611186328 0.445140882639 0.159219156944 0.109743485156
0 0.449485765234 0.466444854167 0.174916819444 0.123619099219
0 0.185218405469 0.475414947222 0.2018271 0.203088520312
0 0.931347967578 0.562873358333 0.296013080556 0.136233292969
0 0.0412063636719 0.452989714583 0.121096259722 0.0824127273438
