0 0.490266903516 0.456042339583 0.0191943013889 0.0119964367187
0 0.510660848438 0.451776939583 0.0234596986111 0.0143957265625
0 0.474671534375 0.449644240278 0.0149289 0.0119964375
0 0.466274028516 0.450710589583 0.0213269986111 0.0119964367187
0 0.456077056641 0.450710590278 0.0170616 0.0107967945312
0 0.447679550781 0.454975990278 0.021327 0.01079679375
0 0.439282044531 0.461374090278 0.0255924 0.01799465625
0 0.419487922656 0.469904890278 0.042654 0.0263921625
0 0.3972945125 0.473103939583 0.0533175013889 0.0323903796875
0 0.372701815625 0.479502040278 0.0575829 0.0407878875
0 0.328314997656 0.488032839583 0.0789098986111 0.0791764875
0 0.288726754687 0.480568390278 0.042654 0.023992875
0 0.258135837109 0.489099190972 0.0767772013889 0.0587825445312
0 0.195154540625 0.508293490278 0.085308 0.0887736375
0 0.537652833203 0.452843290278 0.042654 0.0251925195313
0 0.549049448438 0.460307740972 0.0533175013889 0.0191943
0 0.561645708203 0.460307739583 0.0874406986111 0.0251925195313
0 0.578440719531 0.463506788889 0.149289 0.05398396875
0 0.664815070703 0.495497291667 0.255924002778 0.202739794531
