0 0.462587289844 0.575791781944 0.00765595555556 0.013637175
0 0.452179972656 0.573239795833 0.012759925 0.00574196875
0 0.472635733594 0.572601800694 0.0114839347222 0.005024221875
0 0.476942209375 0.573239795139 0.0153119125 0.005024221875
0 0.421675769141 0.577067775 0.0178639 0.00933069921875
0 0.373945659766 0.584085735417 0.0191398930556 0.0172259039063
0 0.50672866875 0.583447738889 0.0331758111111 0.0186613984375
0 0.531849777734 0.587913713194 0.0701796069444 0.0416292679687
0 0.567737076562 0.601949636111 0.0829395388889 0.06603263125
0 0.267360380078 0.623003518056 0.0791115583333 0.0739278367188
0 0.405167610547 0.582171745833 0.0255198583333 0.0193791414063
0 0.433159704297 0.580257754167 0.021691875 0.0150726664062
0 0.446438004688 0.573877792361 0.0165879069444 0.0086129515625
0 0.484478541797 0.575791781944 0.0204158861111 0.0143549195312
0 0.827372718359 0.601375443056 0.128875280556 0.110532882031
0 0.853355120703 0.769168505556 0.387901833333 0.291404871094
