0 0.415868439844 0.375831203472 0.0149584541667 0.00841413125
0 0.409557840234 0.37957081875 0.0112188430556 0.0105176648437
0 0.409031957031 0.386115143056 0.01308865 0.01156943125
0 0.476239841406 0.394529275694 0.0112188430556 0.011359096875
0 0.464775578125 0.397333985417 0.0168282625 0.011569428125
0 0.465301461328 0.409487727083 0.0149584541667 0.0105176617188
0 0.466353228906 0.418836763194 0.0186980708333 0.0105176640625
0 0.475293243359 0.419771666667 0.0317867194444 0.0220870945312
0 0.474241475781 0.426315990972 0.0336565263889 0.0136729640625
0 0.474767360547 0.4291207 0.0317867166667 0.0105176679688
0 0.478974424609 0.438469736111 0.0542244027778 0.0147247304687
0 0.434274353516 0.411357538889 0.0336565277778 0.0199835632813
0 0.416394323047 0.394529275 0.0149584555556 0.00946589765625
0 0.413764907031 0.402008502778 0.0149584555556 0.0105176640625
0 0.410609606641 0.406683017361 0.0130886486111 0.0126211976562
0 0.407454307422 0.417901859722 0.0280471055556 0.00841413203125
0 0.401143710156 0.418836763194 0.0299169125 0.012621196875
0 0.399040178516 0.421641473611 0.0317867194444 0.0126211992188
0 0.392729578516 0.420706573611 0.0336565333333 0.0126211976563
0 0.382737796094 0.423511280556 0.0392659472222 0.024190628125
0 0.378530730469 0.428185797917 0.0373961402778 0.0178800296875
0 0.402721359766 0.398268888889 0.0112188416667 0.0115694304688
0 0.498432105469 0.44688386875 0.0673130541667 0.038915359375
0 0.509475651562 0.481475298611 0.110318611111 0.0525883203125
0 0.554701607812 0.486149814583 0.164543015278 0.109383709375
0 0.366645783203 0.430990508333 0.046745175 0.0231388617188
0 0.331411607813 0.415097152083 0.0186980763889 0.024190628125
0 0.348765753906 0.413227342361 0.0149584569444 0.012621196875
0 0.351921053516 0.405748113889 0.0112188416667 0.0210353289063
0 0.320368061719 0.420706570139 0.0186980708333 0.0126212
0 0.292496251562 0.409487730556 0.0224376833333 0.0262941609375
0 0.304065680078 0.423511280556 0.0280471055556 0.0305012257812
0 0.28408211875 0.427250896528 0.0205678763889 0.024190628125
0 0.239907928516 0.414162247917 0.0691828597222 0.0746754164063
0 0.319316294141 0.454363097222 0.0598338222222 0.0441741898437
0 0.276193871094 0.468386650694 0.0841413152778 0.0610024515625
0 0.0534647941406 0.477691169444 0.0904630555556 0.106929588281
0 0.0565905 0.542110086806 0.140768995833 0.112279489063
0 0.177397939453 0.461530695139 0.106579001389 0.0904519132813
0 0.0834401375 0.688332432639 0.403391384722 0.166880275
0 0.200887388281 0.496807708333 0.121537452778 0.117797840625
0 0.601750635547 0.588241273611 0.233351916667 0.177818636719
0 0.425124003906 0.420706573611 0.0336565333333 0.021035328125
0 0.44247815 0.37957081875 0.0149584569444 0.0094658984375
0 0.452469930469 0.387050045139 0.0149584541667 0.0105176625
0 0.387575930078 0.397333984722 0.0112188416667 0.0136729632813
