0 0.121380447266 0.583582839583 0.0191338652778 0.0155462648438
0 0.179379970703 0.592086778472 0.0276378041667 0.0191338632812
0 0.199709701172 0.593149771528 0.0297637902778 0.0215255960938
0 0.219441498047 0.587834809028 0.0446456819444 0.0298966617187
0 0.239173294141 0.589960794444 0.0403937138889 0.0287007945313
0 0.303152151172 0.604842686806 0.0531496208333 0.0227214632812
0 0.162039907031 0.592086778472 0.0361417430556 0.017937996875
0 0.139916376953 0.58464583125 0.0340157569444 0.0239173289063
0 0.103442449609 0.587834809028 0.0276378041667 0.0227214617188
0 0.272059623047 0.601015908333 0.0616535611111 0.0442470601562
