0 0.492099052734 0.439015869444 0.0276378027778 0.0227214632813
0 0.486119721484 0.445393825 0.0233858333333 0.0227214632813
0 0.477150722266 0.461338711111 0.0340157555556 0.0287007960938
0 0.463996190625 0.481535565972 0.0446456791667 0.0334842609375
0 0.538139912891 0.449645795139 0.0318897736111 0.0191338632813
0 0.546510977734 0.476220604167 0.0382677277778 0.0263090617188
0 0.597574493359 0.518527723611 0.104173258333 0.0777313210938
0 0.708750220703 0.562322990972 0.201968559722 0.167421305469
0 0.4193903875 0.499393858333 0.0999212888889 0.070556121875
0 0.320133450391 0.527031661806 0.176456740278 0.120782513281
0 0.221594057422 0.549992270833 0.231732347222 0.221235297656
0 0.839498263672 0.677126170139 0.3699213625 0.319296347656
