0 0.488972322656 0.609476549306 0.0291217458333 0.012870771875
0 0.476101550781 0.612596736111 0.0187211222222 0.0152109140625
0 0.445679726953 0.611556673611 0.0166409972222 0.0105306320312
0 0.434564060156 0.610516611111 0.0187211222222 0.0117007015625
0 0.382495937891 0.605316298611 0.0166409972222 0.0105306320313
0 0.394196639453 0.609476549306 0.0291217458333 0.0175510523437
0 0.37489048125 0.6042762375 0.0187211222222 0.0093605609375
0 0.343298587109 0.603236175 0.0166409972222 0.0117007023438
0 0.354414253516 0.6021961125 0.0187211222222 0.0128707710937
0 0.363774815625 0.6042762375 0.0187211222222 0.0175510546875
0 0.311706691797 0.60115605 0.0208012472222 0.0140408414063
0 0.323992428516 0.6021961125 0.0228813722222 0.0175510523437
0 0.260808640625 0.600115988194 0.0312018708333 0.0315918953125
0 0.203475201953 0.595955738194 0.0312018708333 0.0479728773437
0 0.148481904297 0.592835552778 0.02912175 0.0409524554688
0 0.0823729398438 0.579314740278 0.0520031194444 0.0655239296875
0 0.0203592214844 0.584515052083 0.0416024958333 0.0397823882813
0 0.456210357813 0.614468851389 0.0208012472222 0.0152109140625
0 0.504768269922 0.641510474306 0.0624037458333 0.0444626664062
0 0.412332727344 0.624869473611 0.0416024916667 0.032761965625
0 0.291815498828 0.613428788889 0.0478428694444 0.0444626648438
0 0.652606635547 0.624037421528 0.0353621180556 0.0198911929688
0 0.68712370625 0.636518169444 0.0353621166667 0.0140408421875
0 0.742702037891 0.64795885625 0.0332819958333 0.0269116132813
0 0.784239529297 0.656279355556 0.0457627444444 0.0421225257812
0 0.910607107422 0.665639917361 0.0728043625 0.0795647710937
0 0.965600405078 0.662519730556 0.0457627444444 0.0351021054688
