0 0.698636485937 0.423432121528 0.2382202875 0.189566629688
0 0.493808169531 0.391843145139 0.0774152402778 0.0540571921875
0 0.305251531641 0.379067724306 0.0945762513889 0.102108032031
1 0.359737750391 0.351419425694 0.0789406680556 0.0531991445312
0 0.392238910156 0.379215744444 0.0201265444444 0.0184101515625
0 0.533450105859 0.380974504861 0.0442372819444 0.0286588835937
0 0.560049679688 0.3815465375 0.0400423638889 0.0269427875
0 0.595348634766 0.3800211125 0.0522457527778 0.0409093507812
0 0.470211773437 0.384788061806 0.0457627041667 0.0137288109375
1 0.403198548437 0.349976808333 0.0536506333333 0.042811334375
0 0.429166078906 0.365572922222 0.0174676472222 0.011931028125
