0 0.454258795313 0.651177939583 0.0499260152778 0.0359467328125
0 0.542159789844 0.655172022917 0.0579141819444 0.0454950828125
0 0.516453448047 0.65193393125 0.0449334180556 0.0185350351562
0 0.506343430859 0.644445028472 0.0359467347222 0.0117950226562
0 0.494267576172 0.641948728472 0.0349482125 0.0168500304687
0 0.485000058594 0.635458347917 0.0359467319444 0.018535034375
0 0.414061429688 0.627570041667 0.0189718861111 0.013480025
0 0.367977173438 0.658565525694 0.0395955652778 0.036479140625
0 0.360941695312 0.61865469375 0.0299556097222 0.0393167390625
0 0.343278424219 0.676525615278 0.0709510944444 0.048865090625
0 0.307050857031 0.68200918125 0.0779241430556 0.0606601109375
0 0.250639618359 0.687235608333 0.0836102666667 0.0768551679687
