0 0.397924568359 0.635137971528 0.0403937125 0.0215255960937
0 0.380136054297 0.637795452778 0.0393307194444 0.0212266304688
0 0.363543408594 0.6362009625 0.0446456805556 0.028700796875
0 0.459810659766 0.631948994444 0.0233858333333 0.0107627976563
0 0.464594125391 0.637263956944 0.0297637888889 0.0131545320313
0 0.480140389063 0.650019865972 0.0552756069444 0.0370718609375
0 0.341419878125 0.660649788194 0.0892913625 0.0633809234375
0 0.117488313672 0.693521560417 0.142278995833 0.108891607031
0 0.499274253125 0.662775773611 0.0765354527778 0.034680128125
0 0.537541979688 0.664901760417 0.123307120833 0.080123053125
0 0.0451327054687 0.725300980556 0.181091402778 0.0902654109375
0 0.834656696484 0.757783699306 0.466132493056 0.328979486719
0 0.261161543359 0.680509926389 0.142830538889 0.125295417969
0 0.578506210937 0.675846792361 0.116496395833 0.108214309375
0 0.426253330859 0.662890315972 0.111843284722 0.0673408632812
