0 0.817288489453 0.4181874125 0.111053916667 0.0924024507812
0 0.493398242578 0.387821105556 0.0294986972222 0.0185451367187
0 0.457772060156 0.379145018056 0.0503213055556 0.0566114703125
0 0.592082030859 0.4417281875 0.154203677778 0.115947628906
1 0.407993009375 0.36179284375 0.0503213097222 0.0409945125
1 0.528048367578 0.355719582639 0.100642615278 0.0527072304688
1 0.344061089062 0.378277409028 0.208226095833 0.110294760938
0 0.735115730078 0.4897535375 0.327065305556 0.252108792969
0 0.460583996875 0.571754158333 0.345308275 0.314058779687
0 0.418729666797 0.404305672917 0.0381747847222 0.0956538632813
