0 0.0696987609375 0.636354555556 0.0485237694444 0.0497152
0 0.183751280078 0.622490623611 0.0519897527778 0.0438663539062
0 0.401620832031 0.646752509028 0.0797176208333 0.0253450046875
0 0.416730354687 0.625090111111 0.0606547083333 0.0263198109375
0 0.403083044141 0.596495747222 0.0207959 0.0224205804688
0 0.444512376953 0.617291647917 0.0311938513889 0.0194961570313
0 0.520059985938 0.614692160417 0.0294608597222 0.024370196875
0 0.656533083594 0.612959168056 0.0294608583333 0.0321686578125
1 0.453773051563 0.588697284722 0.0363928277778 0.0263198109375
0 0.237853114844 0.622490622917 0.0277278680556 0.01169769375
0 0.134036078125 0.637221052083 0.0537227458333 0.06141289375
0 0.253450039844 0.621624126389 0.0398588083333 0.0311938515625
0 0.336796110938 0.639820539583 0.183697120833 0.116002132813
0 0.460109303516 0.625090111806 0.0363928263889 0.0272946195312
0 0.0248576003906 0.625090111806 0.0987805291667 0.0477655851562
2 0.21981916875 0.646752508333 0.0450577833333 0.01462211875
