0 0.429118821484 0.246765426389 0.0179564694444 0.0110187429687
0 0.413508935937 0.269074986111 0.0603990361111 0.0348926859375
0 0.366220162891 0.287031454167 0.102841602778 0.0707036007813
0 0.129317188281 0.277237017361 0.0571342236111 0.0468296578125
0 0.551924945313 0.280501828472 0.0701934763889 0.0527842453125
1 0.526214544141 0.244588888194 0.0963119763889 0.0472748726563
0 0.0563041152344 0.311738602778 0.112636038889 0.111105658594
0 0.464456722656 0.2879203125 0.146916575 0.0826405734375
0 0.247295661719 0.325465658333 0.251390583333 0.213947259375
0 0.624687609766 0.298530952778 0.158343416667 0.127633772656
