0 0.418074925391 0.446456816667 0.0255118194444 0.0191338617188
0 0.47607445 0.469842650694 0.0552756069444 0.017937996875
0 0.523909108594 0.479409581944 0.0871653777778 0.0777313203125
0 0.357683660156 0.451771779167 0.0191338638889 0.0155462640625
0 0.26739574375 0.46877965625 0.0276378013889 0.0239173296875
0 0.236183628516 0.479197002778 0.0382677277778 0.0251131960938
0 0.600752066016 0.503478766667 0.141681702778 0.130007772656
0 0.322883947656 0.459212725694 0.0361417430556 0.03587599375
0 0.444742742969 0.453897763889 0.0361417416667 0.0370718609375
0 0.209874566016 0.475689109028 0.0552756069444 0.0275049289062
0 0.161441973828 0.473563122917 0.0914173486111 0.0717519882812
