0 0.582895714063 0.328593518056 0.0187499888889 0.01054686875
0 0.575644741406 0.330937265278 0.0234374833333 0.0092285078125
0 0.565757053516 0.328593515972 0.0281249791667 0.0131835851563
0 0.498520771484 0.329765391667 0.0398437222222 0.0210937351563
0 0.668589014063 0.342656008333 0.0421874722222 0.023730453125
0 0.684409315625 0.347343504167 0.0468749666667 0.0290038859375
0 0.726596786328 0.357890370833 0.0867186888889 0.0711913570313
0 0.462925092578 0.329765390972 0.100781179167 0.0553710554688
0 0.445786431641 0.352031001389 0.0843749416667 0.0421874695312
0 0.401621424219 0.344999755556 0.135937405556 0.05932613125
0 0.340317755078 0.3696091125 0.133593655556 0.0949218101563
0 0.550595930859 0.330937266667 0.0421874722222 0.0224120929688
0 0.218369596094 0.393046597222 0.189843619444 0.188525260937
0 0.873593755859 0.418827829861 0.203906106944 0.193798694531
