0 0.462777228906 0.305713443056 0.0130886472222 0.00841413125
0 0.473820776562 0.320671897917 0.0205678763889 0.0094658984375
0 0.486441972266 0.324411511806 0.0243074902778 0.0220870945312
0 0.494330221875 0.324411511806 0.0243074902778 0.012621196875
0 0.513262017578 0.343109581944 0.0355263333333 0.0273459273438
0 0.545866776563 0.358068036806 0.0542244013889 0.0441741890625
0 0.48696785625 0.363677458333 0.0579640166667 0.04207065625
0 0.403878308984 0.373026493056 0.0579640166667 0.0399671242187
0 0.955424650391 0.361807652083 0.1103186125 0.0862448476563
0 0.967664546094 0.485962838889 0.155193980556 0.0599506859375
