0 0.225977139062 0.447790779167 0.0152945611111 0.01720638125
0 0.629371209375 0.41074394375 0.0295694847222 0.035559853125
0 0.913276498438 0.386782463889 0.0265105722222 0.025236025
0 0.934210927734 0.424848938194 0.0754531680556 0.0498985054688
0 0.967763371484 0.434535493056 0.123376125 0.0562075117187
0 0.0154554972656 0.458597852778 0.0367069472222 0.0309109945313
0 0.987442398437 0.444322929167 0.152945611111 0.0246624796875
0 0.463935015625 0.455275179861 0.0377265819444 0.0309714859375
0 0.827913714453 0.505747230556 0.303851944444 0.227697777344
0 0.400335134375 0.457817193056 0.0244712972222 0.0206476578125
