0 0.912054589844 0.669635738194 0.527483423611 0.172996682813
0 0.41167174375 0.52033110625 0.271788068056 0.182048834375
0 0.718439116406 0.502450311111 0.164503305556 0.131759101563
0 0.552482997266 0.481887399306 0.101920526389 0.0854925476563
0 0.608807498438 0.464006605556 0.0697350972222 0.0533071171875
0 0.644010311719 0.456854288194 0.0518543041667 0.0392259921875
0 0.66613779375 0.442549653472 0.0125165569444 0.011063740625
0 0.914569076562 0.4264569375 0.0268211916667 0.051295528125
1 0.784821564453 0.41304634375 0.0715231763889 0.0352028132812
1 0.748612957031 0.41304634375 0.0679470180556 0.043249171875
