0 0.199874128516 0.520866286111 0.144566969444 0.222431163281
0 0.482098616016 0.550630075 0.182834697222 0.220039430469
0 0.589726598828 0.54425211875 0.0892913652778 0.0382677273438
0 0.64473645625 0.550630075 0.0765354527778 0.0813189203125
0 0.773890035938 0.563385984028 0.0637795458333 0.0550098578125
0 0.814549495703 0.56019700625 0.0361417402778 0.0263090617188
0 0.868961420703 0.621850563889 0.1679528 0.144699842969
0 0.916198146094 0.571889922222 0.0382677277778 0.0358759953125
0 0.938321676953 0.571889921528 0.0467716652778 0.0346801273437
0 0.958651406641 0.572952913889 0.031889775 0.00837106484375
0 0.973599737109 0.576141890278 0.0382677277778 0.0215255960937
0 0.989146001172 0.578649134722 0.0347782722222 0.0119586648437
