0 0.155639744141 0.493802927778 0.0995767888889 0.147834802344
0 0.280518833203 0.470133036806 0.0489721902778 0.0394838304687
0 0.313115946875 0.469316832639 0.0277509069444 0.0275468578125
0 0.346784333594 0.462787207639 0.0212212819444 0.0220374859375
0 0.376014607031 0.457889988889 0.0146916583333 0.0082640578125
0 0.720350325781 0.470677189583 0.0848851319444 0.0835588
0 0.906881927344 0.579970676389 0.395042341667 0.184563945312
0 0.526079392969 0.454858380556 0.0244860944444 0.0192828
1 0.582550452344 0.446696351389 0.08978235 0.0771312
0 0.412284634766 0.501148755556 0.117533258333 0.0890681726563
