0 0.255942813672 0.496171526389 0.0445312194444 0.0342773210938
0 0.334385142187 0.489140281944 0.0210937361111 0.02241209375
0 0.385801121875 0.492655903472 0.0234374819444 0.011865225
0 0.643540203125 0.489140281944 0.0257812333333 0.0158203015625
0 0.599375194141 0.497343400694 0.0421874708333 0.0197753773438
0 0.574985563281 0.477421539583 0.0210937347222 0.0263671703125
0 0.553232648047 0.509062143056 0.0562499611111 0.0276855273438
0 0.575644742188 0.527812129861 0.0796874458333 0.056689415625
0 0.0094097796875 0.47039029375 0.0304687263889 0.01845701875
0 0.0410503828125 0.478593413889 0.037499975 0.0711913578125
