0 0.340558889063 0.358006020139 0.0108761291667 0.0091767390625
0 0.331382150391 0.360045295833 0.00951661111111 0.0107061914063
1 0.313411042187 0.351208438889 0.0244712972222 0.02982439375
0 0.289886554297 0.356096221528 0.0149546819444 0.0114709195313
0 0.273062536719 0.352017674306 0.0149546847222 0.0175887453125
1 0.242091051953 0.344814826389 0.035896425 0.0305891226562
1 0.182059899219 0.329860147222 0.0630867583333 0.0833553578125
0 0.126817397656 0.347583060417 0.0299093625 0.0221771140625
0 0.0946988199219 0.350302093056 0.0244712972222 0.0390011289062
0 0.0350500316406 0.354165859028 0.0213226986111 0.0206476570313
0 0.012478978125 0.349662247222 0.0326283972222 0.0237065671875
0 0.348770614453 0.362408265972 0.0217522625 0.0114709210938
0 0.402301577734 0.363767781944 0.0163141972222 0.00994146484375
0 0.509363505078 0.367166573611 0.0231117805556 0.0130003773438
0 0.256438803125 0.368202397222 0.0421450083333 0.036706946875
0 0.361588909766 0.364803606944 0.0244712972222 0.0206476570313
0 0.392560394141 0.361404815972 0.0176737152778 0.0122356492188
0 0.425215880078 0.368202398611 0.0258308111111 0.0233974851563
0 0.4690332 0.365483365278 0.0149546833333 0.01376510625
1 0.480430840234 0.360135928472 0.0285498458333 0.0114709195312
0 0.451371175391 0.369652545833 0.0312688805556 0.0206476570312
0 0.493813582813 0.368293029861 0.0258308152778 0.0168240171875
0 0.544285633203 0.388006017361 0.0516616291667 0.0382364023438
