0 0.260962295703 0.421875002083 0.0266447375 0.0129893085938
0 0.246973808984 0.440526316667 0.0497368416667 0.0329728617188
0 0.275949960156 0.420986844444 0.0248684222222 0.018984375
0 0.298431456641 0.424539476389 0.0248684222222 0.0219819085937
0 0.323910486719 0.420986844444 0.0319736833333 0.03097450625
0 0.355384582031 0.424539475694 0.0319736847222 0.0239802625
0 0.394852098828 0.423651316667 0.0444078944444 0.0489597039063
0 0.539732857031 0.431644740278 0.053289475 0.04496299375
0 0.584196260937 0.428980264583 0.0692763152778 0.0439638171875
0 0.600183102734 0.44407895 0.0746052638889 0.0379687507812
0 0.617169122656 0.454736845139 0.0852631597222 0.043963815625
0 0.680616903906 0.470723686806 0.159868420833 0.128893915625
0 0.139185432422 0.484046054167 0.254013161111 0.250793586719
0 0.0159775535156 0.475164475 0.104802630556 0.0315925664063
