0 0.503701955859 0.363568088194 0.00998355972222 0.00499178203125
0 0.495590308984 0.36134951875 0.00776499305556 0.00748767109375
0 0.485294760937 0.365786659028 0.0122021319444 0.009359590625
0 0.476871130078 0.36855986875 0.0133114180556 0.00748767421875
0 0.467511539062 0.369669154167 0.0133114166667 0.0112315078125
0 0.460647839063 0.370223797222 0.0144207027778 0.0187191796875
0 0.471879347656 0.389081638194 0.0255135513889 0.012479453125
0 0.450976263281 0.397401273611 0.0488085305556 0.0305746609375
0 0.410106051953 0.392409493056 0.045480675 0.0349424710938
0 0.516805382031 0.368005226389 0.0122021333333 0.0074876734375
0 0.598233816797 0.426242678472 0.0931799208333 0.0542856242187
0 0.252552948047 0.405166267361 0.0354971125 0.0212150726562
0 0.184227936719 0.423469467361 0.127567748611 0.1179308375
0 0.321735909766 0.453301315278 0.231840519444 0.179704135156
0 0.523992216797 0.474377727778 0.207436255556 0.146009610156
0 0.0418496894531 0.761196583333 0.470984466667 0.0836993789062
