0 0.274109461328 0.460103632639 0.0139896375 0.0131152851563
0 0.260994176172 0.464766845833 0.01865285 0.0131152851562
0 0.308209203906 0.464766845833 0.0419689138889 0.028853628125
0 0.2465673625 0.472538870833 0.0373057 0.02098445625
0 0.306241910547 0.478367886111 0.0443005194444 0.0354112695312
1 0.234763605859 0.460103634028 0.0559585513889 0.0288536273437
1 0.340341652344 0.443393792361 0.0676165819444 0.038034328125
0 0.10951263125 0.511398970833 0.125906738889 0.108856867188
0 0.0786917117188 0.458937829861 0.0209844569444 0.0157383421875
0 0.9250648 0.617098470833 0.760103641667 0.146891195313
