0 0.469497184766 0.373535547222 0.0148818944444 0.0119586648438
0 0.456940586328 0.373535545139 0.0191338652778 0.0107627992188
0 0.428837725391 0.379913500694 0.0361417430556 0.0215255960938
0 0.415085260547 0.377787518056 0.0233858361111 0.00837106484375
0 0.399538996875 0.382039484028 0.0361417430556 0.0227214625
0 0.381600998047 0.387354448611 0.0340157555556 0.0203297304688
0 0.363663001953 0.391606418056 0.0425196944444 0.0251131960937
0 0.325993207812 0.391606418056 0.0637795472222 0.0502263921875
0 0.494610380078 0.396283577083 0.0816378069444 0.0478346601562
0 0.0820364414062 0.449433199306 0.1028976875 0.060750015625
0 0.200563889844 0.444209354861 0.206888706944 0.22550625
0 0.451798357422 0.384165472917 0.0276378041667 0.0239173304687
0 0.875015512891 0.401173349306 0.0574015902778 0.0585974570312
