0 0.440542827344 0.468562340278 0.0281249888889 0.028476553125
0 0.461636569922 0.469499838889 0.0224999916667 0.0137109320312
0 0.469019380078 0.467624838889 0.0224999916667 0.0137109320313
0 0.472710785547 0.461999840972 0.0224999930556 0.0147656195312
0 0.491167809375 0.443249848611 0.0112499972222 0.0094921828125
0 0.492749840234 0.438562349306 0.0131249958333 0.00843749609375
0 0.526499827344 0.447937345833 0.0168749916667 0.0105468703125
0 0.529663889844 0.457312343056 0.0168749944444 0.0105468703125
0 0.534409980859 0.462937339583 0.0206249902778 0.0116015585938
0 0.439488139453 0.483562348611 0.0356249888889 0.0158203070313
0 0.419449085156 0.47981235 0.0506249833333 0.0263671796875
0 0.404683464844 0.486374847222 0.0562499805556 0.0326953
0 0.376206912891 0.489187345139 0.0731249736111 0.0369140507813
0 0.357749887891 0.495749843056 0.0787499722222 0.0189843695313
0 0.551812319141 0.478874850694 0.0524999847222 0.0168749929688
0 0.556031068359 0.481687348611 0.0468749833333 0.0147656195312
0 0.566577940234 0.484499847917 0.0599999791667 0.0210937429687
0 0.577757629297 0.484499846528 0.0787499708333 0.0295312398437
0 0.595687309766 0.489187345833 0.0956249666667 0.0379687367188
0 0.614460728125 0.49668734375 0.118124959722 0.042187484375
0 0.648527126172 0.498562344444 0.151874947222 0.0765702929687
0 0.716343512109 0.517312335417 0.208124929167 0.137109327344
0 0.820019245313 0.563249820833 0.266249908333 0.178242125
0 0.907030932031 0.599062290278 0.449999841667 0.184570246875
0 0.0221484292969 0.551249806944 0.232499919444 0.0442968585938
0 0.0864843445313 0.543749809028 0.153749948611 0.109687460937
0 0.518062331641 0.481874829861 0.0337499875 0.0232031164063
0 0.518589674609 0.453749840972 0.0187499930556 0.00949218359375
0 0.500659993359 0.440624845833 0.0149999944444 0.00949218203125
0 0.5011873375 0.455624840278 0.0187499916667 0.0105468703125
0 0.53968341875 0.468749835417 0.0224999902778 0.01792968125
1 0.515425613672 0.415312354167 0.0281249888889 0.00949218359375
0 0.493910003125 0.426562351389 0.0131249944444 0.0094921828125
0 0.496019376953 0.416249853472 0.0149999930556 0.00949218359375
1 0.23506339375 0.44723421875 0.387281115278 0.250751865625
