0 0.404923502734 0.621299065278 0.0407854972222 0.0286773023438
0 0.47317548125 0.616200879861 0.0346676736111 0.013765103125
0 0.488947998437 0.614161604861 0.0509818708333 0.0269566625
0 0.508735336328 0.628436528472 0.0591389708333 0.0401482226562
0 0.571538627344 0.613651786111 0.0418051333333 0.016632834375
0 0.573832810156 0.616200880556 0.0407854972222 0.0177799265625
0 0.582722774219 0.62231870625 0.0509818680556 0.0263831171875
0 0.612547167969 0.628946346528 0.0825906291667 0.057354603125
0 0.365253240625 0.623848159722 0.0642371555556 0.04989850625
0 0.126371308984 0.655626848611 0.0774924416667 0.0630900632812
0 0.0652886546875 0.656646486111 0.138670686111 0.071693253125
0 0.245613923828 0.684890453472 0.2334969625 0.264404722656
0 0.444978529687 0.636967497222 0.0887084555556 0.0671048875
0 0.545004964062 0.635947860417 0.0805513541667 0.0567810578125
0 0.642507789844 0.653791514583 0.0958459152778 0.083164175
0 0.0320433011719 0.792870050694 0.411117815278 0.0640866023437
