0 0.256861867187 0.617811550694 0.258215768056 0.283669082813
0 0.557102683984 0.551957865278 0.0814506111111 0.0672617414063
0 0.618028174219 0.532894955556 0.0502567583333 0.0370426984375
0 0.666768566797 0.528562476389 0.0450577861111 0.0350930835938
0 0.831023689062 0.547625386111 0.117843438889 0.10625405625
1 0.492765366016 0.4843711875 0.154236263889 0.0711609726563
1 0.541505758203 0.480905204167 0.0467907777778 0.0185213492188
0 0.444999781641 0.513832046528 0.0363928263889 0.0263198117187
0 0.624851829687 0.506033584028 0.0173299180556 0.0194961578125
0 0.584884707422 0.497368626389 0.0207959027778 0.00974807890625
1 0.609254903516 0.487837171528 0.0398588097222 0.0214457726562
1 0.563926338672 0.491303155556 0.0329268444444 0.0243701960937
1 0.564901146484 0.467041270139 0.0155969263889 0.0126725023437
0 0.441587954297 0.482638196528 0.0155969263889 0.0155969257813
0 0.596094997656 0.483504692361 0.0207959013889 0.0087732703125
0 0.590246151172 0.475706229167 0.015596925 0.00877327109375
0 0.365653734375 0.523921769444 0.0471252388889 0.0343044015625
1 0.365653734375 0.464322202778 0.033264875 0.0343044015625
0 0.3976192 0.478182566667 0.0138603638889 0.01403361875
