0 0.209627455859 0.475164477778 0.0408552638889 0.0439638164063
0 0.545351141797 0.468947370833 0.0497368416667 0.0259786179688
0 0.572328937109 0.475164475694 0.0657236847222 0.0399671054688
0 0.687733955469 0.482269739583 0.0692763152778 0.0549547703125
0 0.732696948828 0.490263161111 0.0461842111111 0.0209827304687
0 0.624785763281 0.532894739583 0.166973684722 0.13488898125
0 0.289062078516 0.51157895 0.120789475 0.116903783594
0 0.114805504297 0.650131582639 0.426315790278 0.229611008594
0 0.442435845703 0.613717109722 0.378355266667 0.305748357031
0 0.827119235938 0.641250004167 0.387236844444 0.3457154625
