0 0.480722932422 0.292265415972 0.0632812041667 0.0355956773437
0 0.444468074219 0.309843529167 0.0843749444444 0.050097621875
0 0.741574364844 0.353644527778 0.190726925 0.18889235
0 0.620818934375 0.293349198611 0.079863625 0.0454425390625
0 0.858796555469 0.259795340972 0.0765354541667 0.057401590625
0 0.146658069922 0.321448901389 0.0977953027778 0.0825147867187
0 0.561623737109 0.334204811806 0.255118181944 0.159050241406
0 0.300767001172 0.4071090875 0.452343438889 0.271581844531
0 0.0432852882812 0.330040930556 0.152894730556 0.08357131875
0 0.881312113281 0.486985513194 0.574596318056 0.236369751563
