0 0.184587695312 0.712001159722 0.0740032694444 0.0681166453125
0 0.641852220312 0.696303497222 0.0874584111111 0.0466725171875
0 0.306935554297 0.671358496528 0.0495285402778 0.0353001007813
0 0.407228215234 0.666776936111 0.0403654194444 0.0315354851563
0 0.711230285937 0.692565954167 0.127823830556 0.109743485938
0 0.354919570703 0.665930157639 0.0267117319444 0.0202632273438
0 0.916210933984 0.716486206944 0.239949997222 0.163984519531
0 0.0906119515625 0.722092514583 0.130066354167 0.12740335625
0 0.470929894531 0.658180598611 0.0246677583333 0.0100913546875
0 0.331903848047 0.669337039583 0.0413265486111 0.0163584257812
0 0.369356033203 0.657092136111 0.0321428722222 0.0154974554688
