0 0.430865067578 0.473106740972 0.0311938513889 0.0155969242188
0 0.417217758594 0.476572724306 0.0415918013889 0.0194961578125
0 0.392665757813 0.489470651389 0.0400578361111 0.031557459375
0 0.349956016797 0.495635634722 0.0415918027778 0.0233953882812
0 0.318762165625 0.503434096528 0.0537227430556 0.0428915453125
0 0.482042479688 0.474839732639 0.0311938513889 0.0107228859375
0 0.49617719375 0.486104178472 0.0398588097222 0.0233953890625
0 0.516648158594 0.499101617361 0.0485237680556 0.0467907765625
0 0.57074999375 0.496502129167 0.0675866777778 0.051664815625
0 0.676516644922 0.530295468056 0.152503272222 0.120876172656
1 0.843696190625 0.500834608333 0.0727856527778 0.102354823437
0 0.936302935547 0.629942491667 0.223555930556 0.123800596094
0 0.0614128941406 0.571020772917 0.168100195833 0.122825788281
0 0.455705227734 0.479399588194 0.0312961152778 0.0248057273438
