2 0.390270682422 0.430927904861 0.0350515513889 0.0104381460937
2 0.374033566797 0.425773265278 0.0288659861111 0.0104381460937
2 0.380992330078 0.431958834722 0.0329896972222 0.0127577335938
2 0.407087696094 0.42268048125 0.0309278402778 0.0208762921875
1 0.343299026172 0.403436488194 0.0783505263889 0.0719072273437
0 0.436662442969 0.42680419375 0.101030945833 0.0243556734375
1 0.236597977734 0.316494899306 0.1072165125 0.141494869531
0 0.129896928516 0.413402129167 0.0907216666667 0.0649484648437
0 0.0811855800781 0.431958833333 0.0907216666667 0.0649484632812
0 0.0266752621094 0.416838552778 0.1546392 0.0533505242187
0 0.245876329297 0.466568557639 0.235051584722 0.245876328906
