0 0.440298358594 0.375192709028 0.0363928263889 0.013647309375
0 0.425188837891 0.372593223611 0.0450577833333 0.0204709648437
0 0.414953355078 0.372593220139 0.0658536847222 0.0272946195312
0 0.395944601953 0.378658690278 0.077984625 0.0399671195313
0 0.385221714844 0.389056642361 0.0641206930556 0.028269428125
0 0.364263347656 0.382991170833 0.0866495861111 0.0350930828125
0 0.337456132422 0.390789631944 0.0987805277778 0.0575136632812
0 0.294564586719 0.403787070833 0.114377452778 0.0770098203125
0 0.193671974219 0.42025049375 0.1542362625 0.163767717187
0 0.453945669531 0.370860229167 0.0207958972222 0.0116976921875
0 0.462718940234 0.371726722917 0.0259948763889 0.0136473101563
0 0.474904037109 0.3691272375 0.0173299138889 0.0146221179688
0 0.524131833203 0.375192709028 0.0363928263889 0.0136473085938
0 0.542653184375 0.3795251875 0.0554557361111 0.037042696875
0 0.502198657031 0.381258179167 0.0762516333333 0.04581596875
