0 0.0397619203125 0.462936163889 0.0443531638889 0.0436601484375
0 0.118116291797 0.468480313194 0.0304928041667 0.0288468835938
0 0.078354371875 0.462936166667 0.033264875 0.0257283015625
0 0.175420235156 0.46778729375 0.0485112736111 0.085761003125
0 0.160606970703 0.52392176875 0.0914784041667 0.157488388281
0 0.256503366016 0.503131222222 0.0498973111111 0.0467787289063
0 0.380077176172 0.502438204861 0.0485112763889 0.0506769570313
0 0.464278888672 0.517684605556 0.0263346916667 0.0194911367188
0 0.523921769141 0.519763659722 0.0526693833333 0.0467787289063
0 0.481041267187 0.523228751389 0.018018475 0.01403361875
0 0.745341088281 0.483033694444 0.0318788388889 0.0280672375
0 0.423834767578 0.499963139583 0.0221765819444 0.0187114914062
