0 0.0825786746094 0.411796584028 0.0304687263889 0.0514159804687
0 0.341636114062 0.431718445833 0.0281249805556 0.0158203015625
0 0.318564840234 0.429374697917 0.0234374847222 0.0171386601562
0 0.350864623047 0.436405943056 0.037499975 0.0210937351563
1 0.543344958984 0.45281218125 0.0703124513889 0.0395507554687
0 0.590805864844 0.478593414583 0.107812426389 0.0711913578125
0 0.635630052734 0.49968715 0.117187419444 0.108105394531
1 0.182114739453 0.387187227083 0.0328124763889 0.0369140367188
1 0.221006313281 0.434062195139 0.103124926389 0.0830565828125
0 0.296811926172 0.456327803472 0.0726561986111 0.0553710570313
0 0.380527688672 0.441093439583 0.0749999486111 0.0435058304687
0 0.478086215234 0.531327753472 0.232031093056 0.167431525781
0 0.814267624219 0.569999601389 0.253124827778 0.272900201562
