0 0.483083164844 0.462576135417 0.0411258263889 0.0231332765625
1 0.370937059766 0.445589380556 0.0393377472222 0.0321854289062
0 0.343277707031 0.458105936806 0.0214569541667 0.0170985109375
0 0.322156018359 0.455423818056 0.0303973472222 0.0191100992188
0 0.296005357813 0.452741700694 0.0464900625 0.0291680453125
0 0.155194105859 0.468834414583 0.0572185402778 0.0352028132813
0 0.218559168359 0.456317859722 0.118013244444 0.127735922656
0 0.441342686328 0.472410572917 0.0679470180556 0.0523013226563
0 0.516777285937 0.466152297222 0.0733112555556 0.0502897328125
0 0.741069496484 0.519794677778 0.27357615 0.253460255469
