0 0.543966346484 0.587510420833 0.0375434555556 0.0246378929687
0 0.511409130078 0.588292575 0.0265932805556 0.0228780445313
0 0.4858913125 0.588292575 0.0297219027778 0.0211181953125
0 0.465213080469 0.582817488194 0.0156431069444 0.009679171875
0 0.474452290234 0.58907473125 0.0281575930556 0.0123189460937
0 0.455093944531 0.589856886806 0.0359791458333 0.0193583453125
0 0.439695261719 0.582035332639 0.0391077652778 0.01847841875
0 0.432215900781 0.586728265972 0.0391077652778 0.0263977421875
0 0.642077957812 0.595331974306 0.0531865625 0.057195109375
0 0.692233668359 0.579688867361 0.0312862152778 0.0307973664062
0 0.713351862891 0.582817489583 0.0250289708333 0.0167185695312
0 0.735789944141 0.583599645833 0.032850525 0.0299174414063
0 0.805304000781 0.603935683333 0.114194680556 0.128469015625
0 0.355599580469 0.585946109722 0.02190035 0.034317065625
0 0.0793032054687 0.621925257639 0.109501748611 0.102951198438
0 0.0231530140625 0.634439740278 0.103244505556 0.046306028125
