0 0.0296630652344 0.371484120139 0.0398437236111 0.0276855242188
0 0.334863052344 0.369140375694 0.0539062125 0.0237304515625
0 0.453383489063 0.362109127083 0.0351562291667 0.0145019421875
0 0.440199904297 0.367968495833 0.0421874694444 0.0145019414063
0 0.430312217578 0.373827870139 0.0539062180556 0.0184570179687
0 0.531166619531 0.371484118056 0.0304687305556 0.019775375
0 0.634657757813 0.373827867361 0.0304687291667 0.0184570171875
0 0.304672638281 0.405468471528 0.117187420833 0.075146428125
0 0.401703822656 0.376171620139 0.0867186958333 0.0487792625
0 0.490033841797 0.385546613194 0.105468681944 0.0619628476563
0 0.899252360156 0.382030986806 0.0421874708333 0.0224120984375
0 0.968899307031 0.470591200694 0.110156176389 0.05932613125
