0 0.377554823828 0.554006544444 0.0208012472222 0.0187211226562
0 0.370534401172 0.559206856944 0.0228813722222 0.0117007007813
0 0.360003769922 0.56232704375 0.0332819958333 0.0187211226562
0 0.340112576953 0.560246919444 0.0457627444444 0.0257415429688
0 0.331922085937 0.56752735625 0.0478428708333 0.028081684375
0 0.306180542578 0.573767730556 0.0728043666667 0.0421225273437
0 0.279853963672 0.580008104167 0.0852851138889 0.0339320351562
0 0.227785841016 0.583128290972 0.116486984722 0.0959457539063
0 0.439568541406 0.559206856944 0.0228813722222 0.0117007015625
0 0.496901980859 0.565447233333 0.110246611111 0.0678640695312
0 0.465310084766 0.564407169444 0.0582434944444 0.0187211226562
0 0.406221541016 0.552966482639 0.0187211236111 0.0152109117188
0 0.555405487891 0.597689164583 0.162249729167 0.119347157031
0 0.0758656402344 0.627850973611 0.251695094444 0.151731280469
0 0.840317573828 0.719376461806 0.538752306944 0.317089016406
