0 0.386519692578 0.502345459028 0.0225578263889 0.0117127179687
0 0.346501239453 0.504080675694 0.0260282597222 0.0117127179687
0 0.326003982422 0.513624372917 0.0277634819444 0.00976059765625
0 0.313315205078 0.509286329167 0.0260282611111 0.0117127179687
0 0.305018695703 0.515359590278 0.0312339166667 0.0126887773438
0 0.291841888672 0.513624373611 0.03470435 0.0214733164063
0 0.249871315625 0.500610242361 0.0225578291667 0.0331860328125
0 0.366022435156 0.509286329167 0.0433804388889 0.0312339140625
0 0.417753606641 0.542255460417 0.0884960875 0.0624678289063
0 0.551961832422 0.557004809028 0.114524354167 0.0985820429688
0 0.420193757422 0.487596109028 0.0173521736111 0.0224493757812
1 0.455331910937 0.502345459028 0.0399100013889 0.0302578546875
0 0.486565825391 0.524035678472 0.0555269597222 0.0400184523437
0 0.526584277734 0.507551111111 0.0364395666667 0.0263536148437
0 0.0976059824219 0.697557426389 0.399100019444 0.191307727344
0 0.903343371875 0.540520244444 0.0884960916667 0.122007478125
