0 0.496603038281 0.457472104167 0.0152830305556 0.0114622734375
0 0.449464442969 0.458745690278 0.0229245472222 0.0214917640625
0 0.483851266406 0.4612928625 0.0178302027778 0.0128950578125
0 0.5199574375 0.440915486111 0.0178302055556 0.0128950578125
0 0.538583633984 0.435821142361 0.0229245486111 0.0186261960938
0 0.385418978125 0.459764565278 0.0305660638889 0.060176940625
0 0.258617567969 0.4393871875 0.0560377861111 0.032954040625
0 0.219932390625 0.435566429167 0.0687736472222 0.038685175
0 0.188411135938 0.440660773611 0.0636793027778 0.0243573328125
0 0.305899448828 0.443207945833 0.0585849583333 0.0415507445313
0 0.343151840625 0.449575874306 0.0407547541667 0.0214917640625
