1 0.332056087109 0.549782032639 0.0388489513889 0.0150236179688
0 0.320446926953 0.555852180556 0.0121402972222 0.0109262679687
0 0.293131257812 0.554638151389 0.00971223888889 0.013657834375
0 0.280839205469 0.558280240972 0.0169964180556 0.0109262671875
0 0.250791971094 0.560688944444 0.021813825 0.0163894015625
0 0.222793408594 0.557066211806 0.0194244763889 0.017755184375
0 0.192063280859 0.557066213194 0.0097122375 0.0191209695312
0 0.322495602344 0.569206509722 0.0242805972222 0.017755184375
0 0.338885003906 0.587416953472 0.0315647736111 0.0232183203125
0 0.418783336328 0.566778449306 0.0194244763889 0.0136578335938
0 0.0127188488281 0.587416954861 0.0364208930556 0.0254376976563
