0 0.857864260547 0.71626455 0.55771705 0.282133710156
0 0.541341117969 0.539092690972 0.0586413902778 0.047724109375
0 0.584269435547 0.540561328472 0.0349352958333 0.0336876070312
0 0.7307754375 0.536818259722 0.0349352972222 0.0263184421875
0 0.721125341406 0.509369098611 0.019963025 0.018247453125
0 0.754286578125 0.5106167875 0.0224584027778 0.0284239171875
0 0.634449933594 0.529955967361 0.0286968541667 0.0378985578125
0 0.675857619141 0.519974453472 0.0212107152778 0.0266693539063
0 0.697614198437 0.513736007639 0.0212107152778 0.018247453125
0 0.734986388672 0.507497563889 0.0212107166667 0.00772007578125
