0 0.172468188281 0.538474473611 0.04881355 0.066927953125
0 0.0218802925781 0.519406681944 0.0289830472222 0.0437605851562
0 0.141578363281 0.539999897222 0.0518643972222 0.0686440546875
0 0.117552943359 0.543813455556 0.0564406666667 0.0823728648437
0 0.06993113125 0.545338879167 0.0625423611111 0.114120742188
0 0.0255806296875 0.550350994444 0.0512106638889 0.051161259375
0 0.420530645313 0.490423636806 0.0106779625 0.0077224546875
0 0.427824075781 0.491949060417 0.0137288097222 0.0102966078125
0 0.447988267578 0.5140677 0.0122033888889 0.00943855703125
0 0.473129142578 0.5018643125 0.0305084694444 0.0308898257812
0 0.478363257031 0.501864309722 0.0274576222222 0.0379258515625
0 0.435975557422 0.514067699306 0.00915254027778 0.0214512664063
0 0.428253101953 0.520932103472 0.0106779625 0.0145868617187
0 0.427824075781 0.523220239583 0.0122033875 0.013728809375
0 0.423962848047 0.515593121528 0.00915254027778 0.00943855703125
0 0.40336963125 0.540762608333 0.0655932055556 0.0403283828125
0 0.381060314063 0.527033798611 0.0381355861111 0.02316736875
0 0.488338083203 0.68273596875 0.317288073611 0.266853763281
0 0.486943763672 0.522457527083 0.0228813513889 0.0729343101562
0 0.372393996094 0.512542276389 0.0183050833333 0.0171610140625
0 0.447387621484 0.478982959722 0.0122033888889 0.00858050703125
0 0.439665164453 0.501101600694 0.0137288097222 0.0120127085938
0 0.422933177344 0.501101600694 0.0137288097222 0.0094385578125
0 0.440094191406 0.491949060417 0.0137288097222 0.011154659375
0 0.438378089844 0.473643977778 0.0106779638889 0.00772245625
0 0.463690584766 0.474406688889 0.00915254166667 0.00686440546875
