0 0.463632223828 0.384183847222 0.0153061305556 0.00430484765625
0 0.455022525391 0.381887927083 0.0229591958333 0.0111926070312
0 0.445121373438 0.383418539583 0.0260204208333 0.0137755171875
0 0.436511676563 0.386479764583 0.0352040958333 0.01549745625
0 0.386144943359 0.382653231944 0.0367347111111 0.0284120023438
1 0.400781428516 0.3566328125 0.0397959388889 0.0318558804688
1 0.326307544922 0.399489975 0.137755163889 0.110204130469
0 0.416278886328 0.391071604861 0.0474490013889 0.0352997617187
0 0.489891802344 0.392602217361 0.0872449375 0.0533801265625
0 0.214811958984 0.391836909722 0.0551020666667 0.0473533382813
0 0.0830835832031 0.392602217361 0.0505102263889 0.0335778210938
0 0.0555325503906 0.395663442361 0.0443877763889 0.0198023054687
0 0.0421875203125 0.397194054861 0.0505102263889 0.03616073125
0 0.0301339429688 0.397194054861 0.0505102263889 0.0568240046875
0 0.0571929917969 0.515269926389 0.295408297222 0.113648010156
0 0.967607035156 0.651275804167 0.322959327778 0.0619898234375
0 0.991283703906 0.368987045139 0.0260204208333 0.0129145484375
0 0.965885095703 0.370517659028 0.0229591986111 0.0292729742188
0 0.897437997266 0.370189677778 0.0306122583333 0.0439094585938
0 0.848793205469 0.371720290278 0.0244898083333 0.0482143078125
0 0.8044532625 0.376312127778 0.0275510333333 0.050797215625
0 0.767862047266 0.375546820139 0.0260204180556 0.0344387898437
0 0.729118407813 0.374781515278 0.0275510333333 0.04132655
0 0.704580769141 0.377842743056 0.0183673583333 0.0249681242188
