0 0.0924663628906 0.503202771528 0.0351562236111 0.0105468679687
0 0.0812603164063 0.50906214375 0.0421874736111 0.0171386609375
0 0.0713726277344 0.516093389583 0.0468749680556 0.0210937351563
0 0.0555523261719 0.517265263194 0.0539062152778 0.0210937351562
0 0.364707387109 0.496171527083 0.0351562263889 0.0355956789063
0 0.176182126563 0.456327804861 0.0210937375 0.0171386609375
0 0.116196815625 0.47156216875 0.0187499875 0.0290038859375
0 0.212436983984 0.50789026875 0.0867186902778 0.0659179242188
0 0.221006313672 0.448124683333 0.0187499861111 0.0224120945313
0 0.246055124609 0.457499678472 0.0234374847222 0.0145019429688
0 0.472153603125 0.504374645833 0.0609374583333 0.06328120625
0 0.2983967625 0.533202859722 0.174843847222 0.121821935938
0 0.117515173828 0.506718395139 0.0656249569444 0.0474609054687
1 0.429966131641 0.48914028125 0.0773436958333 0.0632812070313
0 0.0271169832031 0.519609011111 0.0773436972222 0.0542339664063
1 0.932919887109 0.4785934125 0.168749883333 0.133154205469
