0 0.712836866797 0.246230349306 0.0288910263889 0.0265928789063
0 0.752726183203 0.248856811111 0.0446497694444 0.0472762273438
0 0.777102988672 0.254109722917 0.0499026847222 0.0398893195313
0 0.795570264453 0.25542295 0.0472762277778 0.0443214632812
0 0.836198273828 0.259362639583 0.0656614263889 0.0960298382813
0 0.913391489844 0.248856809028 0.0393968569444 0.069436959375
0 0.968054624609 0.250170038194 0.0420233152778 0.0635274304688
0 0.972486771484 0.277747836111 0.0761672555556 0.0546631367188
0 0.406649426172 0.242290663889 0.0682878805556 0.0487536101562
0 0.470176855078 0.234411297917 0.0157587430556 0.0162512023437
