0 0.235606074219 0.436973686111 0.0284210527778 0.0359703953125
0 0.160168162891 0.459177634028 0.0621710541667 0.0729399679688
0 0.074738475 0.457401318056 0.0586184222222 0.0739391453125
0 0.395474496484 0.397006580556 0.0230921055556 0.0139884867187
0 0.415458048828 0.405888159722 0.03375 0.0299753289063
0 0.431944480469 0.420986844444 0.0603947361111 0.026977796875
0 0.375990532422 0.508914476389 0.278881580556 0.156870889844
0 0.482402951563 0.428092106944 0.131447366667 0.0679440796875
0 0.532861421875 0.387236843056 0.0426315805556 0.03097450625
1 0.203365159375 0.420054295139 0.0534173097222 0.080581225
