0 0.510879513281 0.481381581944 0.0319736861111 0.0229810859375
0 0.527865533203 0.489375002778 0.03375 0.0229810851563
0 0.559839217578 0.498256581944 0.0515131583333 0.0309745070312
0 0.606800567187 0.51157895 0.0781578944444 0.04696135
0 0.651763560937 0.517796054861 0.104802631944 0.0809333875
0 0.684236833594 0.542664475694 0.115460526389 0.095921053125
0 0.469913230859 0.487598686806 0.0444078958333 0.0129893101562
0 0.425949414453 0.479605265972 0.0248684208333 0.0129893101562
0 0.456923921094 0.480493424306 0.0159868430556 0.0089925984375
0 0.322034940625 0.476052634028 0.0213157902778 0.0149876640625
0 0.289561666406 0.484934213889 0.0248684222222 0.029975328125
0 0.260085925781 0.482269740278 0.0230921055556 0.0169860203125
0 0.24759620625 0.48404605625 0.0230921069444 0.0159868421875
0 0.222616764844 0.478717107639 0.0266447375 0.0199835515625
0 0.44193625625 0.485822371528 0.0444078930556 0.0289761515625
0 0.482902539844 0.49115131875 0.0479605263889 0.0289761515625
0 0.778659119922 0.571085529167 0.175855263889 0.170859375781
0 0.128694067578 0.561315793056 0.298421052778 0.255789475781
0 0.338745726562 0.475706228472 0.0259948763889 0.0146221171875
0 0.414780738281 0.478305716667 0.0207959 0.0087732703125
