0 0.355757242578 0.446826118056 0.0203125 0.00791015390625
0 0.368940833984 0.446044865972 0.0218749958333 0.00791015546875
0 0.343892010156 0.453076115972 0.0234374958333 0.0158203109375
0 0.382563879297 0.459326115278 0.0453124944444 0.0228515601563
0 0.332905682812 0.460107365278 0.0468749944444 0.0131835921875
0 0.306099045312 0.471044863194 0.0843749902778 0.0597656171875
0 0.412446689063 0.466357363194 0.0656249902778 0.0404296828125
0 0.249849053125 0.466357363194 0.0624999902778 0.04921874375
0 0.177339297266 0.438232366667 0.0156249972222 0.0114257789063
0 0.142622503906 0.433544866667 0.00937499722222 0.0105468734375
0 0.122407662891 0.434326116667 0.0109374972222 0.0105468742188
0 0.107466257812 0.439794866667 0.0124999972222 0.0158203109375
0 0.0846146984375 0.442138615972 0.0171874958333 0.0175781234375
0 0.0547318890625 0.437451117361 0.0296874958333 0.0333984328125
0 0.193599058984 0.42807611875 0.0109374986111 0.00878906015625
0 0.059885471875 0.566357351389 0.328124958333 0.11977094375
1 0.209583686719 0.421983485417 0.0155969263889 0.009748078125
