0 0.130434680859 0.510893024306 0.246714484722 0.208165346094
0 0.0427245632813 0.502576807639 0.105338768056 0.054575184375
0 0.223855699219 0.48491475 0.0443531666667 0.035084046875
0 0.274142833203 0.49045889375 0.0776180402778 0.0701680929687
0 0.409021503125 0.516100569444 0.148305894444 0.10915036875
0 0.5715775875 0.483528713889 0.133059497222 0.0927778125
0 0.522459921875 0.481449659722 0.0762320055556 0.031965465625
0 0.509595771094 0.476598532639 0.0609856041667 0.026507946875
0 0.493223216406 0.475212494444 0.0443531638889 0.0187114921875
0 0.48191835625 0.473133440972 0.0346509125 0.0132539734375
0 0.474511724219 0.471054386111 0.0360369472222 0.01403361875
0 0.370429051563 0.455114966667 0.0207905472222 0.0148132640625
0 0.36302241875 0.456501003472 0.0180184736111 0.0093557453125
0 0.352887028125 0.457887039583 0.0207905458333 0.0109150375
0 0.344700750391 0.460659110417 0.0180184736111 0.00701681015625
