0 0.0443537570313 0.630808988194 0.225288923611 0.0887075140625
0 0.118926557031 0.624743518056 0.171566183333 0.093581553125
0 0.196423780859 0.609146591667 0.102246511111 0.0321686585937
0 0.228105035938 0.603947616667 0.0918485611111 0.0487403921875
0 0.266609945703 0.598748641667 0.0710526611111 0.0341182742188
0 0.290005334375 0.592683170139 0.0658536847222 0.03801750625
0 0.326560628125 0.583151715972 0.0537227430556 0.0428915453125
0 0.351905632422 0.584884706944 0.0710526583333 0.0253450039062
0 0.537119123438 0.609146591667 0.105712494444 0.0448411609375
0 0.435739107031 0.685398227778 0.324069452778 0.228105035938
0 0.832485900391 0.755584393056 0.4817717 0.329485052344
