0 0.148739605469 0.556722020139 0.0312688819444 0.0802964453125
0 0.571251854297 0.570770372222 0.0203927472222 0.0168240179687
0 0.667097799609 0.578927470139 0.0421450125 0.0183534726562
0 0.748923701953 0.563746216667 0.0190332277778 0.0107061929688
0 0.711069663672 0.560800590278 0.1382175 0.0711197085938
0 0.900339855469 0.59773413125 0.146827784722 0.133062679688
0 0.464699760937 0.55921448125 0.0108761347222 0.0229418421875
0 0.510201079687 0.559214481944 0.0081571 0.011470921875
1 0.442395177344 0.548791536806 0.0326283958333 0.0221771125
1 0.491465242187 0.55354984375 0.0203927458333 0.019882928125
0 0.378412937891 0.584818722917 0.175377631944 0.146063058594
0 0.543211833203 0.5705438 0.0435045305556 0.0305891226563
0 0.620704284375 0.617900263194 0.153625368056 0.105532471875
0 0.790091547266 0.626737122917 0.144108751389 0.136886321094
1 0.670411605469 0.507552852778 0.0870090583333 0.06423715625
