0 0.489840942578 0.457509815278 0.0138639333333 0.0165717335937
0 0.235416094531 0.665468822222 0.00693196666667 0.0146221171875
0 0.511774119531 0.473106740972 0.0450577847222 0.0272946203125
0 0.585372111328 0.473106740972 0.0415918013889 0.0263198117188
0 0.594145382422 0.481771698611 0.0415918 0.0224205804688
0 0.609742307031 0.486104179861 0.0467907791667 0.0282694265625
0 0.624364425391 0.488703666667 0.0519897527778 0.0341182742187
0 0.6414235625 0.4947691375 0.0571887277778 0.0428915453125
0 0.677491452344 0.5025676 0.0727856527778 0.0682365484375
0 0.732568096094 0.516431535417 0.0901155708333 0.0887075140625
0 0.389435734375 0.470507252778 0.036392825 0.032168659375
0 0.343619765234 0.474839731944 0.0554557333333 0.0536144304687
0 0.262223310547 0.480905204861 0.0745186458333 0.0818838585938
0 0.540043546484 0.487837170833 0.0675866777778 0.0545892398438
0 0.837359939453 0.530295467361 0.1386393375 0.181314258594
0 0.461571515234 0.461842295139 0.0190629097222 0.0146221179688
0 0.962622748047 0.5892171875 0.204493025 0.0731105882812
