0 0.521400800781 0.425241861806 0.0277509097222 0.0101005140625
0 0.530123972266 0.429322875694 0.0293833125 0.0146916585938
0 0.420854770312 0.429322876389 0.0359129388889 0.0202010296875
0 0.462634170703 0.422793252083 0.0228536902778 0.0156098867187
0 0.130235416406 0.45299276875 0.0571342236111 0.0798858875
0 0.0549406726563 0.469316832639 0.0571342236111 0.074376515625
0 0.219303589062 0.448095549306 0.0310157208333 0.0523390296875
0 0.390094106641 0.437484908333 0.0620314416667 0.0523390289063
0 0.481916965234 0.431771485417 0.0277509097222 0.0211192570312
0 0.438301107422 0.433403891667 0.0375453444444 0.0275468585937
0 0.543438287109 0.426058063889 0.0293833138889 0.0266286289063
0 0.608173402734 0.458706191667 0.0946795694444 0.0863134882813
0 0.0166895550781 0.476844434028 0.0762951097222 0.0298027773437
