0 0.521457642969 0.548103901389 0.0255924 0.0119964375
0 0.531054792969 0.550236601389 0.0341232 0.0119964375
0 0.546050339844 0.551302952083 0.0362559013889 0.02519251875
0 0.575139748047 0.554502001389 0.0511848 0.0233891507812
0 0.642621661328 0.542772151389 0.0405213 0.0455864632812
0 0.682209904687 0.533175001389 0.0511848 0.0503850375
0 0.720598504687 0.537440401389 0.0597156 0.0551836125
0 0.816570006641 0.528909601389 0.0682464 0.0791764867188
0 0.884349876953 0.5267769 0.0895734 0.0731782695312
0 0.949130639844 0.522511501389 0.106635 0.09477185625
0 0.433883646875 0.567298200694 0.0255924013889 0.0191943
0 0.420087744531 0.547037552083 0.0149289013889 0.01559536875
0 0.408091307031 0.558767402083 0.0255924013889 0.02279323125
0 0.409890773438 0.582227100694 0.0469193986111 0.033590025
0 0.128544728125 0.625610013194 0.187163106944 0.190802523438
0 0.354707159766 0.597156001389 0.0981042 0.0719786257812
0 0.460875632031 0.58329345 0.0575829 0.03478966875
0 0.596582401562 0.54849188125 0.0467907763889 0.0350930828125
