0 0.131111655078 0.54329290625 0.0363928263889 0.0185213492187
0 0.167666949609 0.515565038889 0.015596925 0.0116976945313
0 0.306577067578 0.54069341875 0.0207959013889 0.0126725023437
0 0.292929757422 0.55888983125 0.0259948763889 0.0204709648437
0 0.585372111328 0.648138905556 0.159435238889 0.154994447656
0 0.526396237109 0.594416161806 0.0415918013889 0.0272946210937
0 0.268072157812 0.518164526389 0.01039795 0.0077984625
0 0.335821302734 0.536360938889 0.0190629083333 0.0185213492187
0 0.344594573047 0.562355815278 0.0225288916667 0.0165717320312
0 0.359704094922 0.562355814583 0.0329268430556 0.0155969257813
0 0.380175059766 0.572753764583 0.0259948736111 0.0233953882813
0 0.386998714844 0.539826922917 0.0190629097222 0.01169769375
0 0.196911184766 0.4947691375 0.0121309416667 0.0155969257813
0 0.0594632785156 0.485237683333 0.0207959 0.00974807890625
