0 0.239089633203 0.604808978472 0.2263872125 0.230340667969
0 0.498456970313 0.553760888889 0.108754630556 0.0823982875
0 0.399862853906 0.527127096528 0.0421701541667 0.024900903125
0 0.0399555617187 0.616461261111 0.189765755556 0.0799111234375
0 0.448040688672 0.522521681944 0.0316276277778 0.0252812929687
0 0.560776535156 0.535006270139 0.0699136986111 0.05524430625
0 0.587930516406 0.554981611806 0.0865598152778 0.060862371875
0 0.630066004297 0.569130813889 0.108199769444 0.0608623710938
0 0.698419129297 0.58827385 0.159802738889 0.133897216406
0 0.862653878125 0.6450371 0.281319405556 0.27247615625
0 0.424866169922 0.521855821528 0.0332922375 0.0205995710937
