0 0.321568144531 0.49078546875 0.0421450125 0.02676548125
0 0.288684839453 0.491465228472 0.0761329263889 0.0481778679688
0 0.188505464453 0.489425952778 0.0530211444444 0.0336480335937
0 0.154475065625 0.49486401875 0.0584592125 0.0466484109375
0 0.093296821875 0.495543776389 0.0870090583333 0.0810611734375
0 0.032118578125 0.507779424306 0.0652567930556 0.029059665625
0 0.0114709207031 0.505740149306 0.0883685736111 0.0229418414062
0 0.528427082812 0.525453139583 0.127794554167 0.0810611734375
0 0.56245748125 0.478549820833 0.0448640472222 0.02982439375
0 0.347951262109 0.504380635417 0.120996970833 0.0351774898438
0 0.235536239453 0.51389725 0.110120838889 0.0932968226562
0 0.422512247656 0.53496975625 0.258308140278 0.16135761875
