0 0.392476963672 0.608388161111 0.0621710527778 0.0439638164062
0 0.378988065625 0.633256581944 0.0621710527778 0.036969571875
0 0.346015203516 0.638585529861 0.0799342097222 0.0649465460938
0 0.278570713281 0.667006582639 0.129671054167 0.095921053125
0 0.139685021484 0.676776319444 0.230921052778 0.237804277344
0 0.050358546875 0.758486845833 0.223815788889 0.10071709375
0 0.532861422266 0.596842108333 0.0213157888889 0.0149876632813
0 0.547849086328 0.607500003472 0.0426315791667 0.0249794414062
0 0.575475255469 0.618937875694 0.0584020597222 0.0402646765625
0 0.675743823828 0.666118424306 0.1278947375 0.0789350335937
0 0.810133216016 0.678552635417 0.259342106944 0.253791119531
0 0.953015617578 0.818881582639 0.358815790278 0.0939226992187
0 0.460920632031 0.652796055556 0.179407894444 0.112907073437
