0 0.592250522266 0.580354802778 0.0166409972222 0.0105306320313
0 0.582304926953 0.584515052083 0.0208012486111 0.00936056171875
0 0.566508978906 0.586595177083 0.0291217458333 0.012870771875
0 0.557733453516 0.579314738889 0.0270416194444 0.0187211226563
0 0.543692607812 0.575154497917 0.0228813875 0.0163809765625
0 0.521461276953 0.577234615278 0.0145608722222 0.0187211226562
0 0.510345610156 0.598035861806 0.0187211208333 0.0222313328125
0 0.491039452734 0.584515052083 0.0208012486111 0.0163809820313
0 0.470563220703 0.587635239583 0.0187211236111 0.0198911851563
0 0.48109385625 0.60115605 0.0208012472222 0.0152109109375
0 0.492794557812 0.599075923611 0.0124807472222 0.0152109109375
0 0.469978189844 0.627157611111 0.035362125 0.023401403125
0 0.450086996875 0.627157609028 0.0520031180556 0.023401403125
0 0.432535944922 0.628197672222 0.0665639916667 0.0257415445312
0 0.262290735937 0.604276241667 0.0312018805556 0.0175510546875
0 0.286862207812 0.615495489583 0.0578006291667 0.0479728765625
0 0.316113958594 0.633397984028 0.0561633680556 0.0152109078125
0 0.105614046484 0.5938756125 0.0270416194444 0.0520985507813
0 0.0567484019531 0.595955738194 0.0270416208333 0.0573334351563
0 0.0263265789062 0.600115986111 0.0145608722222 0.0526531578125
0 0.202422143359 0.647958856944 0.164329855556 0.142748569531
0 0.367402032812 0.660786303472 0.183050976389 0.109986596875
0 0.499619961719 0.624384128472 0.0312018875 0.030421825
0 0.528871714844 0.6025428125 0.0208012472222 0.018721121875
0 0.706722380078 0.646225434028 0.0416024986111 0.0257415445313
0 0.947366811719 0.763405775694 0.0790447319444 0.0865851828125
0 0.664794871484 0.585555114583 0.0145608736111 0.0105306320313
0 0.754890275781 0.63755823125 0.0769646125 0.036272175
0 0.987013533984 0.787327219444 0.106086372222 0.0254702070312
0 0.641978504687 0.583474982639 0.0104006097222 0.0093605625
