0 0.440620133984 0.347229611111 0.0105540944444 0.0106860148437
0 0.432902455469 0.359894521528 0.0189973680556 0.018997365625
0 0.418060764453 0.358839111806 0.0126649097222 0.0130606914063
0 0.405000075391 0.355672885417 0.0316622736111 0.0106860179688
0 0.383034372656 0.365171564583 0.0464380013889 0.02374670625
0 0.366411679297 0.373614838889 0.0422163638889 0.0213720367187
0 0.345633310937 0.374670246528 0.0443271791667 0.024934040625
0 0.325448609375 0.38100270625 0.0485488263889 0.0296833828125
0 0.201015864453 0.389445976389 0.111873366667 0.0961741585938
0 0.103693949609 0.423922681944 0.124538280556 0.136147782031
0 0.490369478125 0.367985990972 0.0379947291667 0.0213720375
0 0.550329909375 0.354617475 0.0337730944444 0.0225593734375
0 0.559234923828 0.372559429167 0.0527704583333 0.0308707195312
0 0.830936827734 0.433773161111 0.200527736111 0.217282358594
0 0.296635936328 0.387335158333 0.0569920916667 0.0486807460937
0 0.461675551953 0.372559428472 0.0696570013889 0.0463060773438
0 0.519854980859 0.379947291667 0.0675461833333 0.0439314054688
0 0.619591144922 0.43166234375 0.196306101389 0.148416911719
0 0.931662431641 0.47387870625 0.213192645833 0.132981550781
1 0.643139956641 0.323658800694 0.1350923625 0.111609517969
