0 0.114709207031 0.468013565972 0.1488670625 0.0906202734375
0 0.189843738672 0.464954655556 0.0897280916667 0.0665313398437
0 0.229991962109 0.464954654861 0.0530211458333 0.0206476585938
0 0.247198342578 0.45169936875 0.0509818708333 0.0229418414062
0 0.283331742188 0.45577791875 0.0224320236111 0.010323828125
0 0.267846000391 0.45271900625 0.0367069458333 0.0206476570313
0 0.302258762109 0.466993929861 0.0489425958333 0.0367069460938
0 0.445645271094 0.480249215972 0.0876888180556 0.061942971875
0 0.0444498183594 0.478209940972 0.254909351389 0.0888996367187
1 0.654416029688 0.416012059722 0.371148013889 0.247771889062
0 0.338965708203 0.449660093056 0.0326283972222 0.0183534726562
