0 0.119819459766 0.548724734722 0.280102163889 0.239402158594
0 0.0388620199219 0.417092022222 0.0260204194444 0.0774872789062
0 0.195128035547 0.453061428472 0.0306122597222 0.0232461835937
0 0.224831491406 0.452296123611 0.0198979722222 0.034438790625
0 0.254965434766 0.450000202083 0.0244898069444 0.0241071539062
1 0.295861497656 0.450000202083 0.0857143236111 0.0611288546875
0 0.395733992578 0.432398152778 0.0290816444444 0.0163584257813
0 0.412953387109 0.440816525 0.0428571638889 0.0232461835938
0 0.429311812891 0.443112444444 0.0321428722222 0.0129145460938
0 0.506799092969 0.440051218056 0.04132655 0.02152424375
0 0.466763998438 0.492092057639 0.133163326389 0.08954085625
0 0.390998658984 0.453826734722 0.0535714527778 0.0327168523437
0 0.349241624219 0.459949184028 0.0780612569444 0.057684975
0 0.672703600391 0.480343472917 0.146400865278 0.144974250781
