0 0.412458190625 0.409821477083 0.0225000041667 0.0156194265625
0 0.419213217969 0.436071477778 0.0300000055556 0.014765625
0 0.285217671094 0.451071478472 0.0325000013889 0.027421878125
0 0.260256730078 0.455446478472 0.0262500013889 0.0309375023437
0 0.241473239453 0.451071478472 0.0200000041667 0.0126562523437
0 0.212996675391 0.471071482639 0.0625000069444 0.0682031320313
0 0.130379478906 0.482321482639 0.105000009722 0.104062510938
0 0.736021294531 0.419196475694 0.0662500069444 0.0161718765625
0 0.599615030469 0.347321471528 0.00750000138889 0.009140625
0 0.562389580859 0.389910757639 0.0223214375 0.00640848515625
0 0.62947271875 0.147812515972 0.0287500041667 0.030234378125
0 0.646699282812 0.17968751875 0.0150000013889 0.033750003125
0 0.643183657422 0.197812520139 0.0162500013889 0.0267187523438
0 0.392695351953 0.450000045833 0.0612500055556 0.0450000054688
0 0.455062554297 0.408125039583 0.171250018056 0.0731250070312
