0 0.433417253516 0.510283484722 0.0305660666667 0.0157606273438
0 0.459923762109 0.514104240972 0.0483962680556 0.0315212554688
0 0.496698565625 0.528113688194 0.0713208180556 0.034386825
0 0.522488683984 0.530660859028 0.101886884722 0.0573113710938
0 0.573113721875 0.535755202778 0.137547291667 0.088832628125
1 0.322854065625 0.512830655556 0.0356604083333 0.031521253125
0 0.332405957422 0.535330685417 0.0280188958333 0.0257901179687
0 0.3137797625 0.542123136111 0.0331132361111 0.0200589796875
0 0.299451919531 0.549764654861 0.0382075791667 0.0286556859375
0 0.199873411328 0.599434506944 0.0916981944444 0.0386851757812
0 0.130383370312 0.622359051389 0.122264258333 0.123219446875
0 0.403328782031 0.538302376389 0.0764151611111 0.0501474515625
0 0.671020666797 0.547217477778 0.191037905556 0.177665255469
0 0.27796015625 0.565047682639 0.0585849597222 0.0401179625
0 0.0374911859375 0.676910985417 0.161745429167 0.074982371875
