0 0.536144315234 0.514698543056 0.0658536833333 0.0214457726562
0 0.304140047656 0.544159402083 0.0311938513889 0.033143465625
0 0.292442353906 0.551957864583 0.0329268430556 0.0272946203125
0 0.274408408203 0.558889831944 0.0190629083333 0.0185213476563
0 0.264172925391 0.556290344444 0.0346598333333 0.0253450039062
0 0.200810416016 0.564955302778 0.0277278666667 0.0311938507812
0 0.233953883203 0.563222310417 0.0450577847222 0.0428915460938
0 0.154507042188 0.590950179167 0.05198975 0.0302190421875
0 0.0370426984375 0.630808988889 0.0831836027778 0.0565388546875
0 0.0984555929687 0.631675484028 0.140372329167 0.124775404687
0 0.360678901953 0.532894954861 0.0398588097222 0.0233953882813
0 0.427453240234 0.522497006944 0.0294608583333 0.0224205804688
0 0.459621899609 0.516431534028 0.0381258180556 0.0263198117187
0 0.500477346875 0.51209905625 0.0363928263889 0.0381904703125
0 0.977732270312 0.433247931944 0.152503272222 0.0428915453125
0 0.574649225 0.513832048611 0.0883825777778 0.0731105875
0 0.00779846289063 0.643806426389 0.0953145472222 0.0155969257813
