0 0.378724891797 0.423305382639 0.0145608708333 0.0187211226562
0 0.360003770313 0.424345445139 0.0124807458333 0.0140408421875
0 0.340697612109 0.424345445139 0.0166409958333 0.0152109117187
0 0.323146559766 0.424345447917 0.0208012458333 0.0245714726562
0 0.303840402344 0.426425571528 0.0124807486111 0.0140408421875
0 0.271078437891 0.428505697222 0.016641 0.0234014023437
0 0.231296051953 0.427465634028 0.0145608736111 0.0187211226562
0 0.213744999609 0.436826196528 0.0249614958333 0.0397823851563
0 0.179812963672 0.428505694444 0.0249614944444 0.0374422460937
0 0.147051000391 0.435786134028 0.0312018736111 0.0304218242187
0 0.035894334375 0.431625881944 0.0312018694444 0.0421225265625
0 0.104928475 0.446186754861 0.0561633652778 0.074884490625
0 0.0224385277344 0.44930694375 0.0624037430556 0.0432925960937
1 0.536684366016 0.375462515278 0.0561633666667 0.0280816835938
0 0.498072048828 0.410824635417 0.0395223708333 0.0351021054688
0 0.564766049219 0.388983325 0.0208012472222 0.01638098125
1 0.802875328906 0.319299148611 0.634438047222 0.391973504688
0 0.115459105078 0.385863138194 0.0145608736111 0.0140408414063
0 0.140030579297 0.386903201389 0.0124807472222 0.0117007007812
0 0.127744842187 0.388983327083 0.0124807486111 0.0105306328125
0 0.446588962109 0.406664388194 0.0187211236111 0.0234014023438
