0 0.373351405078 0.539826922222 0.0745186444444 0.0565388554687
0 0.494227577734 0.554557352083 0.1074454875 0.0682365492188
0 0.939227358984 0.552824360417 0.114377454167 0.106254053906
0 0.444512377734 0.539826922917 0.0606547097222 0.0311938507812
0 0.257349271484 0.54589239375 0.0277278680556 0.0350930820313
0 0.2003230125 0.54849188125 0.0329268430556 0.034118275
0 0.132573866797 0.55109136875 0.0277278680556 0.0272946195313
0 0.110640690234 0.56148931875 0.0277278652778 0.0224205804688
0 0.0862704945312 0.564955302083 0.0346598319444 0.034118275
0 0.0136473097656 0.566688295833 0.0450577888889 0.0253450039063
0 0.583909899609 0.526829484722 0.0207959 0.0175465414062
0 0.5668507625 0.525096493056 0.0173299166667 0.0107228859375
0 0.551741240625 0.519897518056 0.0207959 0.009748078125
0 0.657995296094 0.537227435417 0.0415918013889 0.0409419296875
0 0.692113570703 0.524229996528 0.0329268402778 0.0194961570313
