0 0.307707448047 0.562839844444 0.0652567944444 0.0504720507812
0 0.432453710547 0.563349660417 0.0336480263889 0.0189270148438
0 0.455395555078 0.566408577083 0.0438444069444 0.0292508476562
0 0.496404095703 0.564369303472 0.0234516652778 0.0160592882813
0 0.536265546484 0.558251473611 0.0214123777778 0.0131915632812
0 0.533971359766 0.563859481944 0.0163142 0.0120444617187
0 0.245477705078 0.569977306944 0.0734138888889 0.0854583617188
0 0.405783821094 0.566408577083 0.0377265847222 0.032118578125
0 0.149041023828 0.570996945833 0.114199388889 0.122327188281
0 0.510742746484 0.565898756944 0.0265105722222 0.0103238289063
0 0.0686749707031 0.57211855 0.0968655527778 0.110120838281
0 0.356595081641 0.583844381944 0.0876888166667 0.0768551695313
0 0.475892656641 0.577726556944 0.0611782444444 0.0401482226562
0 0.522063113281 0.570079279167 0.0234516611111 0.016632834375
0 0.0785643316406 0.570566550694 0.0815095069444 0.0816687054688
