0 0.569712128516 0.663749536111 0.032812475 0.0158203007813
0 0.555210185547 0.661405788194 0.0374999736111 0.0237304523438
0 0.485337186719 0.667265159028 0.0960936847222 0.031640603125
0 0.463584272266 0.668437033333 0.112499922222 0.0461425460937
0 0.4154641875 0.666093284028 0.140624901389 0.0791015078125
0 0.682431777734 0.671952656944 0.0585937111111 0.0303222445312
1 0.639585127734 0.640312052778 0.0796874444444 0.0395507539062
0 0.528183837109 0.661405788194 0.0468749680556 0.0355956789062
0 0.599375194141 0.660233913889 0.0914061861111 0.0487792632812
0 0.725278427734 0.680155775 0.112499922222 0.0791015070313
0 0.330430067188 0.696562013889 0.149999897222 0.17006824375
0 0.967856386328 0.765702590972 0.114843670833 0.0632812070313
