0 0.364090730078 0.440179897917 0.0381258180556 0.0224205804688
0 0.380175060156 0.442779386806 0.0467907763889 0.015596925
0 0.389923138672 0.447111866667 0.0554557361111 0.0194961570313
0 0.402595640234 0.460109303472 0.0710526625 0.0292442351562
0 0.427453240625 0.467041270833 0.0918485638889 0.0497152
0 0.275870619922 0.45144434375 0.0675866791667 0.0409419304687
0 0.333871686719 0.442779385417 0.0398588097222 0.0321686578125
0 0.499101617187 0.499101615972 0.173299170833 0.136473098437
0 0.142809349609 0.493436302778 0.153435955556 0.147195983594
2 0.296341585156 0.480038708333 0.0935815527778 0.0409419296875
