0 0.292663271875 0.423861718056 0.0296703194444 0.0202658890625
0 0.268821050391 0.420682756944 0.0317896305556 0.0226501101563
0 0.245574883594 0.416444140972 0.0360282458333 0.0166895546875
0 0.0756990535156 0.413265175694 0.0508634041667 0.0369554429687
0 0.0602016097656 0.424921372917 0.0572213319444 0.0560292210938
0 0.478155764062 0.425981026389 0.0169544694444 0.008344778125
0 0.6688935375 0.41114586875 0.0551020236111 0.091792553125
0 0.808489751953 0.411145867361 0.0466247875 0.0548371101563
0 0.871671640625 0.399489670139 0.0656985652778 0.0643739984375
0 0.151398108203 0.421742410417 0.0508634069444 0.0596055554687
0 0.213387883984 0.421742411111 0.0423861722222 0.0524528882813
0 0.425822075391 0.41750379375 0.0508634069444 0.0405317773438
0 0.453240630469 0.416444138889 0.0148351611111 0.0095368890625
0 0.464565686719 0.436577570833 0.0254317027778 0.0178816671875
1 0.131132219531 0.394191399306 0.0974881958333 0.0834477765625
1 0.357275688672 0.368759695833 0.220408094444 0.113250552344
0 0.0190737769531 0.422802065972 0.0784144180556 0.0381475539062
