0 0.466932958594 0.4739732375 0.0121309416667 0.0077984640625
0 0.435251703125 0.480038709028 0.0103979513889 0.0107228859375
0 0.424528816797 0.4817717 0.01039795 0.0107228867188
0 0.415268142188 0.483504691667 0.01039795 0.009748078125
0 0.388948330469 0.486104179861 0.0225288930556 0.01169769375
0 0.381149867578 0.486104179861 0.0225288930556 0.0136473101562
0 0.366527750781 0.494769138194 0.0329268430556 0.0272946203125
0 0.334846495703 0.495635632639 0.0242618847222 0.0341182742188
0 0.301215624219 0.538093930556 0.0537227416667 0.0370426984375
1 0.259298887891 0.54849188125 0.0849165958333 0.0623877023438
0 0.201297820312 0.510366063889 0.0398588111111 0.0692113578125
0 0.220306573047 0.562355815278 0.0779846277778 0.0623877023438
0 0.169616565234 0.612612573611 0.133440363889 0.140372330469
0 0.0204709652344 0.64553941875 0.0953145430556 0.0409419304687
0 0.570749994531 0.532894955556 0.0814506111111 0.0575136625
1 0.478143248047 0.521630509722 0.0797176194444 0.0399671210938
0 0.913782228906 0.571887269444 0.204493025 0.170391120312
