0 0.144234415625 0.381160017361 0.171868518056 0.166844134375
0 0.638529655859 0.300076885417 0.253644668056 0.190233499219
0 0.290807767578 0.331262705556 0.0859342583333 0.0732866757812
0 0.438550587109 0.295918778472 0.0207905458333 0.0116946820313
0 0.964027383594 0.569664268056 0.238391669444 0.0709392125
0 0.331739155859 0.321573397917 0.0609597097222 0.0241690101562
0 0.355908165625 0.320867432639 0.0346509097222 0.024169009375
0 0.363704620313 0.311858195139 0.0471252375 0.0226097203125
0 0.545257657813 0.318498135417 0.139184126389 0.0489089421875
0 0.508328858984 0.316709324306 0.0734599291667 0.0218300726563
0 0.501701873047 0.302848959722 0.0623716388889 0.0319654648437
0 0.482210735937 0.309086121528 0.0443531652778 0.021050428125
0 0.469736406641 0.302155941667 0.0332648722222 0.0163725539062
0 0.461550129687 0.296611795139 0.0360369458333 0.0187114921875
0 0.38124664375 0.304928013889 0.033264875 0.018711490625
0 0.393331149609 0.303541977083 0.0221765819444 0.00701681015625
0 0.40190725 0.304234995139 0.0152463986111 0.0085761
