1 0.436538523047 0.313046231944 0.0412770138889 0.0245841023438
0 0.455659491406 0.319116379861 0.0388489513889 0.0163894
0 0.437904305469 0.323972498611 0.0485611888889 0.013657834375
0 0.415368877734 0.319116379861 0.0194244763889 0.00956048359375
0 0.422197795703 0.315474289583 0.0218525347222 0.00682891796875
0 0.497315886328 0.315474292361 0.0801259652778 0.0450708554688
0 0.509607938672 0.333684736111 0.0582734277778 0.0204867539062
0 0.532143364453 0.327614586806 0.0849820847222 0.0491682039063
0 0.538289391406 0.337326825694 0.0849820819444 0.0423392890625
0 0.594969405469 0.334898768056 0.138399391667 0.0874101421875
0 0.657795446094 0.361607421528 0.1626799875 0.120188946875
1 0.392833450781 0.306976080556 0.0776979027778 0.0437050703125
0 0.364834889453 0.325186527083 0.0267086541667 0.00682891640625
0 0.359371755469 0.333684736111 0.0291367138889 0.0068289171875
0 0.347762597266 0.333684736111 0.0291367138889 0.00819470078125
0 0.318398251563 0.330042645833 0.0267086555556 0.0122920515625
0 0.243963051953 0.360393392361 0.0339928319444 0.0355103695313
0 0.140163507422 0.388316075694 0.0801259652778 0.0846785757813
0 0.388053209375 0.331256676389 0.0679856666667 0.0450708546875
0 0.445416115625 0.323972498611 0.0437050722222 0.0259498859375
0 0.8237381375 0.393172195833 0.2937952 0.304569715625
