0 0.360591226953 0.355419877083 0.0156249986111 0.0193359351562
0 0.336860760938 0.356201127778 0.0203124972222 0.0140624984375
0 0.292915453516 0.366357376389 0.0249999972222 0.0140624976563
0 0.261714285938 0.365576126389 0.0296874972222 0.0377929640625
0 0.0433061101563 0.414013620139 0.0953124875 0.0861328015625
0 0.505171286328 0.366357376389 0.0343749972222 0.0202148414063
0 0.515718160547 0.357763627083 0.0171874986111 0.00966796640625
0 0.529341205469 0.357763627778 0.0265624972222 0.0158203109375
0 0.545600969141 0.360107377778 0.0312499972222 0.00966796640625
0 0.557466201953 0.361669877778 0.0374999972222 0.00878906171875
0 0.575044324609 0.360107377083 0.0437499958333 0.0228515601563
0 0.591743541797 0.369482376389 0.0406249972222 0.0228515601563
0 0.618110725391 0.369482375694 0.0531249930556 0.0369140570313
0 0.658540407813 0.374951125 0.0640624916667 0.0632812421875
2 0.814106794922 0.403076120833 0.0796874888889 0.0580078054688
0 0.769722034375 0.387451125 0.104687486111 0.106347642188
0 0.948579434375 0.610107345833 0.324999961111 0.1001953
0 0.966157557031 0.415576120139 0.129687484722 0.0650390546875
0 0.467378322656 0.365576126389 0.107812486111 0.0624023359375
0 0.419917391016 0.356982377083 0.0187499986111 0.0149414039063
