0 0.435552019531 0.745582934722 0.0238775472222 0.01446428125
0 0.425736971875 0.757521709028 0.0293877513889 0.0092984671875
0 0.417471666797 0.757521707639 0.0330612180556 0.0113647929687
0 0.407656619141 0.757521707639 0.0330612180556 0.0165306101562
0 0.365813516406 0.771297214583 0.0495918236111 0.02376275
0 0.344117092187 0.776807422222 0.0532652972222 0.042359684375
0 0.30279056875 0.789664560417 0.0789795736111 0.0444260109375
0 0.507696330078 0.742959026389 0.0202040777778 0.0103316304687
0 0.521644031641 0.74663249375 0.0385714180556 0.0237627492187
0 0.540757547266 0.75397943125 0.0606122319444 0.0351275445312
0 0.552122341016 0.754897798611 0.0624489666667 0.0351275429688
0 0.597064932812 0.749387597917 0.128571404167 0.0898851828125
0 0.649859555859 0.765918205556 0.154285683333 0.113647935156
0 0.227024667578 0.797326371528 0.141428540278 0.123979566406
0 0.489793081641 0.745976538889 0.0183673444444 0.0175637710938
0 0.470162983594 0.742827833333 0.0183673444444 0.01136479375
0 0.451049467969 0.752929873611 0.0348979527778 0.0227295859375
