0 0.509210947266 0.472638740278 0.0120123222222 0.00571740390625
0 0.511549883984 0.481416978472 0.0184804958333 0.00519763984375
0 0.523244575391 0.47633484375 0.0101642736111 0.0233893804687
0 0.524284102734 0.503131563889 0.0489733194444 0.0285870195312
0 0.532080562109 0.519302001389 0.0646817444444 0.0400218289062
0 0.495994089453 0.514219863194 0.0988706652778 0.0379427726562
0 0.432063117578 0.562797177778 0.233778297222 0.119025957031
0 0.601782774219 0.51745394375 0.0905544402778 0.0384625359375
0 0.654019058203 0.540092553472 0.0766940680556 0.0639309726562
0 0.819680019531 0.653307261111 0.475872825 0.359156929688
0 0.330062326953 0.681358600694 0.384131520833 0.270797047656
0 0.572577789063 0.528530610417 0.117284584722 0.070168140625
