0 0.460107105078 0.517187147222 0.0281249805556 0.0131835835938
1 0.443627624219 0.498437159722 0.0421874694444 0.02241209375
0 0.448241879687 0.52304651875 0.0351562263889 0.01845701875
0 0.492406888281 0.540234005556 0.0726562 0.05932613125
0 0.421215530859 0.492187161806 0.0187499875 0.0197753773438
0 0.424511427344 0.524999638889 0.0609374583333 0.042187471875
0 0.543822868359 0.518359029167 0.0445312194444 0.0303222445312
0 0.557665631641 0.52656215 0.0468749694444 0.0316406039063
0 0.641820860547 0.531249647222 0.0796874444444 0.0725097164062
0 0.394408916406 0.51679651875 0.0164062375 0.0118652265625
0 0.300146279297 0.533984013194 0.0492187152778 0.0131835835937
0 0.275097469141 0.521093397917 0.0234374847222 0.0105468679687
0 0.263232242969 0.5351558875 0.0609374583333 0.01845701875
0 0.242138507031 0.539843384722 0.0843749416667 0.0369140375
1 0.113378828125 0.514062152083 0.318749779167 0.22675765625
