0 0.459621898828 0.502567600694 0.0173299180556 0.0126725023437
0 0.490815750391 0.503434096528 0.0329268430556 0.0185213492187
0 0.497152000781 0.507766575694 0.0242618847222 0.0233953875
0 0.528345852344 0.512965550694 0.0554557347222 0.0428915453125
0 0.558077491797 0.503434095833 0.0398588083333 0.0263198117187
0 0.568800377344 0.516431534722 0.0693196694444 0.020470965625
0 0.596094997266 0.496502129861 0.0294608597222 0.0419167367187
0 0.615591154688 0.532894954861 0.0849165930556 0.0848082828125
0 0.687726934766 0.532028460417 0.114377454167 0.106254053906
0 0.427940644531 0.502567602083 0.0277278680556 0.0214457734375
0 0.328997648047 0.525096492361 0.0658536847222 0.0653121257812
0 0.282694275391 0.51209905625 0.0849165930556 0.0779846273437
0 0.247113789063 0.522497005556 0.102246511111 0.116002134375
0 0.0945563609375 0.515565040278 0.161168230556 0.189112721875
0 0.791543971094 0.571020773611 0.157702247222 0.189112721875
0 0.445487185547 0.503434097917 0.0294608597222 0.0214457726563
