0 0.829561476953 0.369993733333 0.0294608583333 0.0526396242187
0 0.818838591016 0.388190145833 0.0381258166667 0.0292442367187
0 0.841259171094 0.401187584722 0.0641206944444 0.0604380859375
0 0.870016002344 0.416784509722 0.0953145444444 0.0750602046875
0 0.752551657031 0.388190146528 0.0485237680556 0.0428915453125
0 0.727206652734 0.376059204861 0.0242618847222 0.0253450039062
0 0.717945978516 0.403787072917 0.0450577875 0.0282694273437
0 0.684315107813 0.413318527083 0.0537227430556 0.0389923140625
0 0.648247217578 0.414185022222 0.0727856527778 0.0604380867188
0 0.601943844531 0.43584741875 0.105712495833 0.07700981875
0 0.900235045703 0.448844857639 0.128241390278 0.117951749219
0 0.814451955078 0.330134923611 0.015596925 0.0126725023437
0 0.808115704297 0.343132361806 0.0138639347222 0.0155969257813
0 0.793006182422 0.346598345139 0.0207959013889 0.0146221179687
