0 0.380806067187 0.478857361111 0.0281249944444 0.014062496875
0 0.364985757422 0.469482363194 0.0343749958333 0.0193359351562
0 0.357515054297 0.485107363194 0.0437499958333 0.0184570289062
0 0.339936933203 0.475732361806 0.0374999930556 0.0184570289063
0 0.309614671094 0.460888614583 0.0515624930556 0.0316406203125
0 0.252925226172 0.44448236875 0.0906249902778 0.0852538960937
0 0.542085344141 0.439794866667 0.0218749972222 0.0149414054688
0 0.556587297266 0.463232364583 0.0968749930556 0.0421874960938
0 0.613276740625 0.467138614583 0.142187481944 0.08876951875
1 0.459073949609 0.326400557639 0.393345640278 0.181649202344
