0 0.0472098414063 0.536479834028 0.0964286152778 0.0944196828125
0 0.107764714453 0.534183911806 0.0612245180556 0.0318558820312
0 0.218399330469 0.528061459722 0.0489796138889 0.0447704296875
0 0.255851515625 0.516581863194 0.0596939069444 0.055963034375
0 0.336352190234 0.514285945139 0.0275510319444 0.0154974570313
0 0.351419160547 0.513520638889 0.0260204194444 0.0180803648438
1 0.362181282813 0.504336961806 0.0413265513889 0.020663275
1 0.304926792969 0.50408185 0.0642857444444 0.05251915625
0 0.156409507422 0.522194111111 0.0933673888889 0.0878189179687
0 0.391597747266 0.511734915972 0.0642857430556 0.0421875195312
0 0.488600346094 0.550255350694 0.206632745833 0.124840617187
0 0.603539811328 0.539541056944 0.0933673888889 0.0705995210938
0 0.550590171094 0.513520640278 0.044387775 0.023246184375
0 0.577280233984 0.5196430875 0.0658163555556 0.0421875195313
