0 0.0774287152344 0.743315665278 0.136631411111 0.143386510156
0 0.1930811375 0.71886428125 0.0917673680556 0.102091195312
0 0.236670635156 0.680118059722 0.0407854972222 0.02982439375
0 0.432966767578 0.664313681944 0.0316087611111 0.0252360257812
0 0.492466447656 0.66545285 0.0630127527778 0.049623175
0 0.571478135156 0.684706428472 0.113179751389 0.076281621875
0 0.657510041406 0.669921686806 0.0611782430556 0.043015953125
0 0.699665675 0.66839223125 0.0907477291667 0.0435894984375
0 0.749994339844 0.678588603472 0.117258301389 0.09864991875
0 0.450576979297 0.663543372222 0.0248232055556 0.0182593773437
0 0.529414517969 0.645403338194 0.0305516375 0.013963053125
