0 0.486432330859 0.394615578472 0.0142255069444 0.00880203359375
0 0.482031314062 0.405995984028 0.0199157097222 0.0160036953125
0 0.494434178125 0.400305782639 0.0142255069444 0.0104024015625
0 0.503236210938 0.407418535417 0.0227608125 0.0152035109375
0 0.512838427734 0.406707259722 0.0241833611111 0.00880203359375
0 0.518439721484 0.408129810417 0.0213382597222 0.0104024023438
0 0.532042862891 0.412397463194 0.0355637680556 0.0248057289063
0 0.546446187891 0.422355317361 0.0241833625 0.0152035101563
0 0.557648775 0.427334246528 0.0398314208333 0.0168038796875
0 0.576053023828 0.426622970139 0.0583245791667 0.0392090539062
0 0.620863371875 0.432313173611 0.0867755944444 0.063214596875
0 0.738556259766 0.545649826389 0.281665038889 0.268061899219
0 0.92820005 0.453895304861 0.180663940278 0.141632704688
0 0.391823814453 0.414910629861 0.0227608125 0.0112025867188
0 0.380621227344 0.41562190625 0.0213382652778 0.01280295625
0 0.35741586875 0.419889556944 0.0298735666667 0.0224051734375
0 0.332136871875 0.426743595139 0.0407365402778 0.0278601140625
0 0.260860235938 0.440516542361 0.0540569263889 0.0480110859375
0 0.121628084766 0.46612245625 0.0825079430556 0.0688158898438
0 0.0448411609375 0.483504691667 0.100513519444 0.08773270625
