0 0.276839295703 0.429407572222 0.0646817444444 0.0249486726562
0 0.258387673438 0.417989267361 0.0194045236111 0.009875515625
0 0.249031921094 0.418451279167 0.0221765972222 0.01507315625
0 0.346710435156 0.419243297222 0.0591375944444 0.029106784375
0 0.371027966797 0.411389084722 0.0508213694444 0.0202707960937
0 0.395716757031 0.414161160417 0.0582135680556 0.0353439515625
0 0.416247435547 0.418319271528 0.0203285458333 0.00987551640625
0 0.427682243359 0.419705310417 0.0323408736111 0.0202707960937
0 0.308025151953 0.431255621528 0.0813141930556 0.0623716804688
0 0.196832772656 0.423401409028 0.0323408708333 0.0285870203125
0 0.215961017188 0.429447171528 0.0204077486111 0.0117485234375
0 0.0401777589844 0.407772186111 0.0822382138889 0.0660100289063
0 0.1103459 0.483542229167 0.180184855556 0.190753390625
0 0.593466551172 0.406108942361 0.0637577180556 0.0602926242188
0 0.6674289625 0.40472290625 0.0517453958333 0.0317056046875
0 0.701213623047 0.409343029861 0.0646817430556 0.0535356929687
0 0.824316836328 0.569523386806 0.440862548611 0.347722119531
