0 0.140816333594 0.387695031944 0.0388249666667 0.05241370625
0 0.260619091016 0.386585746528 0.0210764097222 0.0149753445312
0 0.316776632422 0.382703251389 0.0288414055556 0.0249589070313
0 0.278714298047 0.387695031944 0.0232949805556 0.0311986335938
0 0.468713982422 0.398233239583 0.0266228347222 0.0106075351562
0 0.453738637891 0.388249675694 0.0421528236111 0.00935958984375
0 0.386037602344 0.393796099306 0.0510271013889 0.01871918125
0 0.487745150391 0.397493716667 0.0532456694444 0.0311986335938
0 0.352967049609 0.394165860417 0.0798685041667 0.0474219242188
0 0.421916031641 0.415796914583 0.120912040278 0.0755006960938
0 0.556382145703 0.386400867361 0.0244042652778 0.0262068523438
0 0.666201349609 0.390468245833 0.0399342527778 0.0249589070312
0 0.0478707910156 0.388212443056 0.0536269444444 0.0957415820313
