0 0.235881790625 0.448292277778 0.0153700194444 0.0172912734375
0 0.226155449219 0.445090190278 0.0217741972222 0.0151298640625
0 0.208864175391 0.447011442361 0.0384250513889 0.0280983195312
0 0.184368203906 0.439326432639 0.0307400430556 0.02809831875
0 0.101514185156 0.431641421528 0.0230550319444 0.0237755
0 0.133214853516 0.441888102778 0.0563567444444 0.0439486539063
0 0.146183308984 0.450853947917 0.0614800847222 0.0626808664062
0 0.298562657422 0.454696453472 0.0409867236111 0.0201731523437
0 0.319096044922 0.453415618056 0.0256167 0.0165708039062
0 0.338548726953 0.452134783333 0.0384250527778 0.0280983195312
0 0.366286811719 0.473908980556 0.0640417555556 0.0446691234375
0 0.269383632812 0.45661770625 0.0781309402778 0.0540352296875
0 0.0658509332031 0.43292225625 0.0358633819444 0.0590785179688
0 0.00605194609375 0.444449773611 0.0768501055556 0.011527515625
