0 0.362070669531 0.498515275 0.0304687277778 0.017138659375
0 0.346909547656 0.498515275 0.0492187166667 0.01845701875
0 0.325156632813 0.498515275694 0.0632812069444 0.02241209375
0 0.300107821875 0.49968715 0.0609374583333 0.0408691125
0 0.475449498047 0.493827777778 0.0164062361111 0.0145019429687
0 0.488633082812 0.496171526389 0.0164062388889 0.0118652265625
0 0.501157488281 0.496171527083 0.0210937347222 0.0158203015625
0 0.51170435625 0.499687149306 0.0234374847222 0.01845701875
0 0.523569582422 0.503202771528 0.0257812319444 0.0237304523437
0 0.536753167187 0.505546520833 0.0257812333333 0.0290038859375
0 0.462925092969 0.504374645833 0.0234374833333 0.01845701875
1 0.626401542578 0.493827778472 0.260156070833 0.131835846094
0 0.55455100625 0.514921513889 0.0257812333333 0.0197753765625
0 0.0594167664063 0.582890217361 0.400780973611 0.118833532813
