0 0.473232825 0.493761931944 0.0268975361111 0.0151298640625
0 0.456662021484 0.498244856944 0.028178375 0.0194526835938
0 0.508896076563 0.507210701389 0.0256167027778 0.017291275
0 0.498449266016 0.500806526389 0.0179316888889 0.0136889242188
0 0.424788957813 0.496835939583 0.0140891847222 0.0129684546875
0 0.414702380859 0.495555104167 0.0166508555556 0.0100865742187
0 0.40713745 0.495555104167 0.0166508555556 0.010807046875
0 0.397771343359 0.496195520833 0.0179316888889 0.0136889226562
0 0.384442653125 0.494274268056 0.0217741944444 0.015850334375
0 0.372915138281 0.496195521528 0.0204933625 0.01440939375
0 0.360667152344 0.492993434028 0.0192125263889 0.0129684546875
0 0.343736113281 0.4917126 0.0217741944444 0.01801174375
0 0.321761787891 0.495555104861 0.0294592041667 0.0216140945313
0 0.30194886875 0.496195520833 0.0333017138889 0.0237755
0 0.281055248047 0.496195520833 0.0333017138889 0.0208936210937
