0 0.119158235937 0.584515052778 0.312018711111 0.238316471875
0 0.324901665234 0.514830874306 0.0603236180556 0.0468028085937
0 0.623854592187 0.56579393125 0.208012473611 0.16497989375
0 0.456534558984 0.512750748611 0.0728043666667 0.0456327367188
1 0.441323646875 0.497149813194 0.0790447402778 0.036272175
0 0.356493559375 0.509630561806 0.0457627430556 0.023401403125
0 0.375214682422 0.510670623611 0.0270416222222 0.0163809820312
0 0.418507278906 0.507550436111 0.0249614972222 0.0117007015625
0 0.410901822266 0.501310063194 0.0208012486111 0.00585035078125
0 0.396275945703 0.508590498611 0.0228813722222 0.0117007023438
0 0.217255210547 0.492989563194 0.0291217458333 0.0280816835937
0 0.238901508594 0.488829314583 0.0208012486111 0.017551053125
0 0.259962769922 0.487789252083 0.0145608736111 0.0198911914063
0 0.292724735547 0.4971498125 0.016641 0.0245714742187
