0 0.466416108203 0.429868423611 0.0568421055556 0.0199835507812
0 0.0662454648438 0.229144736806 0.0248684208333 0.018984375
0 0.0977195609375 0.246907894444 0.0284210527778 0.017985196875
0 0.0312742480469 0.206940790972 0.0266447375 0.0209827304688
0 0.005395553125 0.189177632639 0.0266447375 0.01079110625
0 0.472910762891 0.315296054167 0.0159868416667 0.0309745070313
0 0.499888559766 0.447631582639 0.0319736875 0.0249794414063
0 0.412960105078 0.484934213194 0.188289473611 0.116903783594
0 0.0882273742188 0.451184213194 0.177631576389 0.1748560875
1 0.273075235937 0.35348684375 0.373026318056 0.21482319375
