0 0.422990202734 0.485772247222 0.0327983416667 0.00917673671875
0 0.327590390234 0.480249215278 0.0346676694444 0.0292508476563
0 0.385422937891 0.470052841667 0.0112160111111 0.00630900546875
0 0.380547796875 0.471582297917 0.0122356486111 0.0057354625
0 0.369076875 0.469033204167 0.00917673611111 0.0068825515625
0 0.363914961328 0.472092116667 0.0132552861111 0.00917673671875
0 0.374525561719 0.476680485417 0.0122356513889 0.008603190625
0 0.392018716797 0.473111754167 0.0132552861111 0.00802964453125
0 0.429585982031 0.486876859722 0.0387462222222 0.00975028125
0 0.315545923047 0.474641208333 0.0193731111111 0.00860318984375
1 0.461704559766 0.466484110417 0.100944104167 0.0579281476562
0 0.489521543359 0.498092870139 0.0866691791667 0.0527662351563
1 0.88289048125 0.477870067361 0.0530211458333 0.0665313390625
0 0.889486260938 0.51712610625 0.119297573611 0.15657806875
0 0.873250727734 0.657188168056 0.519059163889 0.252933803906
