0 0.263685522266 0.564955302778 0.0138639333333 0.0165717335937
0 0.244676769141 0.566688294444 0.0173299166667 0.0175465414062
0 0.212508110547 0.569287781944 0.0190629083333 0.0155969257813
0 0.194474165234 0.570154277083 0.0138639319444 0.0146221179687
0 0.0165717332031 0.609146591667 0.0502567611111 0.0331434664063
0 0.0692113570313 0.590950178472 0.0415918013889 0.0370426984375
0 0.100892612109 0.586617699306 0.0259948763889 0.0185213492187
0 0.122825788672 0.586617699306 0.0225288930556 0.0233953882812
0 0.151582619922 0.579685732639 0.0225288930556 0.0204709648437
0 0.175952816016 0.573620260417 0.0242618819444 0.0224205804688
0 0.227617632031 0.566688294444 0.0207959 0.0165717328125
