0 0.514847152734 0.417736224306 0.0254717208333 0.0171934117187
0 0.499086525391 0.417736224306 0.0305660652778 0.0143278429688
0 0.484042290234 0.417736224306 0.0305660652778 0.0214917648437
0 0.466132486328 0.413915465972 0.0280188930556 0.0171934117187
0 0.456819388672 0.41136829375 0.0433019263889 0.0186261960938
0 0.418850604297 0.41136829375 0.0331132375 0.0257901179687
0 0.437476800391 0.416462638194 0.0382075819444 0.0401179601563
0 0.370135938281 0.420283395833 0.0509434416667 0.0286556859375
0 0.346494996875 0.420283396528 0.0764151625 0.0415507453125
0 0.315690134375 0.415189052083 0.0967925402778 0.051580234375
0 0.675318994922 0.450849461111 0.0560377861111 0.0171934117187
0 0.663140328516 0.450849461806 0.0764151625 0.0272229023438
0 0.698243544141 0.4542456875 0.0594340222222 0.0429835289062
0 0.710422210547 0.459340031944 0.0543396777778 0.0415507445312
0 0.752689349219 0.473774010417 0.0815095069444 0.068773646875
0 0.801404014062 0.491604215278 0.106981227778 0.0974293328125
0 0.557114290625 0.376981470833 0.0407547527778 0.0644752953125
0 0.574307701562 0.519623108333 0.285283275 0.173366901562
0 0.236886997656 0.420283396528 0.127358604167 0.12321945
0 0.734063151563 0.4258022625 0.0178302055556 0.0372523921875
