0 0.428514565234 0.437050711806 0.0218525347222 0.0150236179688
0 0.439440832422 0.455261157639 0.0485611902778 0.0314130210937
0 0.267352115625 0.447976979861 0.0437050708333 0.042339290625
0 0.306959835937 0.440692800694 0.0291367125 0.02321831875
0 0.111652799609 0.450405038889 0.0437050694444 0.0204867539063
0 0.0288521761719 0.454047129167 0.070413725 0.0577043523438
0 0.383272966406 0.491440994444 0.155531036111 0.109262679687
0 0.476146244922 0.470870098611 0.0752698444444 0.0628260398437
0 0.742977742187 0.453499355556 0.404737283333 0.37796368125
0 0.19001460625 0.453873683333 0.0412770138889 0.0341445875
