0 0.156960426563 0.494524139583 0.0469033208333 0.0309714859375
0 0.182769998438 0.479229578472 0.0693353430556 0.0780022609375
0 0.410704541016 0.456446938194 0.0537223791667 0.0383275695312
0 0.529765351172 0.442182749306 0.0387462208333 0.0172063804687
0 0.539515633594 0.445921421528 0.0380664652778 0.0160592890625
0 0.558442653516 0.453398761111 0.0448640444444 0.0355598554687
0 0.702402708203 0.523753745139 0.197809656944 0.181240547656
0 0.810343675781 0.438017699306 0.0914201069444 0.0613205859375
0 0.871407612891 0.707628355556 0.542447097222 0.254654441406
0 0.464891876172 0.474298302778 0.144454688889 0.0870534523437
0 0.475227042578 0.37993699375 0.0109837236111 0.00393167265625
