0 0.452469930469 0.499238465972 0.0224376847222 0.0105176625
0 0.461935828125 0.502043174306 0.0168282625 0.0084141328125
0 0.468246426172 0.502043176389 0.0243074916667 0.0126211976562
0 0.444055799219 0.510457307639 0.0411357541667 0.0168282640625
0 0.403036907422 0.496433755556 0.0205678777778 0.00841413203125
0 0.391467478906 0.499238465972 0.0224376847222 0.010517665625
0 0.371483916406 0.502978077083 0.0560942097222 0.039967125
0 0.412502806641 0.4917592375 0.0299169138889 0.0147247304688
0 0.421442822266 0.485214913194 0.0205678819444 0.0115694320313
0 0.491911171094 0.513262018056 0.0355263333333 0.0178800296875
0 0.496644119141 0.513262018056 0.0355263333333 0.0126211960937
0 0.508213550391 0.513262017361 0.0504847875 0.0294494601562
0 0.518731215625 0.520741245139 0.0542244041667 0.0231388625
0 0.530300646484 0.526350666667 0.0654432472222 0.0231388601563
0 0.559224223047 0.52354595625 0.0897507375 0.0662612867188
0 0.288499535937 0.488019622917 0.0186980708333 0.0178800296875
0 0.275352454297 0.502978077083 0.0560942097222 0.0252423945312
0 0.321104294531 0.518871438194 0.0990997680556 0.083089546875
0 0.130944920703 0.530090279167 0.129016683333 0.112539008594
0 0.0431224238281 0.560942095139 0.179501473611 0.0862448476562
0 0.584045917188 0.537569509028 0.0916205430556 0.0599506859375
0 0.615598910156 0.555332674306 0.112188420833 0.0557436203125
0 0.892423815625 0.671260709028 0.4917592375 0.21245681875
0 0.427543053125 0.510768952083 0.0430055625 0.036811825
0 0.475924308984 0.505159532639 0.0280471041667 0.0178800289063
0 0.212807410547 0.550969803472 0.1570637875 0.157764964844
0 0.698022341406 0.5590722875 0.198199541667 0.168282626563
