0 0.390966660937 0.510621772222 0.0233160638889 0.019672928125
0 0.377195611719 0.515284984722 0.027979275 0.0236075140625
0 0.353588098437 0.522279803472 0.0326424875 0.031476684375
0 0.328406754687 0.532772031944 0.0396373055556 0.03934585625
0 0.298897362891 0.543264260417 0.0419689125 0.0380343273438
0 0.256141519922 0.560751306944 0.0676165805556 0.0611172273438
0 0.471101042187 0.503626953472 0.0233160625 0.0157383421875
0 0.485527855859 0.505958559722 0.0419689138889 0.0236075132813
0 0.508479604688 0.511787575694 0.0489637319444 0.0354112703125
0 0.523562182812 0.518782394444 0.0536269444444 0.031476684375
0 0.540612053906 0.524611409722 0.065284975 0.03934585625
0 0.593335496484 0.522279803472 0.0979274625 0.0891839398437
0 0.734718295312 0.459326434028 0.0326424875 0.0603303125
0 0.689470561328 0.551424881944 0.160880833333 0.135087438281
0 0.141472944531 0.584067369444 0.146891194444 0.1551046375
0 0.865264553906 0.571243535417 0.368393790278 0.2649287625
0 0.0476986550781 0.599222810417 0.158549226389 0.0953973101562
