0 0.0577844019531 0.437987510417 0.238398265278 0.115206263281
0 0.925439196484 0.502027147222 0.218429833333 0.148132642969
0 0.167220351953 0.442145620139 0.141375715278 0.109957224219
0 0.246367975 0.424127145833 0.116427061111 0.0623716390625
0 0.297657996875 0.412345835417 0.0984085847222 0.0517897640625
0 0.3239427 0.396406418056 0.0914784055556 0.0569141203125
0 0.366823203125 0.4033366 0.0609856027778 0.031965465625
0 0.375399303125 0.38462510625 0.0540554208333 0.0397619203125
0 0.813170246094 0.465015220833 0.142761752778 0.140336189063
0 0.721951723438 0.426206202083 0.131673459722 0.09511675
0 0.400737781641 0.392248309028 0.0415810930556 0.0233893648437
0 0.433482892578 0.398485472222 0.048511275 0.0530158945313
0 0.655292034766 0.448382784028 0.131673459722 0.116167177344
0 0.502156534766 0.401109250694 0.0565309041667 0.0375526617188
0 0.475583748828 0.392248308333 0.0249486555556 0.0109150367188
0 0.551599183203 0.4109598 0.0346509111111 0.0257283007813
0 0.53411645 0.404765344444 0.0210937361111 0.0158203015625
