0 0.547214996094 0.425385510417 0.0228813736111 0.0140408421875
0 0.556575558594 0.424345445139 0.0332819958333 0.0140408421875
0 0.566521154687 0.429545757639 0.0395223680556 0.0152109125
0 0.584657242188 0.431625884028 0.0395223708333 0.0280816859375
0 0.609228716406 0.43994638125 0.0644838680556 0.028081684375
0 0.636140329688 0.44722681875 0.0748844902778 0.0608436484375
0 0.750222169922 0.449306942361 0.195531726389 0.160299611719
0 0.48754141875 0.428505696528 0.0249614958333 0.0117007
0 0.473500577734 0.430585822222 0.0291217472222 0.0163809851563
0 0.454194417578 0.435786134028 0.0353621208333 0.0315918945313
0 0.394520840234 0.44098644375 0.0665639930556 0.0573334382812
0 0.326071736328 0.465947941667 0.0915254888889 0.0655239289063
0 0.259377735938 0.478428691667 0.116486988889 0.0959457546875
0 0.161095777344 0.504708805556 0.165826816667 0.154441392188
0 0.0524642371094 0.531471872917 0.226733598611 0.104928474219
0 0.882440099609 0.50027 0.343220577778 0.232843961719
0 0.505092471094 0.429545758333 0.0312018694444 0.023401403125
