0 0.442583822656 0.286195472917 0.0244042652778 0.014351371875
0 0.454439303125 0.291187254167 0.0343878277778 0.023086990625
0 0.467542730078 0.305607958333 0.056573525 0.0280787710938
0 0.484701979297 0.318919375 0.0787592194444 0.0349424710937
0 0.505293077734 0.3344493625 0.0831963583333 0.0461739789063
0 0.543667398047 0.3671732625 0.106491338889 0.0892280945313
0 0.612304394141 0.419309649306 0.1797041375 0.155369199219
0 0.310426433203 0.276177246528 0.0255135513889 0.0330705523438
0 0.185631895312 0.340515764583 0.105382056944 0.0842363140625
0 0.118554830078 0.354381822917 0.141988451389 0.0948438492187
0 0.0542856332031 0.371575736111 0.160846294444 0.108571266406
