0 0.428692236328 0.525846842361 0.0152419375 0.0122479851562
0 0.442777419922 0.526935552083 0.0130645180556 0.0134727835937
0 0.456862601953 0.536733940278 0.0195967777778 0.0146975820312
0 0.366227510938 0.556330718056 0.0457258138889 0.029395165625
0 0.497280954687 0.559596845139 0.0217741958333 0.0220463734375
0 0.482583372266 0.582459752083 0.0413709708333 0.0269455679687
0 0.541373702344 0.582459752083 0.0413709708333 0.0220463734375
0 0.51810253125 0.596612979167 0.0783871055556 0.05879033125
1 0.594652439062 0.558508136806 0.111048401389 0.077162309375
0 0.339894342578 0.55524200625 0.0217741958333 0.0232711726563
0 0.311111576562 0.55088716875 0.0304838763889 0.0367439578125
0 0.286615605078 0.568306524306 0.0479032319444 0.0514415382812
0 0.244360054297 0.563951685417 0.0566129097222 0.0526663367188
0 0.169739252734 0.554153297222 0.106693561111 0.130869625781
