0 0.528728907422 0.504689504861 0.0388489513889 0.0259498867188
0 0.571751086328 0.487693086806 0.0291367152778 0.0163894023437
0 0.580628679687 0.4937632375 0.0364208944444 0.02321831875
1 0.614090373437 0.491335177083 0.0704137263889 0.043705071875
0 0.638674476562 0.520471893056 0.0461331305556 0.032778803125
0 0.668038821875 0.532612189583 0.0655576069444 0.066923390625
0 0.700134732422 0.508331594444 0.0461331305556 0.0355103710937
0 0.743839803516 0.545966514583 0.1116907375 0.0928732773437
0 0.827152596094 0.571461142361 0.1432555125 0.120188945313
0 0.928637355859 0.579959348611 0.237949830556 0.140143480469
