0 0.0991405894531 0.594374792361 0.134999951389 0.107578085156
0 0.355640497656 0.556874804861 0.0524999819444 0.029531240625
0 0.374624866016 0.552187307639 0.0468749847222 0.0210937429688
0 0.387808455078 0.55406230625 0.0281249875 0.0116015585937
0 0.454148283203 0.562499802778 0.198749930556 0.122343707031
0 0.690925578516 0.583124798611 0.202499930556 0.165585878906
0 0.331699103125 0.566249802778 0.0599999777778 0.047460921875
0 0.531667789453 0.550312307639 0.0656249763889 0.0326953023437
0 0.0306069121094 0.598066195833 0.196874930556 0.0601171664062
0 0.813992467578 0.556473021528 0.0768749708333 0.0685546632812
