0 0.366386885938 0.5749765125 0.0575488555556 0.05192885
0 0.315806837109 0.5971568 0.0923179555556 0.0613704585937
0 0.277028798438 0.573178113194 0.0371669708333 0.0566496546875
0 0.275342796875 0.611544013889 0.0923179555556 0.0735096703125
0 0.210937533984 0.628329096528 0.137877468056 0.0944160914062
0 0.117533042969 0.640917909722 0.175044436111 0.155786551563
0 0.0774062042969 0.6630982 0.245781572222 0.153763350781
0 0.596694710547 0.589963194444 0.0803286111111 0.0539520523438
0 0.609845523828 0.583968523611 0.0587477916667 0.0424872414062
0 0.611531524219 0.616939220139 0.0647424625 0.0499056484375
0 0.683355194531 0.568981841667 0.184635913889 0.13420573125
0 0.376502894922 0.621734959028 0.143872140278 0.113973710156
0 0.523028364844 0.595233514583 0.0335701652778 0.03237123125
