0 0.129486519531 0.608737359722 0.104272772222 0.105451382812
0 0.239617701172 0.619830207639 0.0155299902778 0.0449260335938
0 0.449272524609 0.619830205556 0.0177485527778 0.0124794539063
0 0.492326641406 0.627595199306 0.00887427916667 0.0074876734375
0 0.464559855859 0.615947710417 0.0099835625 0.00811164609375
0 0.426809507813 0.637024120139 0.0587920930556 0.036190415625
0 0.475791364063 0.633141622222 0.0554642388889 0.0305746625
0 0.375955733594 0.622603418056 0.0232949777778 0.013103425
0 0.398106763672 0.6248219875 0.0144207027778 0.00998356171875
0 0.207782925391 0.611735894444 0.0266228333333 0.0237109632812
0 0.277571535547 0.655460530556 0.0817105277778 0.0759375007812
