0 0.421693287891 0.44930694375 0.120647234722 0.0936056132812
0 0.575557515234 0.462619741667 0.0499229944444 0.0456327367188
0 0.670333198437 0.461579679167 0.0312018722222 0.029251753125
0 0.707775444141 0.460539616667 0.0291217472222 0.0666939992187
0 0.838355274219 0.44701880625 0.0145608736111 0.012870771875
0 0.864681853125 0.442858557639 0.0228813736111 0.0374422453125
0 0.907974449219 0.436618181944 0.0228813722222 0.023401403125
0 0.953022151172 0.436618181944 0.0270416222222 0.0432925960937
0 0.0661089644531 0.490909438889 0.0166409972222 0.0245714742188
0 0.0977008585937 0.487789251389 0.0145608722222 0.0245714734375
0 0.125197507031 0.489869376389 0.0145608722222 0.02574154375
