0 0.277513822266 0.488829314583 0.0832049902778 0.0549932960938
0 0.312030892578 0.479468752083 0.0603236180556 0.0304218226562
0 0.324901664844 0.470108190972 0.0416024958333 0.018721121875
0 0.331922086328 0.466988003472 0.0353621208333 0.0140408414063
0 0.343622787109 0.460747629861 0.0228813736111 0.0187211210937
0 0.387500418359 0.462827754861 0.0228813708333 0.0152109101563
0 0.403296366406 0.462827756944 0.031201875 0.0210612625
0 0.409146717187 0.473228378472 0.0353621208333 0.02574154375
0 0.423772594141 0.484669064583 0.0540832430556 0.0198911929687
0 0.444248822266 0.490909439583 0.0582434930556 0.0468028070313
0 0.734426223047 0.505470311111 0.104006236111 0.149768980469
0 0.881270029688 0.5085905 0.0769646166667 0.150939051563
0 0.907596608203 0.680200790972 0.420185198611 0.182530946094
0 0.0534453863281 0.484669063889 0.108166486111 0.0748844898437
0 0.365854119922 0.464907879861 0.0520031180556 0.0351021039063
