0 0.507683231641 0.393962609722 0.04075475 0.0200589804687
0 0.437873741016 0.388443745833 0.0280188916667 0.0122561554687
0 0.418134211719 0.399906021528 0.0458490986111 0.0272229015625
0 0.383903115234 0.403726775694 0.0891510236111 0.0504589023438
0 0.332167153125 0.443539778472 0.128022270833 0.101727685937
0 0.471863623438 0.419009810417 0.0942453680556 0.060176940625
1 0.558547075391 0.375512695833 0.149892777778 0.0788031398438
0 0.0499086464844 0.399481477083 0.0229245486111 0.0243573335938
0 0.0341480179687 0.399906020139 0.0254717208333 0.0272229015625
0 0.211438026953 0.393538079167 0.02292455 0.0315212570312
0 0.263734653516 0.392264492361 0.0203773763889 0.0157606273437
0 0.241243571484 0.392849084028 0.0215465597222 0.0237627507812
0 0.447876180469 0.390306040278 0.020204075 0.01136479375
0 0.494368517187 0.390122382639 0.0257142791667 0.00929846875
