0 0.826637053125 0.347464840972 0.0225288930556 0.0487403921875
0 0.812989743359 0.370860229861 0.0415918013889 0.0623877023437
0 0.784720316016 0.365661253472 0.0346598319444 0.0331434664063
0 0.960673132422 0.361328775 0.0641206944444 0.0692113570313
0 0.476681036719 0.406386559028 0.0259948736111 0.009748078125
0 0.461084111328 0.395122113194 0.0485237680556 0.0214457726563
0 0.214945130078 0.368260741667 0.015596925 0.0204709648437
1 0.438663530859 0.361328775 0.0779846277778 0.0311938507813
1 0.425503625 0.363061765972 0.0259948736111 0.00682365625
0 0.0882201097656 0.3691272375 0.0207959 0.0146221164062
0 0.524446621094 0.441912890278 0.149037288889 0.09553116875
0 0.445974589062 0.410719038889 0.0554557361111 0.0399671203125
0 0.0692113574219 0.356996295139 0.0277278680556 0.00974807890625
