0 0.261154629297 0.413972784722 0.0285498472222 0.0237065695312
0 0.248536615625 0.419410852778 0.0231117861111 0.015294559375
0 0.237065694922 0.420770368056 0.0258308166667 0.0137651054688
0 0.223682954297 0.421450124306 0.0326283958333 0.0221771148438
0 0.21144730625 0.424848916667 0.0339879138889 0.0206476578125
0 0.188887827344 0.423489402083 0.0475830819444 0.03364803125
0 0.359422183984 0.405135927083 0.0244712986111 0.00764728046875
0 0.347951261328 0.406495442361 0.0326283958333 0.0183534695312
0 0.402501870313 0.403096651389 0.0258308138889 0.010706190625
0 0.409766788281 0.404456165278 0.0339879083333 0.0206476578125
0 0.429649717969 0.416012058333 0.0570996944444 0.037471675
0 0.484072856641 0.424169159028 0.106042290278 0.0810611742187
0 0.595340811328 0.448543352778 0.218882163889 0.169004899219
0 0.723050371875 0.515256766667 0.307250733333 0.299773395313
0 0.152945610547 0.433141977778 0.0543806638889 0.0489425960937
0 0.330515466406 0.414788501389 0.0503021111111 0.032118578125
0 0.382134610938 0.409350436806 0.0421450125 0.0282949390625
0 0.888249554687 0.581926183333 0.481268855556 0.221771135938
