0 0.5887524875 0.497149813194 0.0124807486111 0.01053063125
0 0.575296680469 0.501310061806 0.0124807458333 0.0093605609375
0 0.567106189844 0.501310061806 0.0124807458333 0.011700703125
0 0.550725208203 0.503390188194 0.0166409986111 0.0117007039062
0 0.558330664063 0.511710685417 0.0208012458333 0.0152109125
0 0.52673876875 0.513790811111 0.0208012472222 0.01053063125
0 0.515038067188 0.520031184028 0.0208012458333 0.012870771875
0 0.502167295703 0.513790811111 0.01248075 0.0152109132812
0 0.427867839453 0.546032744444 0.0894453638889 0.0421225257812
0 0.496901979297 0.528351684028 0.0249614958333 0.0210612632812
0 0.355323488672 0.562673743056 0.164329855556 0.131047858594
