0 0.409389792187 0.381552729861 0.0270000069444 0.022128528125
0 0.478006703906 0.378710625694 0.0184736902778 0.0079934234375
0 0.488398154297 0.379421151389 0.0142105305556 0.00959210703125
0 0.500787958984 0.388914381944 0.0246706694444 0.0135888195312
0 0.567133371484 0.387236942361 0.109421081944 0.0599506726562
0 0.599107064844 0.415658002083 0.0724737013889 0.050358565625
0 0.622687663281 0.427026428472 0.0753158097222 0.054355278125
0 0.665852148047 0.441236958333 0.0952105527778 0.0863289710937
0 0.747385064062 0.471789596528 0.142105298611 0.140684248437
0 0.886070954297 0.524933213194 0.265445168056 0.226213874219
0 0.46601656875 0.3780001 0.0454737 0.019184215625
0 0.434442546484 0.386526416667 0.0540000138889 0.0295756648438
0 0.340919497656 0.380131678472 0.0980526569444 0.06954278125
0 0.0463618542969 0.395052736111 0.179052677778 0.0911250242188
0 0.541154746484 0.409263265972 0.0881052875 0.0607500164063
