0 0.473360889844 0.446326436806 0.0551020291667 0.0278954015625
0 0.639183559766 0.406836647917 0.0165306069444 0.0103316304687
0 0.642283047656 0.413265215972 0.0220408097222 0.0144642828125
0 0.652098096875 0.416938684722 0.0293877472222 0.0258290765625
0 0.663979471484 0.427959093056 0.0367346861111 0.0289285648437
0 0.544132558594 0.420612154167 0.0257142805556 0.016530609375
0 0.118297169141 0.485816225694 0.0936734513889 0.153941294531
0 0.440127457422 0.470203981944 0.0661224361111 0.0599234570313
0 0.511415707422 0.449999903472 0.0734693736111 0.0454591726562
0 0.559974371094 0.458265208333 0.0716326388889 0.053724478125
