0 0.911932740234 0.436713913889 0.0346598361111 0.0282694289062
0 0.917294182422 0.457509815972 0.0485237680556 0.0253450039062
0 0.957748707422 0.447111864583 0.0242618847222 0.0224205804688
0 0.976757461719 0.452310839583 0.0207958986111 0.017546540625
0 0.985043327734 0.468774261806 0.0363928263889 0.0282694273437
0 0.946538417578 0.454910328472 0.0433247930556 0.0448411585937
0 0.891949179297 0.473973236111 0.0606547083333 0.0370426976563
0 0.832485899609 0.459242808333 0.0519897527778 0.0253450039062
0 0.85344426875 0.474839732639 0.0623877013889 0.0399671203125
0 0.770098198437 0.444512377083 0.0363928236111 0.0233953890625
0 0.7998298375 0.457509815972 0.0485237680556 0.043866353125
0 0.71209713125 0.484371188194 0.0918485625 0.0848082828125
0 0.499589021094 0.515565038889 0.157702247222 0.21738215
