0 0.267808225781 0.449075802083 0.163552298611 0.150471579687
0 0.364874088672 0.422048091667 0.0595995666667 0.0436601460938
0 0.4385505875 0.415117910417 0.0512833486111 0.0335247546875
0 0.482990380469 0.414424890278 0.0554414583333 0.031965465625
0 0.560954929297 0.426899219444 0.0942504805556 0.0709477382812
0 0.0970658636719 0.404029618056 0.0928644416667 0.119285760156
0 0.182826867188 0.418582999306 0.0360369430556 0.0444397921875
0 0.523142123828 0.41026678125 0.0277207263889 0.0171522007813
0 0.500922227344 0.416503946528 0.0346509125 0.0085761015625
0 0.510667796094 0.415117909722 0.0263346916667 0.0109150359375
0 0.459601016016 0.417889982639 0.0291067652778 0.0116946820313
