0 0.615981080078 0.476572725694 0.0381258180556 0.0711609726562
0 0.407859603125 0.478305716667 0.0381258194444 0.0487403921875
0 0.346934114453 0.473106741667 0.0277278694444 0.0516648164063
0 0.375203541406 0.471373748611 0.0138639333333 0.0126725015625
0 0.372766521875 0.499968113194 0.0537227430556 0.06823655
0 0.296731510156 0.519031022222 0.0745186444444 0.058488471875
0 0.245066692969 0.48263819375 0.0329268430556 0.0428915453125
0 0.926537446094 0.4849901125 0.0381258194444 0.0526396234375
0 0.805661273438 0.4797911375 0.0173299166667 0.01169769375
0 0.929949274219 0.614097995833 0.337933386111 0.135498290625
0 0.50688266875 0.581171152778 0.26168175 0.209583685937
0 0.121111169531 0.569906707639 0.339666376389 0.242222339063
