0 0.475735051172 0.671620734028 0.0213438791667 0.00900444921875
0 0.484239252734 0.67428871875 0.0302371625 0.0160079085938
0 0.517755812891 0.669842077083 0.0355731319444 0.0210103804687
0 0.532763228516 0.658280809028 0.0195652208333 0.0150074164063
0 0.527760755859 0.682292672917 0.0320158180556 0.0250123570313
0 0.498746420703 0.679624688194 0.0409091013889 0.0230113695313
0 0.461728130469 0.680514015278 0.0320158138889 0.017008403125
0 0.450722692969 0.727648417361 0.140513870833 0.0410202671875
0 0.548771137109 0.676956702778 0.0320158166667 0.0150074148437
0 0.561777563281 0.675178047222 0.0320158194444 0.0230113703125
0 0.665328725781 0.668952749306 0.0480237263889 0.048023728125
0 0.700846275 0.671620734028 0.0391304458333 0.06503213125
0 0.766878899609 0.665395435417 0.0444664125 0.0630311429688
0 0.848419187109 0.666284764583 0.0426877569444 0.0640316367188
0 0.940364640234 0.662727452083 0.0462450763889 0.0470232351562
0 0.445897387109 0.768083199306 0.183201626389 0.0240118632813
0 0.276386557031 0.736363822917 0.519367723611 0.342169059375
