0 0.952387265625 0.640340443056 0.0883825777778 0.081883859375
0 0.75401386875 0.638607452083 0.0745186458333 0.100405207813
0 0.440613146875 0.629942492361 0.0259948763889 0.0116976953125
0 0.422091797656 0.638607451389 0.0433247944444 0.0272946203125
0 0.406982275391 0.644672922222 0.0519897527778 0.0165717335937
0 0.381149867969 0.649871897222 0.0727856527778 0.0545892390625
0 0.505925271875 0.642939929861 0.0485237680556 0.0331434671875
0 0.524934025391 0.657670360417 0.0606547125 0.0282694289062
0 0.546379797656 0.661136343056 0.0710526611111 0.0419167375
0 0.592195766797 0.635141467361 0.0398588097222 0.0594632789063
0 0.588296534766 0.681065748611 0.0797176194444 0.0750602039062
