0 0.118878886328 0.471134097917 0.0309278402778 0.0150773242187
0 0.309549030078 0.473195954861 0.0226804180556 0.0173969101563
0 0.306069648047 0.454639250694 0.0309278402778 0.0220360851563
0 0.299690780078 0.444329969444 0.0185567027778 0.0162371148437
0 0.352461410156 0.455670177778 0.0247422722222 0.0220360875
0 0.443853170313 0.489690803472 0.113402081944 0.080489715625
0 0.208183023828 0.467010386806 0.0309278402778 0.0220360851562
0 0.247036123047 0.428866050694 0.0206185597222 0.0115979398438
0 0.500451112891 0.509278434722 0.123711363889 0.119458782031
0 0.382732022656 0.476288740278 0.0618556833333 0.0510309359375
0 0.796198586328 0.562886688889 0.404123780556 0.402448521094
0 0.152976830078 0.466804202778 0.0206185611111 0.0197164992188
0 0.170953639453 0.469896986806 0.0226804152778 0.0231958804688
