0 0.0619897839844 0.220959135417 0.0202040736111 0.0165306101563
0 0.100836714844 0.209938728472 0.0459183569444 0.008265303125
1 0.0857525324219 0.210857096528 0.0551020291667 0.0247959117188
1 0.148258896484 0.206265261111 0.0789795777778 0.0340943820312
0 0.171505066016 0.227387706944 0.0293877527778 0.0123979570312
0 0.180286951562 0.226469335417 0.0385714180556 0.0154974453125
0 0.186485928516 0.228306072917 0.0348979486111 0.0154974445312
0 0.20146679375 0.229224436806 0.0440816208333 0.0268622390625
0 0.203533121094 0.231979539583 0.0348979486111 0.0206632609375
0 0.218513983984 0.233816274306 0.0385714180556 0.0258290773437
0 0.223163217578 0.241163213194 0.0385714180556 0.0247959117187
0 0.237110919531 0.243918311111 0.0477550944444 0.027895403125
0 0.256224435547 0.245755048611 0.0587754972222 0.0268622367188
0 0.278954022656 0.247591781944 0.0697959027778 0.0475255
0 0.312531821875 0.250346880556 0.0863265083333 0.0485586640625
0 0.359024158594 0.259530555556 0.09367345 0.08575253125
0 0.516168264453 0.312795852083 0.266326473611 0.194234653906
0 0.118297168359 0.229224440278 0.0257142805556 0.0175637710938
0 0.0464923371094 0.2237142375 0.0293877472222 0.0227295867187
1 0.00516581484375 0.216367299306 0.157959154167 0.0103316296875
