0 0.474394892187 0.397613560417 0.0229245458333 0.012895059375
0 0.458634266406 0.407802249306 0.0331132402778 0.0272229015625
0 0.433560540625 0.409075834722 0.0560377888889 0.0315212546875
0 0.384845872266 0.423085283333 0.0738679916667 0.0544458054687
0 0.35318133125 0.422193775694 0.0433019263889 0.0257901171875
0 0.300168312109 0.431045204861 0.0660991291667 0.0501474507813
0 0.265781488672 0.445118323611 0.0585849555556 0.0530130195313
0 0.216350430078 0.456580597917 0.0713208208333 0.0687736460938
0 0.142562038281 0.4783376875 0.0995519638889 0.104593254687
0 0.632216075 0.401816398611 0.0483962694444 0.0372523921875
0 0.573471918359 0.383986190972 0.0229245486111 0.0114622742187
0 0.581352232422 0.387806952083 0.0254717208333 0.0157606289063
0 0.588516153125 0.390354124306 0.0305660652778 0.027222903125
0 0.611798898438 0.400542811806 0.0407547513889 0.03367043125
1 0.525473644531 0.382075814583 0.193585079167 0.09599655
