0 0.860755328125 0.472240245833 0.421116988889 0.230054651562
0 0.577573648828 0.458376311806 0.1022465125 0.0887075148437
0 0.541018354688 0.444512377778 0.0918485611111 0.0487403921875
0 0.517622966016 0.451444345833 0.0606547111111 0.0214457726563
0 0.179364644141 0.522497005556 0.2304879 0.257349272656
0 0.353855248047 0.462708790278 0.0797176194444 0.0623877023437
0 0.440125741797 0.457509815972 0.0623877013889 0.0497152007812
0 0.05507664375 0.506033583333 0.0901155694444 0.0789594359375
0 0.00828586679687 0.4999681125 0.102246511111 0.0165717335937
0 0.400139046484 0.440093163889 0.0417652694444 0.0361070367187
