0 0.140335075781 0.434020690278 0.0474226888889 0.062628878125
0 0.373917598047 0.402061922222 0.0247422722222 0.0139175273438
0 0.375077392188 0.41340213125 0.0350515569444 0.016237115625
0 0.387255228516 0.416494914583 0.0536082569444 0.0243556726562
0 0.32798975 0.384536144444 0.0103092805556 0.011597940625
0 0.328569644922 0.401030991667 0.0185567027778 0.0127577304687
0 0.320451088281 0.407216561806 0.0309278430556 0.015077321875
0 0.311752631641 0.408247491667 0.0371134111111 0.0115979398438
0 0.347126348047 0.377319650694 0.0164948513889 0.00811855703125
0 0.71211351875 0.427147847917 0.0762886708333 0.125257751563
0 0.498131524609 0.388866045139 0.0164948513889 0.0243556726562
1 0.2777706625 0.389690786111 0.078350525 0.02899485
1 0.298646957031 0.380412434028 0.0226804180556 0.015077325
1 0.243672721484 0.391752645833 0.107216516667 0.0545103164063
0 0.965412560156 0.418556767361 0.0865979513889 0.0672680515625
0 0.296327370313 0.411340275 0.0474226888889 0.034793821875
0 0.348518099609 0.425360893056 0.0729897083333 0.0510309367187
0 0.419265533203 0.41804130625 0.0824742402778 0.0637886710938
0 0.338891814844 0.380618615972 0.0164948513889 0.0115979390625
0 0.628608354687 0.5290133375 0.255670144444 0.236597978125
