0 0.259835509375 0.383138165972 0.0116522819444 0.008427096875
0 0.259835509375 0.395622753472 0.00998766805556 0.008427096875
0 0.307120889844 0.413656051389 0.0582614194444 0.04119914375
0 0.362275925781 0.3760430375 0.0259615472222 0.0280834046875
0 0.355535907031 0.402004584028 0.0579142208333 0.0370700921875
0 0.178048788672 0.40899423125 0.107840273611 0.0954835773437
0 0.67175505 0.377241263889 0.0579142222222 0.0539201375
0 0.0887435601562 0.478706577083 0.370220468056 0.177487120312
0 0.511960475 0.480288634722 0.603106725 0.388674326563
0 0.908498155078 0.47829159375 0.551183631944 0.179733792969
