0 0.23072501875 0.568322411111 0.02869685 0.0133346796875
0 0.440921649609 0.577680077083 0.0224584041667 0.0112292023437
0 0.465134617578 0.582046989583 0.0336876069444 0.0245638789063
0 0.449694465625 0.583294678472 0.0311922291667 0.0133346796875
0 0.513911465625 0.588909283333 0.07486135 0.0491277609375
0 0.591112232031 0.605753086806 0.103558201389 0.0617606125
0 0.727266311719 0.618229976389 0.203373333333 0.203529292187
0 0.879913281641 0.661275250694 0.344362206944 0.238620550781
0 0.312838559766 0.575184698611 0.0823474861111 0.0505314117187
0 0.2661671875 0.590780815972 0.106053579167 0.08211354375
0 0.371440959766 0.610119996528 0.159704215278 0.108782897656
0 0.115362508984 0.620101511806 0.294454640278 0.230725017969
