0 0.481820912891 0.408187727083 0.0679157847222 0.0452194382812
0 0.178538817187 0.4428386375 0.0651437111111 0.071727384375
0 0.313027664844 0.42967129375 0.0582135263889 0.049117665625
0 0.749629138281 0.381853034722 0.103952733333 0.123963632813
0 0.838508723437 0.367299652778 0.102566694444 0.064710575
0 0.929322828906 0.356211359722 0.146919858333 0.137188414063
0 0.456092610547 0.402643579167 0.0346509111111 0.0187114914063
0 0.447126689453 0.40125754375 0.0429671291667 0.0210504289063
0 0.440109879687 0.398485471528 0.0457392013889 0.021050428125
0 0.420618740625 0.406801690972 0.0401950541667 0.0194911375
0 0.613970822656 0.381853036111 0.0595995666667 0.0943371046875
0 0.567581916406 0.390862271528 0.0360369486111 0.0374229828125
