0 0.379028060156 0.359179438194 0.0515624652778 0.0355956796875
0 0.548495365234 0.369366895139 0.0918592736111 0.0686711242188
0 0.530777948438 0.356249754861 0.0796874458333 0.0537753671875
0 0.410601727734 0.347577977083 0.0248439097222 0.0146358117187
0 0.437035832422 0.33984351875 0.0234374847222 0.0145019429687
0 0.479882482031 0.338671642361 0.0351562263889 0.0210937359375
0 0.474609048828 0.329296649306 0.0304687291667 0.0210937335937
0 0.422533888672 0.341015391667 0.0257812305556 0.00922851015625
0 0.305859164844 0.375390363889 0.0460937222222 0.0369140375
0 0.340136485156 0.357421629167 0.0257812333333 0.0263671703125
0 0.454174491797 0.332812272222 0.037499975 0.0145019414063
1 0.387409883984 0.340169427083 0.0274576208333 0.0231673679687
0 0.397277466797 0.343982985417 0.0228813513889 0.00858050703125
