0 0.252384136328 0.45970756875 0.0457627458333 0.0292517539062
0 0.213771820312 0.458667504861 0.0520031208333 0.0596735796875
0 0.20207111875 0.466988004861 0.0520031208333 0.0596735796875
0 0.193880627734 0.471148254167 0.0520031194444 0.0573334382813
0 0.14040841875 0.476348565972 0.0582434930556 0.109518565625
0 0.30129306875 0.455547316667 0.0873652388889 0.066694
0 0.354180244922 0.452427129861 0.0270416208333 0.0250395117187
0 0.534137030469 0.449306944444 0.0499229944444 0.036272175
0 0.594395644141 0.450347005556 0.0436826194444 0.0374422460937
0 0.637688240625 0.440986444444 0.0582434944444 0.04680280625
0 0.79166948125 0.490909438194 0.1040062375 0.107178398438
0 0.503013175391 0.438906320139 0.0166409986111 0.0105306320312
0 0.491897507812 0.437866257639 0.0187211236111 0.0093605609375
0 0.471421280078 0.438906320139 0.0166409986111 0.0128707710937
0 0.461475684375 0.438906319444 0.0208012472222 0.0117007015625
0 0.449774982813 0.440986445833 0.02080125 0.0117007015625
0 0.440999457031 0.443066570833 0.016641 0.0152109125
0 0.373135386719 0.451387069444 0.0291217472222 0.0152109125
0 0.379921787891 0.461787693056 0.0499229944444 0.00304217109375
0 0.403557211328 0.443066570833 0.0374422472222 0.0292517554688
0 0.552858153516 0.432665945833 0.0166409972222 0.00585035078125
0 0.572164311328 0.44410663125 0.0312018708333 0.0210612632812
0 0.562803750391 0.44202650625 0.0228813708333 0.0140408429688
0 0.672088314063 0.461787692361 0.0540832430556 0.0271456078125
0 0.705435313672 0.459707567361 0.0873652375 0.0634177804687
0 0.734804064453 0.471148252778 0.0852851138889 0.0678640695312
0 0.823729416406 0.450347006944 0.0686441166667 0.0556953484375
0 0.897209807031 0.45242713125 0.0936056125 0.090329396875
0 0.937109189062 0.45242713125 0.0852851152778 0.0666939984375
0 0.949979961719 0.471148252778 0.0436826194444 0.0362721765625
