0 0.225535071094 0.518831834028 0.0331549097222 0.0521233421875
0 0.208798217578 0.537534602778 0.0518576777778 0.0473413835937
0 0.159783148437 0.539659918056 0.0680100694444 0.0592962796875
0 0.428768290625 0.515431329861 0.0552581819444 0.013867678125
0 0.409640458203 0.518831834028 0.0637594402778 0.0406466429688
0 0.528711216797 0.506930072222 0.0331549111111 0.0148240710937
0 0.0863633738281 0.550878809028 0.0782060708333 0.103801927344
0 0.393381797266 0.53047854375 0.0646095680556 0.0521233429688
0 0.340302063672 0.516876527778 0.025503775 0.0205624195313
0 0.465828468359 0.504549704167 0.0161523916667 0.0114766992188
0 0.495237510937 0.511350711111 0.0297544055556 0.0186496375
0 0.545208971484 0.510925647917 0.0391057902778 0.0239097898438
1 0.725133498437 0.509667063194 0.300094431944 0.27974454375
