0 0.253485452734 0.513054501389 0.0217741944444 0.0122479851563
0 0.259609446094 0.5253024875 0.0299395194444 0.0168409796875
0 0.268029935547 0.532106925 0.0326612944444 0.0137789835937
0 0.281426169141 0.549118014583 0.0721270263889 0.0283234664062
1 0.325059616797 0.494002079167 0.0299395222222 0.0206684757812
1 0.364865570703 0.487197644444 0.0408266166667 0.0390404539063
1 0.228606732813 0.514415389583 0.0870967847222 0.040571453125
0 0.635775701563 0.475221841667 0.272177455556 0.20515375625
0 0.00516711875 0.581779310417 0.129284290278 0.0103342375
0 0.356339826953 0.628729920139 0.255846806944 0.177595789844
