0 0.613836471484 0.278403956944 0.0268211916667 0.0150869195312
0 0.57913655625 0.28287415625 0.0143046347222 0.0120695359375
0 0.541695864844 0.290026472917 0.0250331097222 0.0125221125
0 0.489510673437 0.318962824306 0.0614488569444 0.025930346875
0 0.509736722656 0.290026475694 0.0143046347222 0.0120695359375
0 0.379486314453 0.301648989583 0.0232450319444 0.0191100992187
0 0.356855934766 0.306119188194 0.0250331097222 0.0201158929687
0 0.327184992578 0.312377465972 0.0339735097222 0.0412375820313
0 0.267340208203 0.318635742361 0.0286092680556 0.0341970195313
0 0.243704035547 0.317741704167 0.0268211916667 0.0150869195313
0 0.142621670313 0.333834420833 0.0447019861111 0.0543129140625
0 0.597240860547 0.305794372917 0.0315357986111 0.0140811257813
0 0.619871239453 0.322211902778 0.0643708583333 0.0512955289062
0 0.525829437109 0.292708591667 0.0268211916667 0.0201158929687
0 0.575616274609 0.300754950694 0.0214569541667 0.0150869195313
0 0.557009073047 0.296284753472 0.0160927152778 0.0181043039062
0 0.442851379297 0.334728459028 0.125165556944 0.0794577789063
0 0.0548058589844 0.361007536111 0.0976405166667 0.109249177344
