0 0.180069540234 0.483601296528 0.0637996430556 0.0921805820312
0 0.301163885156 0.471479364583 0.0370037930556 0.0587548125
0 0.440872901172 0.467268584722 0.0229678722222 0.0211786507813
0 0.527902813281 0.463440605556 0.0331758138889 0.0251223875
0 0.454153530469 0.451823431944 0.0232343472222 0.0175852640625
0 0.422892801172 0.458719436111 0.0242438638889 0.0194207242187
0 0.392590271875 0.461271421528 0.0318998208333 0.02899485
0 0.475147844141 0.456422645139 0.0165879069444 0.0129194273438
0 0.487708398828 0.459612627083 0.0153119152778 0.0122016820313
0 0.504934302734 0.460250623611 0.0242438638889 0.0136371742187
0 0.261358227344 0.474286545139 0.0318998208333 0.0200968875
