0 0.473195953516 0.522268125 0.0226804166667 0.0115979398438
0 0.484213998047 0.525360907639 0.0206185597222 0.0150773226562
0 0.49465214375 0.530515551389 0.0268041305556 0.012757734375
0 0.502190803906 0.534639261806 0.0350515513889 0.0162371171875
0 0.509729466016 0.539793903472 0.0453608347222 0.0173969101563
0 0.458118632031 0.52845369375 0.0309278402778 0.0208762921875
0 0.541066980078 0.554317102083 0.103092798611 0.0649484648437
0 0.205886511719 0.529574830556 0.0907216666667 0.08814434375
0 0.374056643359 0.613079996528 0.245360865278 0.190206216406
0 0.295190652344 0.538853180556 0.121649502778 0.071907228125
0 0.791002587891 0.617203711111 0.228866016667 0.321262939844
0 0.995143963672 0.646904413889 0.0631295472222 0.00819470078125
