0 0.484616242969 0.459707567361 0.0540832458333 0.0245714734375
0 0.615079066016 0.451387067361 0.0374422458333 0.0187211226562
0 0.34830306875 0.455547316667 0.0249614972222 0.0421225265625
0 0.283949208984 0.427465634722 0.0228813722222 0.0468028070313
0 0.292139700781 0.45450725625 0.0353621208333 0.037442246875
0 0.232466121875 0.445146695139 0.0582434930556 0.07722463125
0 0.138275473437 0.453467193056 0.0582434916667 0.0877552625
0 0.462384909766 0.453467191667 0.0249614972222 0.0222313335937
1 0.550140172266 0.368182078472 0.0332819958333 0.0573334382812
0 0.649596137891 0.471148254861 0.0728043652778 0.0596735789062
0 0.548385067578 0.482588938194 0.191371476389 0.119347157031
0 0.407391611719 0.468028069444 0.112326738889 0.0877552625
