0 0.388460926953 0.461842295139 0.0571887263889 0.0282694289062
0 0.367989961328 0.459242807639 0.0519897513889 0.0165717320312
0 0.485454307422 0.461842295139 0.0641206930556 0.0311938507813
0 0.357267075391 0.474839732639 0.0554557347222 0.0321686585937
1 0.462546323047 0.447111865972 0.0415918013889 0.0204709648437
1 0.153044832422 0.42025049375 0.192362081944 0.134523483594
0 0.0443537570313 0.400321088194 0.0346598347222 0.0867578984375
0 0.0887075140625 0.502567600694 0.194095073611 0.1754654125
0 0.267097349609 0.462708790278 0.228754905556 0.161818102344
0 0.431352471875 0.487837171528 0.1230424125 0.0848082828125
1 0.549791625 0.40985254375 0.209691998611 0.105279246875
