0 0.497551628516 0.471428647222 0.0185567027778 0.0162371164062
0 0.479574821094 0.472459572917 0.0247422652778 0.0220360859375
0 0.458698528906 0.472459577778 0.0371134083333 0.0220360859375
0 0.433183060938 0.476583286806 0.0494845430556 0.033634025
0 0.404768108984 0.478645142361 0.0577319680556 0.0347938226562
0 0.382732021875 0.496170918056 0.0762886694444 0.0347938203125
0 0.586275870312 0.455964728472 0.0206185597222 0.0057989703125
0 0.592654737109 0.458026583333 0.0247422694444 0.00927835234375
0 0.599613500781 0.462150296528 0.0329896958333 0.0185567046875
0 0.608891852344 0.462150297222 0.0371134111111 0.013917528125
0 0.623389278125 0.462150293056 0.0494845388889 0.0220360859375
0 0.642525879297 0.463181224306 0.0721649597222 0.0301546429687
0 0.675000110938 0.465243083333 0.0886598138889 0.069587640625
0 0.514948539063 0.461119366667 0.0185567027778 0.016237115625
0 0.694876076172 0.488041317361 0.105154656944 0.0904639289063
0 0.320842511328 0.505567095139 0.127835076389 0.100902082031
0 0.561340299219 0.465979458333 0.0268041277778 0.018556703125
0 0.536944723828 0.461392920833 0.0213559277778 0.0145868617187
