0 0.201939154297 0.521676147917 0.0299169097222 0.0189317960938
0 0.188266190234 0.530090280556 0.0355263333333 0.0315529914063
0 0.422284220312 0.519806343056 0.0486149833333 0.02839769375
0 0.266096906641 0.520741247222 0.151454366667 0.0883483804687
0 0.081511896875 0.545983640278 0.0486149833333 0.032604759375
0 0.0594248042969 0.546918543056 0.0542244027778 0.0368118257812
0 0.0296642664063 0.555036452083 0.0667206069444 0.0488108703125
0 0.00525883203125 0.548165090972 0.117797840278 0.0105176640625
0 0.151454365625 0.54754183125 0.0804017013889 0.052588321875
0 0.250846293359 0.565304994444 0.0972299638889 0.0767789492188
0 0.618510967969 0.616101401389 0.405748116667 0.408229989063
