0 0.440331728516 0.530859010417 0.0187499875 0.0105468679688
0 0.365185295703 0.546093375694 0.0445312208333 0.0237304523437
0 0.350024174219 0.546093372917 0.0304687291667 0.0118652265625
0 0.344091560156 0.549608995833 0.037499975 0.0105468671875
0 0.335522230859 0.550780870833 0.035156225 0.0171386601563
0 0.320361108594 0.554296492361 0.0468749680556 0.0342773203125
0 0.408031946484 0.550780871528 0.114843670833 0.0672362820312
0 0.493725246484 0.544921501389 0.0374999722222 0.0171386601562
0 0.5312984625 0.564843363194 0.114843670833 0.081738225
0 0.581396085156 0.551952745139 0.0749999486111 0.042187471875
0 0.264330872266 0.570702734028 0.0656249541667 0.0566894132812
0 0.210278175781 0.589452719444 0.0960936833333 0.064599565625
1 0.0942626300781 0.500390281944 0.344531013889 0.188525260156
0 0.0678954617188 0.716015133333 0.342187266667 0.13315420625
