0 0.483325898828 0.4164626375 0.0229245472222 0.0229245476562
0 0.457535780469 0.419009810417 0.0229245486111 0.02292455
0 0.427447310937 0.420283398611 0.0203773777778 0.0257901171875
0 0.201067390625 0.408821120139 0.0331132375 0.060176940625
0 0.147337978906 0.407547535417 0.0254717208333 0.05301301875
0 0.0267453035156 0.394811675 0.0407547555556 0.0534906070313
0 0.563561819922 0.425377743056 0.0305660666667 0.0171934117187
0 0.510548800391 0.426651326389 0.0280188944444 0.0200589804687
0 0.906713659766 0.531085384028 0.298019134722 0.181963607031
0 0.307672523828 0.415189052778 0.0203773777778 0.0200589804687
