0 0.216994119531 0.443147317361 0.0718258791667 0.0670306875
0 0.361156007031 0.421926034722 0.0326481277778 0.0156098859375
0 0.388243749609 0.427639457639 0.0408101597222 0.0330562289062
0 0.483280408984 0.430088067361 0.0359129402778 0.0174463429688
0 0.4841986375 0.4382501 0.0293833138889 0.0156098859375
0 0.500267637891 0.441514913194 0.0359129402778 0.0165281148437
0 0.514041065625 0.457838974306 0.0620314430556 0.0238739421875
0 0.56270718125 0.472530632639 0.104474006944 0.07529474375
0 0.337741178516 0.430904270833 0.0310157222222 0.0348926867187
0 0.443337464453 0.448860740972 0.0669286625 0.0532572585938
0 0.122040930469 0.506291763194 0.320693651389 0.244081860938
