0 0.3508344125 0.674642815278 0.349838161111 0.350300615625
0 0.9282415 0.610359090972 0.0870165708333 0.0964951609375
0 0.691024226172 0.594198870139 0.0745856291667 0.0499956820312
0 0.732745570313 0.586740304861 0.0646408791667 0.0411386421875
0 0.787577664844 0.592955770833 0.0422651861111 0.0433529
0 0.643301076953 0.580939200694 0.0397790041667 0.0279696132813
0 0.592256532813 0.572237551389 0.027348075 0.020977209375
0 0.526108400781 0.575552461806 0.0422651930556 0.039716846875
0 0.486531401172 0.570580085417 0.0372928180556 0.0377589757812
0 0.550861507813 0.569336992361 0.0348066319444 0.0153832875
0 0.154392258203 0.576795555556 0.119337016667 0.0335635335938
0 0.0110479957031 0.600414340278 0.09198895 0.0209772101563
