0 0.485996366016 0.520780885417 0.0187499875 0.0224120945312
0 0.472153603125 0.530155878472 0.0187499875 0.031640603125
0 0.437217103125 0.558280859722 0.0656249555556 0.03032224375
0 0.410190754297 0.575858972222 0.110156175 0.0606444898437
0 0.327793349609 0.586405838194 0.187499870833 0.146337789844
0 0.576963100391 0.544218370833 0.0281249833333 0.0145019429687
0 0.561801977344 0.552421488194 0.0304687291667 0.01845701875
0 0.530161374609 0.513749640278 0.037499975 0.0527343382813
0 0.597397657031 0.560624607639 0.0609374569444 0.031640603125
0 0.722641710547 0.584062091667 0.112499922222 0.0870116585937
0 0.783286200391 0.607499575 0.0937499361111 0.100195242969
0 0.630356617969 0.585233963889 0.105468677778 0.076464790625
0 0.502475847266 0.646171423611 0.236718586111 0.150292864844
0 0.874252935547 0.771561960417 0.454687184722 0.250488110156
0 0.154429211328 0.701249510417 0.365624748611 0.308495882031
