0 0.403671585156 0.499116774306 0.0260031902778 0.0329102875
0 0.313473020312 0.49369944375 0.0281701236111 0.020721290625
0 0.292751729297 0.496949842361 0.0346709208333 0.0304724898437
0 0.245214646875 0.505617572222 0.0390047861111 0.0329102875
0 0.164767277734 0.512118370139 0.0693418402778 0.0548504789062
0 0.113573497266 0.517535700694 0.0628410430556 0.0499748804688
0 0.0514096210938 0.521869565972 0.0715087736111 0.088979665625
0 0.472539408984 0.492615977083 0.0130015958333 0.0146267945313
0 0.484118955859 0.496949842361 0.0303370541667 0.0158456945312
0 0.492041802734 0.500200240972 0.0281701236111 0.0146267945313
0 0.503621347656 0.500200240972 0.0281701236111 0.020721290625
0 0.518248142969 0.498033309028 0.0411717180556 0.025596890625
0 0.529827687109 0.507784505556 0.0433386527778 0.0268157898437
0 0.554815129297 0.511034904167 0.0585071777778 0.0426614851563
0 0.876589748828 0.575847856944 0.284977088889 0.244544664844
