0 0.326129736719 0.396583961111 0.0612091 0.040168471875
0 0.203233339844 0.417837120833 0.103715419444 0.0870316890625
0 0.129112945313 0.435689775694 0.119017695833 0.13389490625
0 0.527450292187 0.3974340875 0.0527078361111 0.0200842359375
0 0.59152856875 0.398284213889 0.0714106166667 0.0411248640625
0 0.849515361719 0.397434088194 0.0629093541667 0.047819609375
0 0.755788927344 0.422937878472 0.144521484722 0.1453716125
0 0.455481780078 0.384682191667 0.0272040444444 0.0172150601562
0 0.286917656641 0.401684720139 0.0816121347222 0.0612091007812
0 0.603483471094 0.411036109722 0.0799118805556 0.0535579625
0 0.0425594523437 0.43994040625 0.159823759722 0.0851189046875
0 0.905942501172 0.442490786111 0.205730586111 0.187452869531
1 0.491585585156 0.401684719444 0.108816177778 0.063121884375
0 0.416030602734 0.384682191667 0.03060455 0.0172150601562
0 0.409335857031 0.389782950694 0.0306045513889 0.017215059375
1 0.432050171094 0.380431559722 0.0425063194444 0.0239098046875
1 0.677364767578 0.3974340875 0.0867128916667 0.0612090992188
0 0.982453876172 0.3821318125 0.045906825 0.0325173335938
