0 0.301722805078 0.45011533125 0.0235626208333 0.0124743289063
1 0.335247560547 0.438334019444 0.0277207277778 0.0187114914063
0 0.317705536719 0.441106091667 0.0360369444444 0.016372553125
0 0.252215316016 0.456699 0.0429671277778 0.0210504289062
0 0.277813678125 0.464322202778 0.0831621861111 0.0483380203125
0 0.330049932031 0.473562452083 0.0582135291667 0.02494865625
0 0.342914082031 0.471483398611 0.079004075 0.0257283015625
0 0.386834108594 0.468018305556 0.130287425 0.0943371046875
0 0.404376131641 0.495970046528 0.123357240278 0.0748459664063
0 0.203097649609 0.439373544444 0.108110838889 0.0358636914063
0 0.0810831316406 0.459471076389 0.0873202944444 0.0327451117187
0 0.143064945703 0.435215440278 0.169096447222 0.102133555469
0 0.0361755507812 0.447689765972 0.135831568056 0.071727384375
0 0.539826532422 0.492735949306 0.278593320833 0.235452938281
