0 0.861415714063 0.477187333333 0.371249869444 0.274745996875
0 0.0875390320312 0.524531068056 0.104062463889 0.0907030921875
0 0.158730414063 0.512499818056 0.096249975 0.0495702953125
0 0.252597567578 0.496249821528 0.0937499680556 0.0854296585937
0 0.309550672266 0.499999819444 0.0487499805556 0.0263671773437
0 0.344882690234 0.496249822917 0.0449999847222 0.0210937429688
0 0.366503776562 0.487812322222 0.0393749888889 0.0221484296875
0 0.439277189063 0.479374826389 0.0487499805556 0.03691405
0 0.722460684375 0.4612498375 0.0524999833333 0.027421865625
0 0.698202880859 0.44737484375 0.0652499763889 0.0590624789062
0 0.673417733984 0.45599984375 0.0374999875 0.0284765523438
0 0.606972443359 0.457874842361 0.0337499902778 0.0158203070313
0 0.575331829297 0.467624841667 0.0967499555556 0.0537890429687
0 0.493593576172 0.467812336806 0.0412499847222 0.0284765523437
0 0.539472467578 0.456562340972 0.0374999875 0.0168749945312
0 0.631757591016 0.451249836111 0.0374999861111 0.0316406148438
