0 0.221768785156 0.418517502083 0.1438383125 0.143296753125
0 0.366527749609 0.389056644444 0.0883825777778 0.0838334742188
0 0.418192566016 0.382991172917 0.0727856541667 0.0350930820312
0 0.440613146875 0.372593222222 0.0623877027778 0.029244234375
0 0.465958150391 0.370860230556 0.0415918027778 0.0311938507813
0 0.483504691797 0.366527752083 0.0433247930556 0.0194961570313
0 0.536631719922 0.350064328472 0.0554557347222 0.0243701976562
0 0.578061052734 0.363928261806 0.0554557347222 0.0389923132813
0 0.953849275 0.472240245139 0.268613718056 0.0906567234375
1 0.868553588281 0.389923138194 0.270346709722 0.261248096875
0 0.725402964453 0.38526565625 0.113294468056 0.0619490132813
0 0.680903280078 0.367394246528 0.103979504167 0.0711609726562
1 0.636062119922 0.362195270833 0.0519897527778 0.0243701976562
1 0.628263656641 0.3535303125 0.0415918027778 0.0243701960937
1 0.616078558203 0.356129797917 0.0329268430556 0.0116976929688
1 0.607792691406 0.349197832639 0.0294608597222 0.0126725015625
0 0.554665663672 0.348331335417 0.0173299180556 0.00974807890625
