0 0.216476680469 0.444334890972 0.0145683569444 0.017755184375
0 0.331885384375 0.46436638125 0.0218525347222 0.01912096875
0 0.3605668375 0.460724292361 0.0145683569444 0.01912096875
0 0.383102264453 0.4595102625 0.0169964166667 0.0204867523438
0 0.402906124609 0.4692225 0.0315647722222 0.0218525351563
0 0.425304973828 0.470011622222 0.0525674944444 0.0300472367188
0 0.103116651953 0.454289929167 0.0169964166667 0.0368761523437
0 0.0314130195312 0.488282763194 0.0849820847222 0.0546313375
0 0.0935561683594 0.518997720139 0.116546856944 0.105165328906
0 0.0729328371094 0.451376248611 0.0169964166667 0.0163894007813
0 0.437597025 0.463516559722 0.0121402972222 0.02731566875
0 0.441011483984 0.50260831875 0.0728417847222 0.0505339882812
0 0.53525054375 0.501394288889 0.0752698444444 0.066923390625
0 0.858736358984 0.701709198611 0.412770116667 0.279985611719
