0 0.769899921094 0.606390935417 0.151077970833 0.147352998438
0 0.561344751562 0.569660970833 0.0554414555556 0.0327451109375
0 0.505600100781 0.560651735417 0.0263346930556 0.0163725546875
0 0.481820913672 0.56342380625 0.0263346902778 0.0202707820312
0 0.451414738281 0.565502863194 0.0221765819444 0.01403361875
0 0.116946824609 0.577977189583 0.0720738930556 0.116946824219
0 0.233114001563 0.575898135417 0.0263346902778 0.0296265296875
0 0.20855516875 0.57381908125 0.0221765819444 0.021050428125
0 0.309909081641 0.566195877778 0.0207905444444 0.0304061742187
0 0.337586496484 0.565502863194 0.0221765819444 0.0202707835938
0 0.362924975781 0.564116827083 0.0194045097222 0.017931846875
0 0.380467 0.559265699306 0.0291067680556 0.015592909375
0 0.39644973125 0.559958717361 0.0138603652778 0.01169468125
