0 0.545245911328 0.366306806944 0.0156480583333 0.0112025867188
0 0.536843971094 0.362039154167 0.0156480555556 0.013603140625
0 0.532442955859 0.371997010417 0.0298735652778 0.0176040664062
0 0.521640460156 0.370574458333 0.0298735666667 0.013603140625
0 0.505636764844 0.379821038194 0.0369863180556 0.03120720625
0 0.490433254297 0.383377415278 0.0213382611111 0.0120027710937
0 0.483631683203 0.381954863194 0.0298735652778 0.00960221640625
0 0.473229282031 0.380532313194 0.0355637652778 0.0192044359375
0 0.557648775781 0.372708284722 0.0227608111111 0.01680388125
0 0.574852748438 0.363461704861 0.0184931569444 0.01280295625
0 0.585255150391 0.359194052778 0.0270284611111 0.0160036960938
0 0.645269007422 0.374130835417 0.0426765208333 0.0272062820312
0 0.681277322266 0.374130835417 0.0426765208333 0.0304070210937
0 0.612861524609 0.386933791667 0.0910432444444 0.0520120101563
0 0.414015608594 0.389067618056 0.049789275 0.02400554375
0 0.441221890625 0.390490166667 0.0753951833333 0.059213675
0 0.873387392578 0.493726725 0.317228808333 0.251258017969
0 0.0776179230469 0.437718853472 0.180663940278 0.153635475781
