0 0.537606500391 0.389530105556 0.0145683583333 0.0109262679688
0 0.521217098047 0.389530105556 0.0145683583333 0.0191209679687
0 0.374395374609 0.416238759722 0.0339928333333 0.0122920507812
0 0.333421870312 0.415024729167 0.0267086555556 0.01502361875
0 0.307471984375 0.408954580556 0.0145683583333 0.0122920515625
0 0.293131257422 0.40774055 0.0218525361111 0.0136578335938
0 0.279473422656 0.40774055 0.0121402972222 0.0136578359375
0 0.248743295313 0.402884433333 0.0218525361111 0.0122920515625
0 0.262401130078 0.40774055 0.0218525361111 0.0204867523437
0 0.187283037109 0.406526520833 0.0242805944444 0.0204867523437
0 0.234402568359 0.408954580556 0.0242805972222 0.0109262679687
0 0.353908622266 0.423522938194 0.0582734291667 0.0368761539063
0 0.390784776562 0.418666820139 0.0242805930556 0.01502361875
0 0.435855630859 0.421094878472 0.0339928319444 0.0232183195313
0 0.472731783203 0.432021147917 0.0412770097222 0.0368761539062
0 0.525997339844 0.445375472222 0.0971223805556 0.0696549578125
0 0.0732401183594 0.359179360417 0.0461331291667 0.139309914844
0 0.116518392578 0.519431289583 0.288939081944 0.233036785156
