0 0.0864116121094 0.487396406944 0.0232758527778 0.0523706742188
0 0.463153144531 0.514978290278 0.0209482694444 0.0117834
0 0.295239672266 0.499848986806 0.0232758569444 0.0209482695312
1 0.142710087891 0.459116238889 0.08844825 0.112596949219
0 0.240905099219 0.532435186111 0.137327544444 0.12045255
0 0.402599555469 0.516142082639 0.0349137819444 0.0235668046875
0 0.369867883594 0.518469670139 0.0488792958333 0.036659471875
0 0.439586343359 0.518469669444 0.0814654944444 0.0432058070312
0 0.689983626953 0.549542951389 0.128017202778 0.109978414844
1 0.492284332813 0.496939501389 0.107068930556 0.044515071875
