0 0.355172342187 0.512362347917 0.0276378013889 0.0143503984375
0 0.350388876172 0.52511825625 0.0488976513889 0.0287007945312
0 0.326471546875 0.527244243056 0.0574015916667 0.0334842625
0 0.303152151563 0.537874163889 0.0829134083333 0.0418553265625
0 0.278636889453 0.54425211875 0.104173256944 0.0526181242188
0 0.215255965234 0.552756058333 0.167952802778 0.121978378906
0 0.1261639125 0.581456854167 0.221102422222 0.182967571875
0 0.0472367257813 0.622913560417 0.278504018056 0.0944734515625
0 0.426924331641 0.502795414583 0.0212598486111 0.0143503992187
0 0.440676794531 0.513425342361 0.0467716680556 0.0275049265625
0 0.493892853125 0.515551323611 0.0170078777778 0.00956693125
0 0.516016382813 0.526181245833 0.0637795416667 0.049030525
0 0.541727513281 0.508110379861 0.0191338652778 0.0167421296875
0 0.557871710937 0.527244240972 0.0531496208333 0.0346801265625
0 0.576407641016 0.535748180556 0.053149625 0.0406594601563
0 0.606304301953 0.531496209028 0.0701574986111 0.0597933242187
0 0.640984427344 0.546378104167 0.0744094722222 0.0621850546875
0 0.68283975625 0.552756057639 0.0871653791667 0.0765354546875
0 0.753395877734 0.565511968056 0.1126772 0.113607314844
0 0.885539123438 0.580393859722 0.197716591667 0.22003943125
0 0.470174830859 0.531496210417 0.0722834875 0.0514222554687
0 0.391845577734 0.5314962125 0.110551216667 0.0717519882812
