0 0.297051341016 0.509110148611 0.03120185 0.0105306226562
0 0.2809628875 0.510670242361 0.0405624013889 0.028666696875
0 0.273357438281 0.518470703472 0.0374422180556 0.0239864203125
0 0.262241780469 0.5215908875 0.0374422166667 0.0181360734375
0 0.238255358594 0.522630948611 0.0520030777778 0.039197321875
0 0.204908384766 0.53199150625 0.0686440652778 0.0427075289062
0 0.17360903125 0.543952211806 0.0800847402778 0.0491429109375
0 0.375153466016 0.497149440972 0.0197611708333 0.00936055546875
0 0.364622841406 0.500269626389 0.0156009222222 0.01404083125
0 0.317235036719 0.509630179167 0.0364021583333 0.0304218015625
0 0.296466305078 0.509110149306 0.0291217236111 0.00994558828125
0 0.385391571875 0.492469163194 0.0124807375 0.0040952421875
0 0.0828555316406 0.580354367361 0.273536198611 0.165711063281
0 0.344731664453 0.511190270833 0.0395223416667 0.0315918710937
0 0.391534436328 0.491949132639 0.0156009236111 0.0105306242187
0 0.405867784766 0.490909072222 0.0135208027778 0.00877552109375
0 0.419031065234 0.496629409722 0.0228813555556 0.0152109007813
