0 0.469716571875 0.33711345625 0.0639175347222 0.0347938203125
0 0.494072247266 0.350515522917 0.103092801389 0.0371134085938
0 0.291108295703 0.355670161806 0.0969072319444 0.0719072273438
0 0.0695876390625 0.33711345625 0.0556701125 0.0904639328125
0 0.900000148437 0.446391826389 0.179381472222 0.132216517187
0 0.178028380078 0.403092851389 0.208247458333 0.207603127344
0 0.380992330859 0.409278417361 0.340206240278 0.179768071094
0 0.982925419531 0.443299042361 0.173195904167 0.0313144375
0 0.0353737171875 0.562886690972 0.255670145833 0.070747434375
0 0.0144974257813 0.328866033333 0.0515464 0.0266752640625
1 0.714433107422 0.283505202778 0.562886694444 0.443041311719
