0 0.535826584375 0.490006890972 0.0848262375 0.0466995515625
0 0.5063855625 0.486397264583 0.0306818319444 0.016243321875
0 0.498263900391 0.480982822917 0.0342914569444 0.0223345679688
0 0.485573805859 0.480080416667 0.0216577638889 0.0131976992188
0 0.476944540234 0.474665975694 0.0144385069444 0.00812166015625
0 0.451564349609 0.475568383333 0.0126336972222 0.0162433226563
0 0.464254446094 0.474665975694 0.0144385069444 0.0091368703125
0 0.0156341914063 0.507152620833 0.0469251527778 0.0312683828125
0 0.0683234628906 0.498128552083 0.0649732902778 0.0842622335937
0 0.124667486719 0.485494857639 0.0324866458333 0.0284258140625
0 0.199917916797 0.480982822917 0.0270722013889 0.0408584351563
0 0.298267994531 0.480982822917 0.0270722013889 0.0121824921875
0 0.312480901562 0.482787636111 0.023462575 0.016243321875
