0 0.471628489844 0.6094834625 0.0102015083333 0.005738346875
0 0.449950285156 0.6083499625 0.0170025138889 0.005738346875
0 0.441980357422 0.610050213194 0.0158690125 0.0102015085938
0 0.434010428125 0.615150965972 0.0147355097222 0.0095639125
0 0.426996891797 0.616284467361 0.0124685069444 0.00446316015625
0 0.421258542578 0.616284466667 0.0170025111111 0.00701353515625
0 0.413288615234 0.615717718056 0.0204030166667 0.0102015085938
0 0.40723146875 0.620818470833 0.0170025111111 0.0095639125
0 0.399580337891 0.621951971528 0.0192695125 0.00701353671875
0 0.388741235547 0.623085472917 0.0215365152778 0.0159398570313
0 0.370251001563 0.623652224306 0.0294710236111 0.019765421875
0 0.352079564844 0.63158673125 0.0249370208333 0.0178526390625
0 0.311273531641 0.616284467361 0.0124685069444 0.0204030164062
0 0.303057669531 0.628639629861 0.0281108263889 0.02535804375
0 0.285769760547 0.631019980556 0.0260705222222 0.0344300914062
0 0.218184758203 0.629319729167 0.0204030166667 0.0318797132813
0 0.177059926562 0.643488488889 0.0442065333333 0.0682225859375
0 0.0302857269531 0.651422997222 0.0260705222222 0.0337924945313
0 0.046863178125 0.642354989583 0.0215365180556 0.0235909859375
0 0.0153022625 0.700730288194 0.0861460708333 0.030604525
0 0.461618253125 0.610956998611 0.0170025111111 0.011476696875
0 0.666286014453 0.667065296528 0.131486106944 0.0675849929687
0 0.732489578125 0.689168564583 0.185894151389 0.11667975
0 0.955140825391 0.8516349125 0.272791652778 0.0883639132812
1 0.522508505859 0.600755491667 0.107682588889 0.0752361242187
0 0.257542541797 0.635327286111 0.035138525 0.0503699460937
0 0.277945558203 0.624559029167 0.0136020111111 0.0223157976563
0 0.0806101320313 0.644395294444 0.0374055305556 0.0102015078125
0 0.478450738281 0.623992261111 0.0351385277778 0.0153022625
0 0.475900360937 0.614357502778 0.0136020111111 0.0089263203125
0 0.861283621875 0.745843611111 0.285642233333 0.245473795312
