0 0.0558070992188 0.524409572917 0.0680315125 0.0861023875
0 0.203496607422 0.52972455 0.0276378027778 0.0322883945312
0 0.449560373047 0.539544584722 0.0616535611111 0.0394635929688
0 0.471683903125 0.534229622222 0.0255118194444 0.00956693125
0 0.4878281 0.544100260417 0.0191338625 0.0155462640625
1 0.510549562891 0.536659313194 0.0340157569444 0.0155462648438
0 0.0925942308594 0.498087877778 0.0170078777778 0.0239173289063
0 0.271376268359 0.532103632639 0.0255118180556 0.0203297289063
0 0.288716332422 0.534533327778 0.0170078777778 0.0167421304687
0 0.304262596875 0.529977650694 0.0255118180556 0.021525596875
0 0.32399439375 0.539240867361 0.0148818930556 0.0155462640625
