0 0.452054338672 0.598941886111 0.027204025 0.0114766960938
0 0.459705471484 0.606876389583 0.0362720319444 0.0127518867187
0 0.321666308984 0.602342384722 0.0340050222222 0.0248661742187
0 0.348764067187 0.602342384722 0.0340050222222 0.02805415
0 0.377455810547 0.594407879861 0.0657430541667 0.0344300898437
0 0.204604001172 0.612543894444 0.0748110638889 0.0478195695312
0 0.4813145125 0.610309379861 0.0639175375 0.041752584375
0 0.418105738281 0.61958773125 0.131958784722 0.073067021875
0 0.265592827344 0.614433090972 0.117525793056 0.0904639328125
0 0.677319699609 0.705154756944 0.249484577778 0.221520655469
0 0.106280619531 0.720206304861 0.4845361625 0.212242303125
