0 0.282828571094 0.495153284028 0.0153061291667 0.0198023046875
0 0.307796695312 0.496683895833 0.009183675 0.012914546875
0 0.322002696094 0.495153284028 0.0122449013889 0.012053578125
0 0.333195303125 0.493622670139 0.0153061291667 0.0086096984375
0 0.440816524219 0.500510429167 0.0137755166667 0.0103316375
0 0.421444705469 0.505102267361 0.0168367458333 0.012914546875
0 0.452870101172 0.513520638889 0.0275510333333 0.00688775859375
0 0.481282104297 0.50969410625 0.0290816458333 0.0172193960938
0 0.522608653125 0.530357380556 0.0397959361111 0.020663275
0 0.431776341797 0.533418606944 0.0642857444444 0.0456313976562
0 0.463632223828 0.515051252083 0.0336734847222 0.0198023054687
0 0.500223439453 0.538775751389 0.0627551277778 0.0430484898438
