0 0.482529883594 0.487317267361 0.0103979486111 0.009748078125
0 0.476193632812 0.488183763889 0.015596925 0.0107228859375
0 0.468395170313 0.489916755556 0.0225288916667 0.016571734375
0 0.456210072266 0.490783250694 0.0242618819444 0.0175465414062
0 0.443050166016 0.489050259028 0.0277278652778 0.00877327109375
0 0.520547389844 0.485584275694 0.0207958986111 0.0077984625
0 0.509337099609 0.487317268056 0.0381258166667 0.0224205804688
0 0.431839875781 0.486450771528 0.0398588097222 0.0214457734375
0 0.276845428125 0.539307019444 0.0866495861111 0.083833475
1 0.643373178516 0.440526490972 0.356996295833 0.198860800781
