0 0.314862934375 0.407253054861 0.0277278652778 0.009748078125
0 0.307064471484 0.421116989583 0.0519897513889 0.0175465414062
0 0.297803797266 0.419383997917 0.0589217180556 0.0224205804687
0 0.273921004687 0.453177336111 0.0987805277778 0.0350930828125
0 0.279282447656 0.423716476389 0.0745186416667 0.047765584375
0 0.22761763125 0.466174773611 0.228754905556 0.1121029
0 0.382124675781 0.423716477083 0.0502567597222 0.0428915453125
0 0.453285648437 0.450577848611 0.0831836027778 0.0428915453125
0 0.490328346875 0.426315964583 0.0554557347222 0.052639625
0 0.574161821094 0.575353252778 0.332734411111 0.325585820313
0 0.869528598828 0.646405913194 0.353530309722 0.259298888281
0 0.130136847266 0.571887270139 0.769448326389 0.258324078906
