0 0.530367578516 0.422809640278 0.0271903305556 0.0168240179688
0 0.518896657813 0.424169157639 0.0380664625 0.021412384375
0 0.512396469141 0.430966740972 0.0462235625 0.0221771132813
0 0.600340196094 0.437764323611 0.0543806611111 0.025236025
0 0.314331905859 0.499622326389 0.199848930556 0.149121969531
0 0.491366448437 0.432326256944 0.0516616277778 0.033648034375
0 0.427143090625 0.463694266667 0.088368575 0.0718844359375
0 0.564029412109 0.48544653125 0.148187301389 0.102473560156
0 0.633619664453 0.42698731875 0.0231117819444 0.0260007539062
0 0.153922757422 0.537863447222 0.359063427778 0.307845514844
