0 0.201398132422 0.3896009875 0.0228536888889 0.0477478867187
0 0.281284019141 0.384431700694 0.0277509069444 0.0385656007813
0 0.0122430429687 0.413815014583 0.0310157208333 0.0220374828125
0 0.326736334766 0.3743652 0.0163240638889 0.0137734320313
0 0.339132419531 0.389056856944 0.0457073777778 0.033056228125
0 0.240881961719 0.410278138889 0.0685610666667 0.07162183125
0 0.379687519141 0.412182611111 0.0816203222222 0.0642759976563
0 0.553232723047 0.3485187625 0.0228536888889 0.0146916570312
0 0.574351980469 0.352599776389 0.0212212805556 0.0165281125
0 0.613835809766 0.350151165972 0.0195888763889 0.0146916570312
0 0.534868152344 0.353415980556 0.0163240638889 0.0128552
0 0.493547864453 0.360761808333 0.0212212833333 0.0146916585937
0 0.458196064844 0.35423218125 0.0114268402778 0.018364571875
0 0.480233551172 0.373821059722 0.0375453472222 0.0220374867188
0 0.458196064063 0.380350685417 0.0506045986111 0.03672914375
0 0.696476383203 0.364842823611 0.0228536888889 0.0312197726563
0 0.720809440234 0.366475231944 0.0293833166667 0.0560119445313
0 0.808500267969 0.37137245 0.0261185027778 0.0532572578125
0 0.9026187 0.355048386806 0.0261185013889 0.0303015421875
0 0.798163199609 0.324582497917 0.0152830319444 0.0186261960938
0 0.760910807813 0.328403255556 0.0178302055556 0.0243573328125
