0 0.15711666875 0.55539474375 0.0722913791667 0.034044196875
0 0.194943552734 0.558757131944 0.0823785472222 0.0661970492188
0 0.361381844922 0.548669965972 0.0991904958333 0.0529576398437
0 0.455632557422 0.539998698611 0.0952975222222 0.0428679179687
0 0.557135974609 0.527655027083 0.1008716875 0.0643057039063
0 0.637540619531 0.543306152083 0.152988731944 0.159818589062
0 0.0857409371094 0.574408259722 0.107596472222 0.102132589844
0 0.792473236719 0.58085283125 0.186612634722 0.222232948437
1 0.385078465234 0.49447598125 0.165166470833 0.0731965773438
0 0.284174472656 0.548910127083 0.226961309722 0.1437421625
0 0.0300435609375 0.581299400694 0.164757101389 0.057686
0 0.951740131641 0.618254575694 0.225217893056 0.0953152539063
0 0.491211745703 0.553235671528 0.0952941819444 0.0908272679688
