0 0.127188565234 0.661472770833 0.388489522222 0.252669942969
0 0.80256849375 0.822938727778 0.347212508333 0.393345640625
0 0.628431100391 0.703963811806 0.318075795833 0.244475241406
0 0.460439733203 0.594701134028 0.191816701389 0.129749430469
0 0.230988109375 0.521859349306 0.0655576069444 0.0314130203125
0 0.258986670313 0.530357556944 0.0534173083333 0.0218525359375
0 0.271278722266 0.519431288889 0.0558453694444 0.0355103710937
0 0.304057525391 0.523073378472 0.0582734291667 0.0464366382812
0 0.339567895312 0.510933079861 0.0339928319444 0.0245841015625
0 0.377809832813 0.518217259722 0.0339928333333 0.024584103125
0 0.40580839375 0.509719051389 0.0364208944444 0.03141301875
