0 0.926554858203 0.534627947222 0.188896097222 0.145246369531
0 0.492765365625 0.445378874306 0.0450577875 0.03801750625
0 0.459134495703 0.433247931944 0.0346598333333 0.0253450039062
0 0.432814683984 0.431514939583 0.0242618847222 0.0155969257813
0 0.407469680078 0.430648443056 0.0190629111111 0.0155969257813
0 0.3835868875 0.428915452083 0.0190629097222 0.0165717328125
0 0.807628300391 0.481771700694 0.1802311375 0.192037146094
0 0.68870174375 0.469640757639 0.1282413875 0.12185098125
0 0.610229711328 0.467907766667 0.0831836027778 0.0623877023438
0 0.573674416797 0.460109304167 0.0675866777778 0.0516648148438
0 0.339720533594 0.428048954861 0.0277278680556 0.0263198109375
