0 0.251453644141 0.424104152083 0.0356604097222 0.0272229023437
0 0.222081567187 0.427924911806 0.0433019291667 0.0343868234375
0 0.355330507812 0.401179604861 0.0254717236111 0.020058978125
0 0.762957642578 0.393538088889 0.112075577778 0.144711217969
0 0.38971733125 0.410094706944 0.0331132361111 0.0085967078125
0 0.398314035547 0.412641879167 0.0382075805556 0.0114622742188
0 0.412641878125 0.413915464583 0.0458490986111 0.0229245484375
0 0.428402507422 0.413915465278 0.0560377833333 0.0229245492188
0 0.456341800781 0.412641877083 0.0789623347222 0.0558785875
0 0.916265563281 0.357877677778 0.117169911111 0.09169819375
0 0.9234294875 0.410094708333 0.114622738889 0.0945637640625
0 0.154024313672 0.426651325694 0.0611321291667 0.0530130210937
0 0.123935841016 0.438113601389 0.0585849583333 0.0444163132812
0 0.0766539605469 0.443207947917 0.0840566791667 0.0759375679688
