0 0.66481895 0.274679188889 0.0190629083333 0.0155969234375
0 0.560027107422 0.270346709722 0.0207959 0.0107228867188
0 0.549791625 0.275545683333 0.0277278694444 0.01169769375
0 0.567338166016 0.273812692361 0.0381258180556 0.00974807734375
0 0.579035859766 0.278145170833 0.0502567583333 0.0233953882813
0 0.715021555078 0.299807569444 0.0797176194444 0.0770098195312
0 0.700399436328 0.262548247222 0.0259948777778 0.0282694273437
0 0.478143248437 0.249550809028 0.0207959013889 0.0068236546875
0 0.461084110938 0.258215766667 0.01039795 0.009748078125
0 0.452310841016 0.264281238889 0.0121309444444 0.0116976945312
0 0.426478431641 0.253883288194 0.0121309430556 0.0146221179688
0 0.426965835937 0.266880727778 0.0138639361111 0.013647309375
0 0.413318526563 0.259948759722 0.0138639361111 0.013647309375
0 0.411856315234 0.271213206944 0.00866495833333 0.0126725023437
0 0.379200251563 0.263414741667 0.0207959 0.0389923125
0 0.324123608594 0.257349271528 0.0259948763889 0.036067890625
0 0.290980141797 0.262548246528 0.0329268430556 0.0263198117188
0 0.202272628516 0.262548245833 0.0502567583333 0.0360678914062
0 0.225668016016 0.259082263194 0.0467907763889 0.0594632773438
0 0.0750602042969 0.259948758333 0.0693196666667 0.148170792969
0 0.526396236328 0.285943635417 0.0727856541667 0.0467907773438
0 0.609254903516 0.292009104861 0.0779846263889 0.0604380867188
0 0.861242732031 0.371726725694 0.289409618056 0.275870620312
