0 0.506430922656 0.394218472222 0.0281249805556 0.015820303125
0 0.520932865625 0.388359100694 0.0257812319444 0.0158203015625
0 0.494565696094 0.396562220139 0.0234374847222 0.013183584375
0 0.480722932031 0.396562220833 0.0328124777778 0.0250488109375
0 0.453696583594 0.39890596875 0.0562499625 0.0342773203125
0 0.438535460937 0.4082809625 0.0515624638889 0.0408691125
0 0.582895713281 0.388359100694 0.0257812319444 0.013183584375
0 0.598056835938 0.388359100694 0.0351562263889 0.02241209375
0 0.621128108984 0.39890596875 0.0562499625 0.0421874710937
0 0.937534141797 0.386015352778 0.0679687027778 0.0553710554687
0 0.834702180859 0.461015300694 0.1992186125 0.192480336719
0 0.143882343359 0.477421539583 0.194531115278 0.174023317969
0 0.400303065625 0.425859075 0.0726562 0.0514159796875
0 0.547300034375 0.410624710417 0.0749999486111 0.0500976203125
0 0.660678863281 0.410624710417 0.0796874458333 0.087011659375
0 0.0383230308594 0.502030897917 0.229687343056 0.0766460617188
0 0.9368749625 0.493827778472 0.302343543056 0.125244054688
