0 0.612984325391 0.402249977778 0.0285 0.0160312476562
0 0.627749949219 0.405999978472 0.0210000013889 0.0118125
0 0.550968705078 0.403749975694 0.0254999958333 0.0134999992187
0 0.536624957031 0.408999976389 0.0359999972222 0.0202499984375
0 0.513843707812 0.416499975694 0.0569999958333 0.040499996875
0 0.781171807422 0.431829655556 0.0890593555556 0.0767812445312
0 0.959624919141 0.483109334722 0.154499988889 0.0793124945313
0 0.1315312375 0.695359313889 0.58499995 0.25987498125
0 0.356990601953 0.441299959722 0.0569999944444 0.0599062445312
0 0.449381217969 0.457049960417 0.121499993056 0.099562490625
0 0.566662458984 0.414299971528 0.0509999958333 0.0337499976563
0 0.654665580469 0.418799972222 0.0809999916667 0.05788125
0 0.852356191406 0.451799970139 0.107999990278 0.126562489063
1 0.589359328906 0.388049977083 0.0704999958333 0.036281246875
