0 0.0803034855469 0.608469992361 0.102566698611 0.0997946226562
0 0.140336187891 0.615400173611 0.108110841667 0.120065405469
0 0.402297073047 0.596688681944 0.0207905472222 0.0187114929688
0 0.384365225391 0.583521335417 0.0554414569444 0.0389822726563
0 0.382026290234 0.59668868125 0.0706878569444 0.0498973117187
0 0.436211651172 0.602232827778 0.0762320055556 0.0522362476562
0 0.564073510938 0.61193508125 0.0817761486111 0.03976191875
0 0.59525933125 0.623023372917 0.0900923652778 0.0569141203125
0 0.501701872656 0.659753338194 0.199589243056 0.137997251563
0 0.294316172266 0.614014135417 0.146919859722 0.217521091406
1 0.806543259766 0.581442279861 0.796970943056 0.385924519531
