0 0.751888705469 0.376178277778 0.0212107111111 0.016843803125
0 0.744168629297 0.386159793056 0.0112292027778 0.00842190078125
0 0.728026651172 0.384912104167 0.0212107166667 0.0168438054687
0 0.715393797266 0.379921347917 0.0162199597222 0.0140365023438
0 0.70100638125 0.385535947917 0.0224584041667 0.0175456265625
0 0.674687940234 0.389279015972 0.0224584041667 0.0224584070312
0 0.646965844922 0.393645928472 0.0237060930556 0.0189492789063
0 0.267395382031 0.477033164583 0.1222735375 0.136154079687
0 0.472211362109 0.43336404375 0.0424214263889 0.0442149851562
0 0.566606846094 0.410281796528 0.0286968513889 0.032283959375
0 0.602049013281 0.402795661806 0.0336876069444 0.0273711796875
0 0.812128683984 0.385743900694 0.0311922236111 0.0371967335938
