0 0.167677823828 0.351795564583 0.0273480652778 0.0125863242187
0 0.145302135156 0.348066284028 0.0497237541667 0.0405559375
0 0.264872225781 0.360497222222 0.0497237555556 0.03915745625
0 0.292142597266 0.358011034722 0.0248618777778 0.0153832867187
0 0.320112209766 0.358011032639 0.0298342513889 0.0209772085937
0 0.346473569141 0.365469598611 0.0323204416667 0.0265711320313
0 0.377240141797 0.374171254861 0.0497237541667 0.0405559382812
0 0.760423827734 0.381629815972 0.0546961291667 0.0992921226563
0 0.655537781641 0.389088380556 0.0447513805556 0.0377589757813
0 0.0485972003906 0.356767940278 0.0795580083333 0.0936981992188
