0 0.481269575781 0.5182461 0.021327 0.00599821875
0 0.490266903516 0.519312451389 0.0191943 0.0119964367187
0 0.496265123438 0.539573100694 0.0383885986111 0.0287914515625
0 0.454277590625 0.527843252778 0.0191943 0.0119964375
0 0.441081510547 0.533175 0.0170616 0.0143957257812
0 0.346309653516 0.544904850694 0.0490520986111 0.0407878882813
1 0.467473673438 0.52357785 0.0319905 0.014395725
0 0.079988740625 0.538506751389 0.0319905 0.02879145
0 0.049397825 0.538506751389 0.0362559 0.01559536875
0 0.0250894585938 0.540639450694 0.0533175013889 0.0498163765625
