1 0.137294325 0.315138899306 0.459707568056 0.27458865
1 0.347718033203 0.327619647222 0.309938586111 0.150939050781
0 0.478765892969 0.392103513194 0.222573345833 0.118177089062
0 0.550725207422 0.372342329167 0.0457627444444 0.0257415429688
0 0.715120065234 0.205932349306 0.145608731944 0.0900954023437
0 0.842072678516 0.163289793056 0.218413097222 0.182530946094
0 0.952059274609 0.108166486806 0.216332973611 0.0912654726562
0 0.7976100125 0.324499459722 0.195531725 0.177850665625
0 0.92163745 0.35050101875 0.284977090278 0.14976898125
1 0.830957013672 0.393143576389 0.411864697222 0.335810136719
