0 0.362141114453 0.385590659722 0.109178480556 0.0711609726562
0 0.333871687109 0.358729286111 0.0658536861111 0.0224205804687
0 0.316325145703 0.356129798611 0.0953145444444 0.0204709648438
0 0.285131294922 0.356996295139 0.110911470833 0.0731105867187
0 0.275870621094 0.368260740972 0.109178476389 0.0565388546875
0 0.235416095313 0.372593220139 0.142105320833 0.080909053125
0 0.127699827734 0.373459716667 0.22008995 0.193011953906
0 0.0541798320312 0.426823865278 0.262398941667 0.108047678125
0 0.404545255859 0.3561298 0.025994875 0.0155969257813
0 0.429890260938 0.343132361111 0.0415918 0.0292442359375
0 0.526396235938 0.366527750694 0.0259948763889 0.046790775
0 0.527858448047 0.389923136806 0.0519897513889 0.0458159679688
0 0.578061052734 0.403787072222 0.121309419444 0.0916319382813
0 0.615591154688 0.428215786111 0.120975761111 0.1043044375
0 0.795443201953 0.469640757639 0.336200395833 0.327535435156
0 0.458289664453 0.382742952083 0.0748844902778 0.102966175781
