0 0.989599813281 0.403827907639 0.0198894986111 0.0111878453125
0 0.977712729688 0.397612439583 0.0273480652778 0.0041954421875
0 0.970720325781 0.401341720833 0.0198895027778 0.006992403125
0 0.939254512109 0.403827908333 0.0248618777778 0.00839088359375
0 0.928765907812 0.405071002083 0.0273480652778 0.020977209375
0 0.917578063281 0.411286472222 0.0298342527778 0.0237741703125
0 0.902194776563 0.412529565972 0.0372928152778 0.0237741703125
0 0.877022125391 0.420343307639 0.0472375652778 0.0349620148437
0 0.859541117188 0.424072588194 0.0497237541667 0.019578728125
0 0.835067707812 0.419100211806 0.0696132541667 0.0377589765625
0 0.558168548437 0.434017339583 0.0696132569444 0.074119471875
0 0.393847076953 0.422474316667 0.0720994472222 0.0895027570313
0 0.356088102344 0.406314096528 0.0198895013889 0.01678176875
0 0.467389627734 0.429932879861 0.0720994430556 0.121912449219
0 0.807098095703 0.44236381875 0.0671270680556 0.0545407429687
0 0.952540078125 0.412529565278 0.0422651916667 0.02657113125
