0 0.560258012891 0.48739273125 0.121158495833 0.110615097656
0 0.322541253906 0.45350839375 0.0564406652778 0.0454766875
0 0.252181098047 0.400881284722 0.0305084694444 0.0214512679688
0 0.21657199375 0.377237220833 0.0198305055556 0.0171610140625
0 0.0814290105469 0.3848643375 0.0350847388889 0.0231673679687
0 0.504018971875 0.455033811111 0.07474575 0.0463347375
0 0.466693767578 0.463423638889 0.100677944444 0.0643538023437
0 0.42207513125 0.456559235417 0.0594915152778 0.052341090625
0 0.276635541016 0.396305007639 0.0244067736111 0.0137288101563
0 0.200783858594 0.365186386806 0.0152542347222 0.012012709375
0 0.223608013281 0.364423672917 0.0106779652778 0.0102966078125
0 0.0616938441406 0.377999927083 0.0244067763889 0.0197351648437
0 0.101164176562 0.366559251389 0.0198305055556 0.0214512671875
0 0.126476671094 0.358169420139 0.0305084708333 0.0291737234375
0 0.189114371094 0.359694845139 0.0122033875 0.0102966078125
0 0.25810164375 0.379220274306 0.0207457708333 0.0212796546875
0 0.179246787109 0.356644001389 0.0122033888889 0.00772245546875
0 0.242056103906 0.373576213889 0.0106779638889 0.0128707609375
0 0.234333646484 0.368237234028 0.0122033875 0.0111546585938
