0 0.150474135547 0.4082809625 0.0890624388889 0.0527343398437
0 0.052915609375 0.397734095833 0.0539062138889 0.0369140359375
0 0.0990581554687 0.419999704861 0.117187418056 0.081738225
0 0.352182980859 0.404765338889 0.039843725 0.0184570179687
0 0.371299179297 0.408280961111 0.0656249555556 0.0329589617188
0 0.395029631641 0.416484081944 0.0585937111111 0.0487792632813
0 0.435239565234 0.423515326389 0.0679687027778 0.0500976226562
0 0.458310837891 0.429374697917 0.0796874458333 0.0329589617188
0 0.482041290625 0.435234067361 0.0914061847222 0.046142546875
0 0.535434808594 0.449296559722 0.124218666667 0.094921809375
0 0.238144974609 0.423515327778 0.105468677778 0.0698729992187
0 0.0337994109375 0.487968408333 0.210937352778 0.0672362828125
