0 0.656633152344 0.45785124375 0.0508593319444 0.06046321875
0 0.404076870703 0.451171563889 0.0187499861111 0.0118652257813
0 0.393530003516 0.46289030625 0.0421874708333 0.0250488101563
0 0.440990907812 0.462890306944 0.037499975 0.009228509375
0 0.450878596094 0.447655943056 0.0210937333333 0.0105468671875
0 0.458129567969 0.451171565972 0.0234374847222 0.0197753765625
0 0.460107104687 0.458202809722 0.0281249805556 0.0158203015625
0 0.477904944922 0.446484070139 0.0140624930556 0.0250488101562
0 0.256420722266 0.478626888889 0.0492187166667 0.0276855273437
0 0.696274541797 0.436405943056 0.037499975 0.0369140367187
0 0.420737621875 0.463359048611 0.0585937083333 0.0342773203125
0 0.481382110938 0.461015301389 0.0398437222222 0.03427731875
0 0.153790295312 0.549836622917 0.269048834722 0.243936845313
0 0.984335867578 0.798515067361 0.114843670833 0.0303222460938
