1 0.0513875824219 0.583254579861 0.2209534125 0.0983364101563
0 0.939146841016 0.69303754375 0.106834618056 0.117457378906
1 0.227573650391 0.595915165278 0.0534173083333 0.0300472367188
0 0.12377410625 0.620195759028 0.0679856652778 0.0546313390625
0 0.16201604375 0.617767699306 0.0194244763889 0.01912096875
0 0.172259419922 0.611697550694 0.0315647763889 0.0259498867188
1 0.192746172266 0.600771282639 0.0485611902778 0.0204867523437
0 0.351177053906 0.650546500694 0.0558453652778 0.02048675
0 0.360054648438 0.633550088194 0.0461331347222 0.0218525359375
0 0.401028153125 0.628693966667 0.0121402972222 0.0109262703125
0 0.425612255469 0.63233605625 0.0242805958333 0.0218525375
0 0.822372353906 0.686967395833 0.0752698444444 0.1188231625
0 0.698768949609 0.671185008333 0.0631295472222 0.0819470085938
0 0.539655174609 0.654188591667 0.0388489527778 0.0396077210938
1 0.548532767187 0.633550086111 0.070413725 0.111994245313
0 0.451562140234 0.637192175694 0.0194244763889 0.0245841023438
0 0.5014132375 0.701535754167 0.128687158333 0.1188231625
0 0.291113203125 0.674189490972 0.169322001389 0.0926694734375
0 0.251642871484 0.595630183333 0.0183050805556 0.0154449117187
