0 0.467731096875 0.475114642361 0.0217705486111 0.015007415625
0 0.421208111328 0.481126604861 0.0302371625 0.0220108757812
0 0.340168070703 0.476679961806 0.0426877569444 0.0220108757813
0 0.319157689453 0.485573245833 0.0426877555556 0.0200098867188
0 0.304650521875 0.484683918056 0.0409091 0.017008403125
0 0.592792887109 0.455336084722 0.0320158166667 0.00700346015625
0 0.601297088672 0.459782724306 0.0266798486111 0.0100049429688
0 0.613303020703 0.461561381944 0.02667985 0.0140069210937
0 0.748946138672 0.463429769444 0.0695470694444 0.0551794617188
0 0.8328115 0.499802498611 0.142292527778 0.150074148437
0 0.632212357031 0.488241229861 0.0800395458333 0.0530261984375
0 0.398596933594 0.491798545139 0.0373517875 0.028013840625
0 0.444619686328 0.477569290278 0.0409091 0.0320158179688
0 0.536665149609 0.505138466667 0.209881477778 0.116057341406
0 0.6952435 0.514483258333 0.169848016667 0.117057834375
0 0.938363651172 0.556719508333 0.156521777778 0.123060802344
