0 0.479560164453 0.413265491667 0.0306122583333 0.0189413351563
0 0.441677494531 0.415561411806 0.0413265513889 0.0275510328125
0 0.424888583984 0.414796104167 0.0397959361111 0.0284120039062
0 0.407669187891 0.419387944444 0.0459183861111 0.0387436398437
0 0.390449792578 0.42244916875 0.0551020652778 0.0387436398438
0 0.357732941797 0.42397978125 0.0612245180556 0.0490752757812
0 0.200762503125 0.423166645139 0.168367423611 0.213520503125
0 0.285998509375 0.420105420139 0.1224490375 0.12053576875
0 0.108104333203 0.440400178472 0.199812373611 0.215998158594
0 0.0675861273437 0.515751992361 0.165435331944 0.135172254687
0 0.523039138281 0.410969571528 0.0443877736111 0.0163584265625
0 0.544563382422 0.424745088194 0.0811224875 0.0232461835937
0 0.678013697656 0.370408327778 0.0214285805556 0.0421875203125
0 0.691789213281 0.442347134722 0.153061291667 0.0542410953125
0 0.815768860938 0.470663475694 0.221938876389 0.217825353125
0 0.609566600391 0.446938975694 0.171428648611 0.115369950781
0 0.924251052734 0.566326786806 0.290816456944 0.148947771094
0 0.500827780078 0.418813057639 0.0694052513889 0.0474609429687
