0 0.485815095312 0.483515295139 0.0210937347222 0.0092285078125
0 0.477245765234 0.502265281944 0.0632812055556 0.0131835835938
0 0.4495602375 0.497577785417 0.0867186902778 0.050097621875
0 0.409350305469 0.508124652778 0.0890624388889 0.0566894140625
0 0.369140371094 0.522187143056 0.117187419444 0.06328120625
0 0.714072381641 0.523124632639 0.0843749402778 0.0461425476562
0 0.210459446484 0.50789026875 0.283593554167 0.272900203906
0 0.829428747266 0.524296508333 0.138281155556 0.160839733594
0 0.0469829960937 0.543046494444 0.208593605556 0.0936034515625
0 0.584873251172 0.530155878472 0.323437276389 0.230712732031
0 0.854477558594 0.596952707639 0.246093581944 0.290038864063
