0 0.064824721875 0.471373749306 0.339666379167 0.12964944375
0 0.156456659375 0.504300592361 0.124775404167 0.106254054687
0 0.355317460547 0.498235120833 0.0814506111111 0.0536144320313
0 0.372864001172 0.467041270833 0.0294608638889 0.0204709648437
0 0.385049099609 0.464441783333 0.0346598361111 0.0233953898438
0 0.4084444875 0.460109303472 0.0363928263889 0.0214457734375
0 0.423066605469 0.451444344444 0.0225288916667 0.0097480796875
0 0.430865068359 0.450577848611 0.0207959 0.00974807890625
0 0.440125742188 0.454043832639 0.0207959013889 0.0087732703125
0 0.603406056641 0.451444344444 0.0710526611111 0.0526396242188
0 0.818838591797 0.550224872917 0.0710526597222 0.0994304007812
0 0.959698324219 0.568421286111 0.0797176194444 0.0789594359375
0 0.275383216406 0.523363500694 0.197561056944 0.139397521875
