0 0.132017117188 0.395390345139 0.0726561986111 0.0791015078125
0 0.417441725391 0.389530974306 0.0234374819444 0.0171386601563
0 0.437876282031 0.393046597917 0.0304687291667 0.0158203015625
0 0.453696583984 0.391874724306 0.0374999763889 0.0158203023438
0 0.465561809766 0.395390345833 0.0539062111111 0.0237304523438
0 0.480722932031 0.409452836111 0.0679687027778 0.035595678125
0 0.317905661328 0.394218472222 0.0328124777778 0.0290038867188
0 0.394370452734 0.397734094444 0.0445312194444 0.0316406039063
0 0.512363534766 0.416484081944 0.105468677778 0.0593261304688
0 0.248032662109 0.404765339583 0.0914061875 0.0738280742188
0 0.0818288605469 0.523124632639 0.449999690278 0.163657721094
