0 0.381486010156 0.492927635417 0.0408552652778 0.02597861875
0 0.357006157031 0.495592107639 0.0248684208333 0.010990953125
0 0.350511503516 0.49825658125 0.0266447375 0.0119901320313
0 0.335523839062 0.49825658125 0.0266447375 0.0139884875
0 0.28056906875 0.492927634028 0.0124342097222 0.0159868421875
0 0.267080170312 0.509802634028 0.0461842097222 0.0329728625
0 0.234107308984 0.509802634028 0.0497368430556 0.0369695742188
0 0.191142669531 0.509802634028 0.0710526319444 0.060949834375
0 0.479405417969 0.493815792361 0.0213157902778 0.0099917765625
0 0.549847441016 0.498256581944 0.0479605277778 0.0309745070313
1 0.456923921094 0.47782895 0.0177631583333 0.0229810859375
0 0.309545219531 0.498256582639 0.0657236875 0.04995888125
0 0.459421865234 0.499144740278 0.0390789472222 0.0279769742187
0 0.508381569922 0.499144740278 0.0710526305556 0.0559539476563
0 0.585817835156 0.506250001389 0.0603947333333 0.04496299375
0 0.08922655 0.523125002778 0.143881580556 0.152874176562
0 0.0283766398438 0.519572371528 0.104802631944 0.0567532796875
0 0.968502871094 0.464506581944 0.0976973694444 0.0609498359375
0 0.406007467969 0.488703665972 0.0277278652778 0.0107228859375
