0 0.168954059375 0.472581644444 0.0603990361111 0.0826405734375
0 0.100086916406 0.474214053472 0.0799879097222 0.117533257812
0 0.622099867187 0.478295070139 0.0326481291667 0.0293833140625
0 0.524767636719 0.469316830556 0.0212212805556 0.0202010296875
0 0.542673094141 0.470949238194 0.0244860958333 0.0174463429688
0 0.545886894531 0.475846456944 0.0212212833333 0.0128552015625
0 0.555069180859 0.479111270833 0.0310157222222 0.0146916585938
0 0.454064035156 0.470949240972 0.0277509069444 0.0202010296875
0 0.445340864453 0.47503025625 0.0261185013889 0.0229557132813
0 0.424221605469 0.477478863194 0.0375453458333 0.026628628125
0 0.356272691797 0.468500629167 0.0424425638889 0.0358109148438
0 0.409989064063 0.482376080556 0.0440749722222 0.0220374859375
0 0.644137352344 0.5158404125 0.0881499444444 0.0495843453125
0 0.681784725 0.528899664583 0.114268448611 0.0789676578125
0 0.029842428125 0.529715867361 0.226904484722 0.058766628125
0 0.2557266625 0.503597365972 0.122430479167 0.11661503125
0 0.388410691406 0.488905709028 0.0506045986111 0.0422385140625
0 0.57113818125 0.485640897917 0.0473397847222 0.0348926859375
0 0.791381869922 0.5420755375 0.226904483333 0.202010288281
