0 0.249968219922 0.331887904167 0.0903061638889 0.0482143054688
0 0.283976526172 0.332653211806 0.0826530986111 0.0439094585938
0 0.422162174219 0.315051164583 0.0382653236111 0.0154974546875
0 0.407525689453 0.315816470139 0.0397959347222 0.0172193960937
0 0.507828667188 0.285204208333 0.0153061305556 0.018080365625
0 0.518160305859 0.300510340278 0.0214285833333 0.0111926070313
0 0.506537212891 0.302806261111 0.0198979694444 0.0120535773438
0 0.580006642578 0.292857275694 0.0244898069444 0.0223852148438
0 0.539971548047 0.3058674875 0.0658163583333 0.0507972148438
0 0.582589551172 0.303571564583 0.0275510319444 0.0154974554688
0 0.594643126562 0.319643 0.0658163555556 0.0275510296875
0 0.134598270703 0.406122629167 0.257142972222 0.266900628906
0 0.348118774609 0.333673620833 0.134693938889 0.111926071094
0 0.46650211875 0.318367490972 0.1285714875 0.08351406875
0 0.551738128516 0.332143005556 0.0979592222222 0.0680166101563
0 0.634391238281 0.328316475694 0.108673518056 0.081792128125
