0 0.432270469922 0.450647840972 0.0145683569444 0.0122920523438
0 0.407686367187 0.449433811111 0.0169964166667 0.012292053125
0 0.393345639844 0.453075899306 0.0242805930556 0.0163894015625
0 0.378322022656 0.45793201875 0.0339928319444 0.0218525359375
0 0.359883945313 0.46036008125 0.0485611930556 0.028681453125
0 0.340762976562 0.465216198611 0.0534173083333 0.0259498859375
0 0.317544658203 0.471286347222 0.0607014888889 0.0423392882812
0 0.2881803125 0.483426644444 0.0704137277778 0.0437050703125
0 0.219208247656 0.490710824306 0.118974915278 0.10789689375
0 0.101750868359 0.528345745139 0.1505396875 0.148870399219
0 0.0259498859375 0.559910519444 0.1796764 0.051899771875
0 0.420524744141 0.450647840972 0.0242805930556 0.0150236179688
0 0.462864032812 0.443363663889 0.019424475 0.01502361875
0 0.477204758594 0.443363663194 0.0145683569444 0.0109262671875
0 0.492911268359 0.442149632639 0.0315647736111 0.0204867523438
0 0.512032237109 0.450647840972 0.0437050708333 0.0204867539062
0 0.518861153906 0.455503961111 0.0388489527778 0.0177551859375
0 0.548908390625 0.445791719444 0.0728417833333 0.0450708546875
0 0.580321410938 0.461574110417 0.0849820819444 0.0587286890625
0 0.606954189453 0.47007231875 0.101978498611 0.0518997742187
0 0.656122373828 0.480998586111 0.128687155556 0.0464366398437
0 0.723045762891 0.491924853472 0.1748202875 0.0956048429687
0 0.862355677734 0.529318204861 0.318558968056 0.270425127344
