0 0.486185413281 0.453177336111 0.0173299166667 0.0126725015625
0 0.487647625 0.461842294444 0.0207959 0.01169769375
0 0.494471280469 0.467907765972 0.0329268430556 0.017546540625
0 0.507143782031 0.467907765278 0.0398588111111 0.0214457734375
0 0.512992629688 0.4817717 0.0537227444444 0.021445771875
0 0.532001382031 0.486970675694 0.0745186458333 0.036067890625
0 0.542236864062 0.49216965 0.0814506111111 0.0448411609375
0 0.571481099609 0.509499568056 0.0987805305556 0.0818838585937
0 0.477899545703 0.466174773611 0.025994875 0.0116976945313
0 0.452067139063 0.462708791667 0.0155969277778 0.008773271875
0 0.443293867969 0.463575286111 0.0207959 0.0165717328125
0 0.462790024609 0.4687742625 0.0381258194444 0.0243701960937
0 0.423310307422 0.466174775 0.0225288944444 0.0214457726563
0 0.401377130859 0.465308277778 0.0346598361111 0.0224205804687
0 0.380418761719 0.466174774306 0.0433247930556 0.0311938515625
0 0.302434133984 0.484371186111 0.0727856527778 0.0623877023437
0 0.224936910156 0.499101618056 0.109178480556 0.0965059765625
0 0.894336347266 0.587430038889 0.275545683333 0.208265503906
