0 0.084063678125 0.387938309028 0.0273985319444 0.0112084890625
0 0.0931705773437 0.392919861111 0.0323800833333 0.018213796875
0 0.100876414453 0.4003921875 0.0423431861111 0.0140106132813
0 0.109282782031 0.405373738889 0.0523062888889 0.016812734375
0 0.128197110547 0.407864513889 0.0622693888889 0.0378286554688
0 0.136603476562 0.419073005556 0.0498155138889 0.0350265328125
0 0.186341154297 0.430281495833 0.117066455556 0.0840636773438
0 0.195448052734 0.461416192361 0.0996310291667 0.0462350226562
0 0.0343260019531 0.382645411111 0.0217942861111 0.0210159195312
0 0.0609461667969 0.401014880556 0.0547970638889 0.0378286554688
0 0.254993158984 0.469511211806 0.1419742125 0.112084905469
