0 0.528478910156 0.510411579167 0.0275510305556 0.013775515625
0 0.510398544531 0.516534033333 0.0428571638889 0.02582909375
0 0.473807328906 0.5127075 0.0841837111111 0.0352997609375
0 0.442812417578 0.521125871528 0.101020454167 0.0559630351562
0 0.41569186875 0.544085065972 0.131632709722 0.070599521875
0 0.323568103906 0.567809565278 0.194387841667 0.154974560938
0 0.133372049609 0.67961410625 0.472541501389 0.266744099219
0 0.574384248047 0.512568348611 0.0290816472222 0.0180803648438
0 0.586437825 0.513333654861 0.0397959375 0.012914546875
0 0.598491401172 0.519456107639 0.0459183875 0.0180803632813
0 0.629055829687 0.525578559722 0.0765306472222 0.044770428125
0 0.71300038125 0.549303059028 0.185204165278 0.133450314062
0 0.8417153625 0.618180640972 0.322959329167 0.247959292188
0 0.954815479688 0.71154803125 0.451530815278 0.0878189171875
