0 0.0545143542969 0.809320323611 0.190428311111 0.107115924219
0 0.867925911328 0.629943654167 0.287342722222 0.263007852344
0 0.162313416016 0.697589428472 0.362882520833 0.323807071094
0 0.315541107031 0.620956606944 0.181927047222 0.129112946875
0 0.477649582813 0.571649276389 0.0323048027778 0.009563921875
0 0.466172876563 0.565698391667 0.0476070777778 0.013389490625
0 0.431742758984 0.57419965625 0.108816179167 0.0631218851563
0 0.387270521094 0.587801678472 0.132619718056 0.0851189046875
0 0.542684251172 0.583551045833 0.0187027805556 0.0114767054688
0 0.559421114453 0.571649275694 0.0391058152778 0.0258225882812
0 0.577592566406 0.5631480125 0.0527078361111 0.0181714515625
0 0.614891861328 0.551246243056 0.0901133972222 0.0564271382812
0 0.648843785547 0.569098897917 0.0986146625 0.0688602382813
0 0.718250548437 0.594602688889 0.142821233333 0.116679846875
