0 0.441148064453 0.498156877778 0.0412770138889 0.0382419367187
0 0.576360626953 0.503012999306 0.0364208930556 0.0300472367187
0 0.157528955469 0.516367327083 0.101978498611 0.100140265625
0 0.554508091016 0.496942842361 0.0339928347222 0.0163894023437
0 0.544264714844 0.494514780556 0.0291367111111 0.0150236171875
0 0.265644886328 0.517581352083 0.0428957208333 0.0368761523438
0 0.221256921875 0.514343940278 0.0655576055556 0.0518997703125
0 0.827209530859 0.565333193056 0.143255513889 0.139309913281
0 0.937155099219 0.590179788194 0.191037906944 0.121554728125
0 0.38788250625 0.493300756944 0.044514425 0.05736290625
0 0.331885385547 0.500989613194 0.0437050680556 0.0355103695313
0 0.289546097266 0.508273791667 0.0534173083333 0.0464366382812
0 0.466415057812 0.491277375 0.0291367138889 0.01229205
0 0.484853132031 0.493705434722 0.0339928333333 0.0245841015625
0 0.528558204687 0.49977558125 0.0267086541667 0.013657834375
0 0.509437235938 0.495324138194 0.0242805930556 0.0163894015625
