0 0.247036123047 0.517525859722 0.0556701138889 0.0463917601563
0 0.480734614453 0.483505234028 0.0206185597222 0.0104381460937
0 0.473775851172 0.491752659028 0.0329896986111 0.0104381460938
0 0.539884109766 0.492783586111 0.0391752638889 0.0127577335937
0 0.551482049609 0.500000081944 0.0618556805556 0.0220360867187
0 0.181667230469 0.534433077778 0.0536082555556 0.047551553125
0 0.0789779253906 0.545633331944 0.0930634305556 0.0975177648438
0 0.292427557422 0.513814515972 0.0618556763889 0.0603092882812
0 0.504089963672 0.491134101389 0.0494845444444 0.0289948507813
0 0.582376058203 0.509690806944 0.094845375 0.0649484648438
0 0.410146649609 0.489072246528 0.0371134069444 0.0266752632813
1 0.44262088125 0.47979389375 0.0927835208333 0.045231965625
0 0.38748611875 0.497368625694 0.0207959013889 0.0165717328125
