0 0.381985598437 0.405888160417 0.0515131597222 0.026977796875
0 0.369495878125 0.395230265278 0.0230921055556 0.0139884875
0 0.401969150391 0.409440792361 0.0550657902778 0.0449629929688
0 0.410462161328 0.432532899306 0.0586184236111 0.0479605273438
0 0.421453114844 0.44407895 0.0639473666667 0.0279769734375
0 0.477906651172 0.452960529167 0.152763158333 0.116903783594
0 0.236105663672 0.389901317361 0.0195394736111 0.0149876632812
0 0.214123755469 0.397894738889 0.0319736833333 0.0149876640625
0 0.173657062109 0.397894736806 0.0248684236111 0.0219819085937
0 0.132690777734 0.391677631944 0.0621710527778 0.0599506570313
0 0.0777360078125 0.400559213194 0.0444078930556 0.0479605265625
0 0.294057966797 0.382796054861 0.0301973680556 0.0269777960938
0 0.334524660937 0.415657898611 0.0923684222222 0.0599506578125
0 0.539855664844 0.512467106944 0.172302630556 0.144880757812
