0 0.157715603906 0.607024132639 0.0557401763889 0.03288330625
0 0.444179539062 0.583459186111 0.0557401777778 0.0435894984375
0 0.417796420703 0.590936527778 0.0163141972222 0.00764728046875
0 0.197172378516 0.608610243056 0.0190332333333 0.0175887445313
0 0.222026040234 0.603172175694 0.0353474291667 0.0290596664062
0 0.0732748585937 0.604324413194 0.164501501389 0.145298329688
0 0.261336253906 0.600906309028 0.0244712986111 0.021412384375
0 0.293454832031 0.598187273611 0.0299093638889 0.019882928125
0 0.333220691406 0.592749208333 0.0326283944444 0.032118578125
0 0.362662721094 0.590709934722 0.0339879111111 0.025236025
0 0.385222198047 0.596827756944 0.0271903305556 0.0198829289063
0 0.405105127344 0.593428967361 0.0176737152778 0.021412384375
0 0.241515030078 0.596105510417 0.0244712986111 0.0152945617187
0 0.454194323828 0.601883640972 0.0762951097222 0.0584134429687
0 0.821960593359 0.631553961806 0.0805337263889 0.0917925539062
