1 0.859038696094 0.64795885625 0.189291351389 0.143918629687
0 0.501582260547 0.680200790278 0.336980208333 0.243374594531
1 0.140030578125 0.543952620139 0.214252848611 0.245714734375
0 0.0278927632812 0.539792370833 0.168490105556 0.0557855265625
0 0.277513824609 0.562673742361 0.139368356944 0.0690341414062
0 0.323731594922 0.539792370833 0.0894453638889 0.0538232273438
0 0.598198373047 0.543952619444 0.0499229944444 0.0561633679687
0 0.619844669922 0.574114428472 0.0769646152778 0.0315918945313
0 0.654946775781 0.576194553472 0.0852851152778 0.0479728765625
0 0.685953636328 0.599075925694 0.106086359722 0.0936056148438
0 0.478630652344 0.508633071528 0.0294608597222 0.0916319375
0 0.956286496875 0.769448325694 0.117843434722 0.0526396234375
