0 0.562464126953 0.440526491667 0.0346598361111 0.0214457726563
0 0.461571515234 0.417997599306 0.0207959013889 0.0146221179688
0 0.425503624609 0.430128540972 0.0173299180556 0.0146221179688
0 0.413318526172 0.430995036806 0.0190629097222 0.0116976929687
0 0.402108236328 0.429262045139 0.0329268430556 0.00877327109375
0 0.366040346094 0.419730590972 0.0485237680556 0.0263198125
0 0.348981208984 0.435327516667 0.03119385 0.0233953882813
0 0.3246110125 0.437927003472 0.0398588097222 0.0370426984375
0 0.300728219922 0.440526490972 0.0519897513889 0.0341182742187
0 0.270021773438 0.443125979167 0.0502567611111 0.0448411609375
0 0.243701961719 0.440526491667 0.0589217194444 0.0428915453125
1 0.643373178125 0.472586838889 0.161168230556 0.101380015625
1 0.769123390625 0.374672805556 0.253016791667 0.232004267188
0 0.504950464062 0.4621888875 0.161168230556 0.101380015625
1 0.928991877344 0.434461020833 0.414185022222 0.140372329687
0 0.756938292578 0.527176077083 0.228754906944 0.223230997656
