0 0.544917585937 0.522843598611 0.178498147222 0.10332963125
0 0.0492277960937 0.51591163125 0.0987805291667 0.0984555921875
0 0.153044831641 0.508979664583 0.0883825791667 0.105279247656
0 0.230542055469 0.502914193056 0.0831836027778 0.0497152
0 0.328022840234 0.512445647917 0.0467907763889 0.0516648164063
0 0.408444487109 0.493382739583 0.0329268430556 0.0253450039063
0 0.426478432422 0.495115729861 0.0225288902778 0.00877327109375
0 0.438663530859 0.494249234722 0.0242618833333 0.0136473101563
0 0.452310840625 0.491649747917 0.0190629097222 0.009748078125
0 0.463033726953 0.493382738889 0.0190629083333 0.0136473101563
0 0.608767499609 0.50291419375 0.0277278680556 0.0165717335937
