1 0.0315528710938 0.384359036806 0.0533898208333 0.0626377
0 0.0731683292969 0.38817259375 0.0366101625 0.0326059257813
0 0.108348406641 0.390460729167 0.0381355861111 0.0480508382813
0 0.158973398047 0.376731920139 0.0442372791667 0.0549152429688
1 0.224614275781 0.369104802778 0.0686440555556 0.0849470171875
0 0.3035549375 0.388172595139 0.0183050791667 0.012870759375
0 0.279100492969 0.387409882639 0.0259321986111 0.0154449125
0 0.317283748438 0.385884459028 0.0198305041667 0.00943855625
0 0.328009383203 0.385121747222 0.024406775 0.0137288101563
1 0.358899206641 0.370630225694 0.0442372791667 0.0188771148437
1 0.412956399219 0.376731919444 0.02288135 0.012012709375
0 0.385498777734 0.38969801875 0.0610169375 0.0497669398437
0 0.469587745313 0.382070900694 0.0183050819444 0.0137288109375
0 0.454142832813 0.382070900694 0.0152542347222 0.012012709375
0 0.427430802344 0.385121747222 0.0183050805556 0.0139537296875
0 0.435694743359 0.381308188889 0.0167796583333 0.0111546585938
0 0.482458505859 0.384359036806 0.0137288097222 0.0102966085938
