0 0.554111425391 0.489057041667 0.0407547527778 0.0286556867187
0 0.584916287891 0.486509871528 0.0560377875 0.0386851773437
0 0.369998642188 0.485236282639 0.0382075791667 0.0272229015625
0 0.392206799219 0.485236286806 0.0433019263889 0.0286556859375
0 0.419429701172 0.485236282639 0.0382075791667 0.0315212554688
0 0.478890248437 0.496698558333 0.0560377861111 0.0329540390625
0 0.459547659375 0.513255177083 0.0942453680556 0.057311371875
1 0.792670012109 0.519623109722 0.13245295 0.124652233594
0 0.566290091016 0.453396632639 0.0203773763889 0.0128950601562
0 0.554111424219 0.453396632639 0.0203773763889 0.0114622734375
0 0.261823426953 0.592217511806 0.328585201389 0.277960157031
