0 0.0604380867187 0.463055384722 0.128241388889 0.116976942187
0 0.902108236719 0.563568905556 0.4401799 0.195783526563
0 0.136960502344 0.461322391667 0.100513519444 0.0594632765625
0 0.192037146484 0.455256919444 0.0814506111111 0.0526396242188
0 0.766686370703 0.521977103472 0.294608593056 0.273921005469
0 0.623877021484 0.482984788194 0.185430115278 0.122825788281
0 0.553690857031 0.478652311806 0.0935815513889 0.0701861640625
0 0.461571516797 0.453523931944 0.0433247916667 0.0282694273437
0 0.445487186328 0.454390425694 0.0277278680556 0.0136473101563
0 0.30657706875 0.450924444444 0.0346598333333 0.0126725015625
0 0.320711782422 0.447458460417 0.0277278652778 0.00779846171875
0 0.327048032031 0.449191452083 0.0311938486111 0.0126725015625
0 0.333384283984 0.443992475 0.0277278666667 0.0155969257813
0 0.283669083203 0.451790940278 0.0398588083333 0.0272946195313
0 0.366040345313 0.449191449306 0.0519897513889 0.051664815625
0 0.4084444875 0.446591961806 0.0433247958333 0.0253450046875
1 0.512748926172 0.434461020833 0.133440363889 0.0721357804687
