0 0.477681206641 0.598010736806 0.0358090263889 0.0211497054688
0 0.462070708984 0.597115511111 0.0304376722222 0.0201425773438
0 0.424806940625 0.605172542361 0.0286472208333 0.0221568359375
0 0.411347662891 0.592460168056 0.0247078888889 0.0234378851563
0 0.385025350391 0.623077055556 0.0501326361111 0.0231639617187
0 0.354811485547 0.612334347917 0.0751989569444 0.0312209945313
0 0.303951478516 0.626657957639 0.100265273611 0.0986986289063
0 0.493795267187 0.599801188194 0.0214854152778 0.02114970625
0 0.513434280859 0.598010736806 0.0537135402778 0.0221568335938
0 0.524009133594 0.60696299375 0.0465517347222 0.0211497046875
0 0.551201613672 0.598010735417 0.0716180486111 0.0412922835938
0 0.560265773047 0.609648670139 0.0769894069444 0.0312209945312
0 0.610118651563 0.60696299375 0.103846176389 0.074527534375
