0 0.0302190433594 0.505167088194 0.185430115278 0.0604380867187
0 0.755476080859 0.613479071528 0.769448326389 0.485454308594
0 0.136473098437 0.47137375 0.0866495861111 0.081883859375
0 0.249550808203 0.44884485625 0.0311938486111 0.0214457726562
0 0.483992095313 0.556290344444 0.235686875 0.178389835938
0 0.402108236719 0.508633070833 0.150770277778 0.0887075140625
0 0.351418228125 0.487837170139 0.109178476389 0.04581596875
0 0.328510244141 0.4817717 0.0658536861111 0.0175465414062
0 0.309014087109 0.467041270139 0.0502567597222 0.0253450039062
0 0.292442353516 0.460975799306 0.0381258180556 0.0194961570312
0 0.279282448047 0.454910328472 0.0329268430556 0.0146221179688
0 0.181314259766 0.458376311111 0.0710526611111 0.0253450054688
0 0.205684455078 0.449711353472 0.0537227458333 0.0175465398438
0 0.223718400391 0.44364588125 0.0450577847222 0.0185213492187
