0 0.5103093625 0.261855713889 0.0391752666667 0.0185567046875
0 0.487693379297 0.267010352778 0.0494845444444 0.0313144382813
0 0.452899559375 0.281443345139 0.0536082569444 0.042912378125
0 0.394909858984 0.273195920833 0.123711358333 0.0823453742188
0 0.228479419531 0.260824785417 0.0824742402778 0.0858247578125
0 0.105541254297 0.265979425694 0.109278368056 0.0556701117188
0 0.240657255859 0.425773265972 0.317525826389 0.305025822656
1 0.568878959766 0.253608288889 0.0391752638889 0.0104381460937
1 0.551482049609 0.253608290278 0.0309278416667 0.0127577335937
1 0.617010411328 0.254639218056 0.164948483333 0.0858247570313
