0 0.503291210547 0.544492345833 0.0291367166667 0.00956048515625
0 0.492911255859 0.549469855556 0.031564775 0.0122920507813
0 0.479936313281 0.551897915278 0.0461331333333 0.0163894015625
0 0.470375828906 0.557968063194 0.0485611902778 0.0163894015625
0 0.443060158984 0.551897914583 0.0704137263889 0.0464366382812
0 0.436231241406 0.565252240972 0.0679856652778 0.0355103703125
0 0.408232680469 0.568894334028 0.0607014875 0.0341445859375
0 0.398672195312 0.577392540278 0.0728417861111 0.02321831875
0 0.525007167969 0.543399706944 0.0291367166667 0.016389403125
0 0.566663563672 0.548255825 0.0339928333333 0.0232183195312
0 0.602856825391 0.549469857639 0.0218525347222 0.0136578351563
0 0.6308553875 0.549469859028 0.0849820819444 0.0559971234375
0 0.787237594531 0.571322390278 0.0752698444444 0.0491682046875
0 0.361796042187 0.582734281944 0.0874101416667 0.06146025625
0 0.709285503125 0.582734281944 0.145683569444 0.120393814063
0 0.856892551563 0.581520253472 0.0898382013889 0.117457378125
0 0.58626255625 0.546313389583 0.0485611902778 0.0300472359375
0 0.984388439062 0.5523835375 0.0461331305556 0.028681453125
0 0.543923268359 0.543885329861 0.0534173069444 0.0300472351563
