0 0.00545955859375 0.6229416 0.0211764861111 0.0109191171875
0 0.0295312621094 0.626912190278 0.0291176666667 0.0372242898438
0 0.0570772363281 0.62823571875 0.0264706041667 0.0268014882813
0 0.0868566699219 0.637500429861 0.0397059097222 0.0565809210938
0 0.825386585547 0.69044164375 0.0820588791667 0.104228011719
0 0.656388306641 0.678529870833 0.0794118194444 0.114650813281
0 0.579706269141 0.678529872222 0.0741176972222 0.104228011719
0 0.499301803516 0.675882810417 0.0847059402778 0.113161841406
2 0.488134516406 0.670588688889 0.0741176972222 0.069981665625
2 0.3310480125 0.660000445833 0.0635294555556 0.059558865625
0 0.302757551563 0.62161806875 0.0714706375 0.107205954688
0 0.211185797656 0.656029856944 0.140294213889 0.203989110937
