0 0.167179544922 0.564955304167 0.114377452778 0.0926067460937
0 0.245164173438 0.55109136875 0.0693196680556 0.059463278125
0 0.287080910937 0.544159401389 0.0415918 0.024370196875
0 0.309501490625 0.539826922917 0.0329268430556 0.028269428125
0 0.460596706641 0.515565039583 0.0433247930556 0.0185213492188
0 0.451336033203 0.519031021528 0.0329268430556 0.0116976929687
0 0.446461993359 0.516431534722 0.0346598333333 0.0155969257813
0 0.439638338281 0.517298029167 0.0294608583333 0.0136473109375
0 0.430865067578 0.516431534028 0.0277278680556 0.0155969257813
0 0.483504691016 0.525962988889 0.0606547111111 0.0448411601562
0 0.399671217578 0.521630507639 0.0346598347222 0.0253450039063
