0 0.486068150391 0.436848040278 0.0277251 0.0155953679688
0 0.465074384766 0.445378840278 0.0362559 0.0239928742188
0 0.438682223047 0.433648990278 0.021327 0.0191943007813
0 0.425486141797 0.444312490278 0.0341232 0.0215935882812
0 0.402692910156 0.458175040278 0.0405213 0.043187175
0 0.445280263281 0.462440440278 0.0447867 0.03958824375
0 0.365503953906 0.468838540972 0.0533175013889 0.0215935890625
0 0.336712502734 0.463506790278 0.0810426 0.0551836132812
0 0.301323014453 0.479502040278 0.0831753 0.0611818320313
0 0.243140290625 0.485900140972 0.108767701389 0.0767772
0 0.123775738281 0.494430940278 0.1898103 0.18114620625
0 0.0267982894531 0.527487790972 0.200473801389 0.0535965789063
