0 0.416093504688 0.559285595139 0.0238775458333 0.0103316296875
0 0.431590951172 0.552857025 0.0183673416667 0.0123979570313
0 0.44295574375 0.565714165972 0.0220408097222 0.018596934375
0 0.376316728906 0.570306002083 0.0422448902778 0.017563771875
0 0.356686630078 0.576734572222 0.0587755 0.0382270335937
0 0.314326945312 0.585918243056 0.0844897777778 0.065089271875
0 0.547821794531 0.567550899306 0.0404081541667 0.029961728125
0 0.579333267188 0.565714165972 0.0146938736111 0.0103316296875
0 0.598446783594 0.565714164583 0.0183673430556 0.0175637703125
0 0.618076880859 0.565714165972 0.0220408097222 0.0113647929687
0 0.631508000781 0.565714165972 0.0220408097222 0.015497446875
0 0.644422538672 0.566632533333 0.0238775444444 0.0165306085937
0 0.672317941797 0.564795799306 0.0385714208333 0.0371938695313
0 0.845643952344 0.618979461806 0.191020370833 0.210765260938
0 0.398613096484 0.573588123611 0.0514285583333 0.0413265195312
0 0.468868185547 0.5396085375 0.020204075 0.0165306101562
0 0.518460010937 0.55889425 0.014693875 0.01239795625
0 0.0868430792969 0.577480731944 0.0716326388889 0.0878188585938
0 0.147283118359 0.729623559028 0.383265234722 0.291351980469
0 0.505733309766 0.54918355625 0.0146938736111 0.0165306070312
