0 0.791833532422 0.595980582639 0.1430977375 0.103579466406
0 0.645199950781 0.55604633125 0.0965077763889 0.0486698703125
0 0.0502419878906 0.579341311111 0.0654478027778 0.0967157664063
0 0.131358437891 0.570467032639 0.0499178152778 0.0530376789063
0 0.210254779297 0.579167020139 0.0724520930556 0.0811888570313
0 0.274560171094 0.57434953125 0.0599013791667 0.0561575421875
0 0.320734149609 0.572130959028 0.0465899597222 0.0461739789062
0 0.348500935937 0.577122741667 0.0277321194444 0.0081116453125
0 0.682638311719 0.554937045833 0.0277321194444 0.0174712359375
0 0.673902693359 0.546617410417 0.0221856958333 0.0162232898437
0 0.147777519922 0.544604901389 0.0277321194444 0.0505417882812
0 0.183031976172 0.560689530556 0.0354971138889 0.0411821976563
0 0.247613150391 0.544050259722 0.0244042638889 0.0243349351562
0 0.468811469922 0.555697749306 0.0255135513889 0.0212150726563
0 0.455131351563 0.555111946528 0.0232949791667 0.0068636984375
0 0.48944985 0.557885158333 0.0155299888889 0.0180952078125
0 0.505673139844 0.557885158333 0.0155299888889 0.0106075359375
0 0.560270750781 0.544573741667 0.0133114166667 0.0037438359375
1 0.726512191406 0.530738842361 0.133114173611 0.0711328875
0 0.291603224609 0.5401677625 0.00776499166667 0.0174712351562
0 0.3153141875 0.542940975 0.00665570833333 0.0137273984375
0 0.337153231641 0.545714186806 0.0099835625 0.00873561796875
