0 0.2410264375 0.507857045139 0.0180871597222 0.0180190640625
0 0.181391915625 0.514425220139 0.144104845833 0.094385575
0 0.400194847656 0.521694813889 0.0305084666667 0.020593215625
0 0.377885529687 0.493474483333 0.0228813555556 0.0085805078125
0 0.368446972656 0.502627024306 0.0320338930556 0.0171610140625
0 0.313531719922 0.539999896528 0.201355895833 0.132139805469
1 0.520836765234 0.474406689583 0.161694884722 0.101249982031
0 0.416506994922 0.536731130556 0.0213559277778 0.0163029632813
0 0.236745377344 0.537493844444 0.0198305027778 0.0120127109375
0 0.399345980469 0.494019275694 0.0152542347222 0.0111546578125
0 0.427661652734 0.487917581944 0.0396610055556 0.0300317742187
