1 0.0297911421875 0.417452789583 0.2646584875 0.059582284375
0 0.430735429688 0.530725152778 0.292102333333 0.186426471875
0 0.180454121094 0.485438454861 0.206385056944 0.214428004688
0 0.0657283089844 0.436877266667 0.0801259638889 0.0450708554687
0 0.107384704688 0.432021146528 0.0946943208333 0.0737523078125
0 0.295862824219 0.457515772917 0.0874101430556 0.0682891734375
0 0.300569073047 0.441733384722 0.0995504388889 0.0858963726563
1 0.262401128906 0.391958163194 0.0242805958333 0.0532655546875
0 0.358528597266 0.426663722222 0.059698875 0.0379214039063
0 0.450879248438 0.390744135417 0.0412770097222 0.0641918234375
