0 0.0951535992187 0.221527613194 0.263622120833 0.190307198437
0 0.882115952344 0.344834734722 0.323149694444 0.2331939625
0 0.770302436719 0.292748106944 0.176456744444 0.148287442188
0 0.696756648438 0.245976440278 0.138189013889 0.132741178125
0 0.654901321875 0.225779583333 0.114803180556 0.0681643890625
0 0.602881130469 0.197078789583 0.0403937125 0.031092528125
0 0.580757600391 0.192826818056 0.0361417416667 0.0155462632813
0 0.568201002734 0.196015796528 0.0255118180556 0.0119586648438
0 0.547871272656 0.192826819444 0.0233858305556 0.0191338640625
0 0.514387010938 0.187511857639 0.0212598486111 0.0191338625
0 0.528737408203 0.186448863889 0.0233858333333 0.00956693203125
0 0.486882083203 0.188574848611 0.0276378027778 0.0143503976563
0 0.474325484375 0.1832598875 0.0425196944444 0.01315453125
0 0.455191621875 0.181133902083 0.0425196958333 0.0227214625
0 0.432470158594 0.180070909722 0.053149625 0.0227214640625
0 0.421707359766 0.187511856944 0.059527575 0.0275049289062
0 0.394800364453 0.192826819444 0.0829134111111 0.0454429257813
0 0.350553304688 0.209834697917 0.104173256944 0.08849411875
