0 0.429784860938 0.502734029861 0.0164062375 0.013183584375
0 0.408031946094 0.507421528472 0.0210937347222 0.01450194375
0 0.383642314062 0.517968393056 0.0234374833333 0.00791015
0 0.369799550781 0.509765275694 0.0304687291667 0.0197753765625
0 0.354638427734 0.521484015972 0.0304687291667 0.0131835835938
0 0.338818125391 0.524999636806 0.0328124763889 0.0237304523437
0 0.319701929297 0.530859009028 0.0257812319444 0.0197753773437
0 0.293993939062 0.532030882639 0.0281249791667 0.029003884375
0 0.461425463672 0.500390279861 0.0257812319444 0.0158203007813
0 0.478564125391 0.503905903472 0.0281249791667 0.0158203007813
0 0.496361963672 0.508593399306 0.0328124763889 0.0197753789063
0 0.518774058203 0.513280897222 0.0468749666667 0.0250488101563
0 0.541845330469 0.510937148611 0.0515624638889 0.029003884375
0 0.571508396875 0.519140268056 0.0585937083333 0.0408691125
0 0.622924376562 0.530077754167 0.089843675 0.069872996875
0 0.024570903125 0.648046427778 0.0632812055556 0.0408691125
