0 0.467202559766 0.505210277083 0.0166324375 0.0155929101563
0 0.478897241797 0.503824241667 0.0138603666667 0.0109150367188
0 0.487083520313 0.504517259028 0.0207905458333 0.011694684375
0 0.497218911328 0.509368385417 0.0249486541667 0.0132539742187
0 0.506964478906 0.512140458333 0.0304928 0.0171522
0 0.524896325781 0.510061404861 0.0429671291667 0.0233893640625
0 0.559590549609 0.511447442361 0.0263346958333 0.0148132632812
0 0.543997640625 0.520456679167 0.0443531694444 0.035084046875
0 0.700316561328 0.501052168056 0.0582135305556 0.0530158945313
0 0.376373860156 0.509368386806 0.0194045097222 0.0132539734375
0 0.397034464844 0.507289332639 0.0207905486111 0.0155929078125
0 0.0863847109375 0.573264663194 0.3381928875 0.171522007812
