0 0.647272409766 0.813639615972 0.362195270833 0.253450039844
0 0.831511092578 0.759916871528 0.192362081944 0.177415027344
0 0.455722667969 0.749518921528 0.1438383125 0.0965059765625
0 0.0077984625 0.78157926875 0.0658536847222 0.015596925
0 0.0321686585937 0.763382855556 0.0641206944444 0.0584884703125
0 0.535656911719 0.694063186806 0.1230424125 0.0536144328125
0 0.503488252734 0.693196690278 0.0623877027778 0.0204709648437
0 0.750114638281 0.676733270139 0.0571887263889 0.04581596875
0 0.907546104297 0.740853961806 0.1230424125 0.0682365492187
0 0.955799093359 0.726990027778 0.116110444444 0.0848082835938
0 0.196423780859 0.718325071528 0.0398588097222 0.0555640476563
0 0.249063405469 0.707927121528 0.0329268430556 0.043866353125
0 0.327535435547 0.697529170139 0.0294608597222 0.0389923132813
0 0.370426981641 0.692330194444 0.0294608583333 0.0272946195313
0 0.413318526953 0.688864210417 0.0294608569444 0.0253450039062
