0 0.607036192578 0.439793886111 0.0474226861111 0.0255154679688
0 0.572242373047 0.435670174306 0.0350515541667 0.0208762914062
0 0.556005256641 0.422268109722 0.0206185583333 0.0115979414063
0 0.516572261328 0.450103165972 0.0474226902778 0.0440721726562
0 0.607964013281 0.40164955625 0.0164948458333 0.011597940625
0 0.593466588281 0.402680485417 0.0144329930556 0.0127577328125
0 0.573170194141 0.410927909722 0.0185567055556 0.0139175289062
0 0.551482049609 0.458419308333 0.0494845416667 0.0405927898437
0 0.410567078125 0.462543019444 0.0659793916667 0.04871135
0 0.649507720312 0.468750076389 0.13814435 0.0916237265625
0 0.375216438281 0.473904718056 0.0659793944444 0.0626288765625
