0 0.537307774219 0.430756582639 0.0355263152778 0.018984375
0 0.501337380469 0.4316447375 0.0230921055556 0.0149876671875
0 0.488348067969 0.441414476389 0.0461842111111 0.01099095
0 0.468364517578 0.441414475 0.0710526305556 0.0409662835938
0 0.519322576953 0.437861844444 0.053289475 0.0329728617187
0 0.584768710547 0.427203945833 0.0142105222222 0.00799341796875
0 0.597758021875 0.437861847917 0.0497368458333 0.0299753296875
0 0.564785157422 0.44407895 0.0586184194444 0.0399671039063
0 0.635227182813 0.445855266667 0.0621710527778 0.050958059375
0 0.434392478125 0.463618426389 0.0799342166667 0.06894325625
0 0.373942230078 0.508026320139 0.1616447375 0.0599506570312
0 0.189182835156 0.542960528472 0.607499998611 0.378365670313
0 0.763121921094 0.435197370139 0.0426315791667 0.019983553125
0 0.804587792578 0.433837377083 0.0612273847222 0.0649465460937
0 0.849051197266 0.426315792361 0.0355263180556 0.0359703960937
0 0.901530739063 0.491983964583 0.229144734722 0.1758552625
0 0.9479925 0.622543176389 0.508026319444 0.102915296875
0 0.6696988125 0.436973688889 0.0266447416667 0.011990134375
