0 0.490610339453 0.481818070139 0.0497145180556 0.0115144132812
0 0.460951922656 0.495809764583 0.0874101458333 0.0641918234375
0 0.450708544531 0.509164090972 0.0898382069444 0.0546313359375
0 0.4247586625 0.526160508333 0.128687152778 0.068289175
0 0.590018460547 0.476385286111 0.0437050694444 0.0245841039062
0 0.596164488281 0.484883495139 0.0412770152778 0.0232183203125
0 0.609139429297 0.492167676389 0.0607014888889 0.0355103710938
0 0.652524459375 0.487328611806 0.1092285625 0.073112225
0 0.663087878125 0.515234239583 0.101978504167 0.04507085625
0 0.311398630078 0.533444686111 0.264658488889 0.204867517969
0 0.540167364453 0.490953646528 0.169964168056 0.0942390601562
0 0.764155854297 0.506736034028 0.245234015278 0.192575469531
