0 0.518734289453 0.470663474306 0.0214285763889 0.0129145476562
0 0.512277015625 0.470663477778 0.0153061305556 0.0068877578125
0 0.507111196484 0.472959397917 0.0198979708333 0.00688775859375
0 0.520025743359 0.475255317361 0.0244898097222 0.0103316367187
0 0.570822960937 0.469132863889 0.0153061305556 0.0086096984375
0 0.582015566797 0.480612459722 0.0290816444444 0.0223852148438
0 0.48364976875 0.476020621528 0.0321428708333 0.0167889078125
0 0.458896889844 0.498979817361 0.0811224847222 0.0223852140625
0 0.452870101172 0.508928799306 0.0948980013889 0.0189413351563
0 0.405086278125 0.491326750694 0.212755195833 0.0886798859375
0 0.637117633594 0.488265523611 0.0719388055556 0.0456313984375
0 0.678013697656 0.494387977778 0.0903061638889 0.075765340625
0 0.74043400625 0.514285945139 0.108673518056 0.0852360078125
0 0.271205478516 0.538775754167 0.353571588889 0.296173603906
0 0.545424352734 0.498214508333 0.08877555 0.0628507929687
0 0.847624742188 0.514285945139 0.197449068056 0.191135290625
0 0.957398388672 0.579336995833 0.202040905556 0.0817921273437
