0 0.806426036719 0.226407757639 0.0157084236111 0.044179940625
0 0.796030755078 0.24581228125 0.0231006236111 0.0545752195312
0 0.794731346875 0.259210642361 0.0221765986111 0.0738064875
0 0.790313353125 0.278615163889 0.0221765972222 0.0795238921875
0 0.790313351563 0.294785598611 0.0415811194444 0.085761059375
0 0.787454650391 0.320196284028 0.0277207486111 0.0997946898437
0 0.768743146094 0.371479665972 0.0693018680556 0.127861945312
0 0.772641376172 0.417680911806 0.0840862652778 0.157488492969
0 0.760426921484 0.467116243056 0.0997946888889 0.169443064844
0 0.863600077734 0.248122342361 0.0443531930556 0.0296265492187
0 0.0376950710937 0.590935579167 0.129363486111 0.0753657796875
