0 0.399549034766 0.484536161111 0.043298975 0.0173969101562
0 0.387371198438 0.487628945139 0.0453608319444 0.0255154671875
0 0.361275833203 0.493814513889 0.0536082555556 0.0475515539063
0 0.307345410938 0.496907298611 0.0762886722222 0.0533505234375
0 0.26965210625 0.508247505556 0.0865979527778 0.05682990625
0 0.198904672656 0.514433075 0.111340225 0.11018043125
0 0.0382732023437 0.558762978472 0.1587629125 0.0765464046875
0 0.547422770703 0.471134097917 0.0206185597222 0.00927835234375
0 0.560760401563 0.474226883333 0.0309278416667 0.0243556734375
0 0.635567114453 0.47422688125 0.0226804152778 0.0220360851562
0 0.655283613281 0.469072243056 0.0412371222222 0.0197164984375
0 0.52364699375 0.485567090278 0.0989690888889 0.02899485
0 0.465077396484 0.522680498611 0.214433025 0.139175280469
