0 0.486263397266 0.389479257639 0.0351409847222 0.0164723382812
0 0.4529069125 0.410710268056 0.106887161111 0.060124028125
0 0.296584429297 0.416567101389 0.0629609333333 0.0337682898438
0 0.334882613672 0.387282945833 0.0161062888889 0.0214140398438
0 0.357943883984 0.385818738889 0.0190347027778 0.0148251039062
0 0.3299409125 0.4143707875 0.0556398944444 0.0362391421875
0 0.700074322656 0.396800295139 0.0673535541667 0.032944675
0 0.739607933203 0.421691826389 0.0819956333333 0.0625948820312
0 0.786554093359 0.453172294444 0.112743994444 0.110364660156
0 0.882505457031 0.483920657639 0.147884981944 0.185313792188
0 0.599106407031 0.545371625 0.415834997222 0.305561851563
0 0.151096265625 0.450198122222 0.749674358333 0.30219253125
0 0.954085270312 0.642009335417 0.281127884722 0.0897742375
