0 0.295854182031 0.551437961111 0.05198975 0.0497152
0 0.392847561328 0.530642059722 0.0207959 0.00779846171875
0 0.384074291016 0.53410804375 0.0207958986111 0.00974807890625
0 0.377738040234 0.5358410375 0.0242618861111 0.00877327109375
0 0.421116989453 0.526309581944 0.0190629083333 0.00779846328125
0 0.447924205078 0.533241548611 0.0571887277778 0.0321686585937
0 0.4737566125 0.521110606944 0.0606547111111 0.0311938515625
0 0.619002983203 0.517644622222 0.0294608583333 0.0214457726563
0 0.602918652344 0.50811316875 0.0207959013889 0.020470965625
0 0.5839099 0.555770440972 0.0710526625 0.0604380875
0 0.269046964844 0.579165828472 0.0693196708333 0.06433731875
0 0.438176126953 0.557503431944 0.0537227416667 0.0380175054688
0 0.503488251562 0.588697282639 0.147304295833 0.104304439063
0 0.715021555078 0.555770440972 0.220089948611 0.227130228906
0 0.12964944375 0.658883448611 0.256482775 0.2592988875
0 0.971068088281 0.657880054167 0.192635877778 0.056857803125
0 0.408872395703 0.539296505556 0.0398437222222 0.0210937351563
0 0.367344103906 0.538124630556 0.0328124777778 0.0250488109375
