0 0.311043986719 0.540888161111 0.0230921055556 0.012989309375
1 0.408963394531 0.526677634028 0.0550657902778 0.0329728625
1 0.377489298828 0.521348686111 0.0692763138889 0.0339720398438
1 0.142182965234 0.56220395 0.119013158333 0.0869284539063
0 0.419954349219 0.528453950694 0.0479605263889 0.026977796875
0 0.260585516016 0.547105266667 0.0284210527778 0.0159868414063
0 0.293558377344 0.544440793056 0.0444078944444 0.0279769734375
0 0.332026716406 0.535559213889 0.0444078944444 0.0229810859375
0 0.363001223438 0.534671056944 0.0746052638889 0.04496299375
0 0.454425976953 0.525789475694 0.0817105263889 0.0519572367188
0 0.211126222266 0.571085529167 0.143881580556 0.0929235195313
0 0.0553544351563 0.706085530556 0.307302633333 0.110708870313
0 0.724703527734 0.635921055556 0.625263161111 0.472611022656
0 0.956013150391 0.561315792361 0.291315790278 0.0879276320312
