0 0.526639939063 0.493036147222 0.0450577861111 0.021445771875
0 0.532976189844 0.500834609028 0.0433247930556 0.0126725015625
0 0.570018888281 0.467041271528 0.1282413875 0.071160971875
0 0.582691389453 0.506900079861 0.0762516347222 0.0516648148437
0 0.604624565625 0.515565038889 0.0901155694444 0.0506900078125
0 0.651902746875 0.529428972917 0.1178434375 0.0945563609375
0 0.720139296484 0.551957864583 0.155969254167 0.137447907031
0 0.871930076172 0.605680609028 0.270346709722 0.251916744531
1 0.453041946484 0.369993734028 0.0519897541667 0.0809090507812
0 0.447193099219 0.512965552083 0.244351834722 0.12964944375
0 0.358972989844 0.488703667361 0.112644459722 0.0604380875
0 0.324854715625 0.525096492361 0.119576429167 0.089682321875
0 0.187406808984 0.569287783333 0.273812691667 0.220306574219
0 0.0677592890625 0.519897518056 0.5025676 0.135498290625
