0 0.443472326172 0.283224429861 0.0771428402778 0.0609566195313
0 0.403695548828 0.282306064583 0.0459183597222 0.0289285648438
0 0.543172560156 0.263938721528 0.0312244847222 0.01239795625
0 0.557981841406 0.271443103472 0.0275510152778 0.021696425
0 0.580194848047 0.277871673611 0.0734693722222 0.0330612164062
0 0.360131117969 0.288629678472 0.0808163097222 0.0454591734375
0 0.320354341406 0.292303147917 0.0808163097222 0.052691315625
0 0.254231905859 0.302405186806 0.134081604167 0.106415792969
0 0.178811003125 0.312507223611 0.117550994444 0.065089271875
0 0.626441188281 0.292040752778 0.124897933333 0.0867856953125
0 0.0880771496094 0.358163188889 0.268163208333 0.176154299219
0 0.5086449625 0.294508865972 0.112040793056 0.0733545765625
