0 0.285042493359 0.26424938125 0.0382653236111 0.0387436414062
0 0.482081577344 0.251239175 0.0306122583333 0.0198023046875
0 0.459265878516 0.257361623611 0.0459183888889 0.0258290929688
0 0.43214533125 0.258892238889 0.0459183861111 0.03185588125
0 0.407607691406 0.264249384028 0.0474489986111 0.020663275
0 0.528881438281 0.250473867361 0.0198979652778 0.0086096984375
0 0.536199682422 0.2527697875 0.0275510333333 0.0111926070313
0 0.547822772266 0.256596317361 0.0229591958333 0.0120535757813
0 0.558154410937 0.256596317361 0.0229591958333 0.013775515625
0 0.638593589453 0.281086126389 0.0474490027778 0.0378826695313
0 0.672171410937 0.294096336806 0.0673469680556 0.0344387921875
0 0.703166321484 0.292565722222 0.0734694194444 0.0499362460937
0 0.190766301953 0.274198366667 0.0642857444444 0.0947066742188
0 0.379749169141 0.268841221528 0.0535714541667 0.0439094585937
0 0.577587726563 0.256596317361 0.0290816458333 0.02582909375
0 0.754517015234 0.294861641667 0.105612294444 0.0869579476563
0 0.501453398828 0.258892234722 0.0275510305556 0.0206632757812
0 0.03363931875 0.321100726389 0.151530680556 0.0662946734375
0 0.0982120511719 0.258564252083 0.0841837125 0.0955676445312
0 0.93513619375 0.305357279861 0.211443248611 0.125701589062
