0 0.355478877734 0.480937161806 0.0328124763889 0.0224120945312
0 0.217710417969 0.486796534028 0.0257812347222 0.0210937359375
0 0.234189898047 0.476249665278 0.0328124777778 0.0171386585937
0 0.179478021875 0.485624659028 0.0374999736111 0.0369140375
0 0.147178239453 0.484452784722 0.035156225 0.0303222445313
0 0.0687359105469 0.502030897917 0.0421874708333 0.0369140367188
1 0.215073700781 0.464530923611 0.037499975 0.02636716875
1 0.122129428125 0.457499678472 0.0609374569444 0.0777831484375
0 0.118833532031 0.478593413194 0.0281249791667 0.0290038859375
1 0.0324810527344 0.465702797917 0.0492187152778 0.0487792632812
0 0.0297537007812 0.504374646528 0.0515624652778 0.0595074015625
0 0.374595075391 0.494999652083 0.0421874708333 0.0342773195312
0 0.437217102734 0.527812129861 0.0937499347222 0.0698729992188
