0 0.746372163672 0.466874672222 0.0562499611111 0.0290038867187
0 0.725278428906 0.475077790972 0.0585937097222 0.0237304546875
0 0.513022714844 0.453984055556 0.0210937361111 0.0158203015625
0 0.503794205078 0.456327804167 0.0210937361111 0.0105468679688
0 0.443149716406 0.451640307639 0.0304687291667 0.0210937359375
1 0.462265913672 0.450468434028 0.0421874736111 0.0197753773438
0 0.274399832422 0.462187175694 0.0468749680556 0.0369140367187
0 0.313291406641 0.469218420833 0.0656249555556 0.0593261304687
1 0.681113419531 0.476249665278 0.107812427778 0.07778315
1 0.582236534375 0.475077791667 0.189843619444 0.1226073375
0 0.386460302344 0.445780936806 0.0187499875 0.023730453125
1 0.349546264453 0.441093441667 0.0281249833333 0.0210937351563
0 0.04227810625 0.473905918056 0.22031235 0.0845562125
0 0.901279283203 0.565312104167 0.295312297222 0.196435411719
0 0.819541058594 0.461952808333 0.0210937361111 0.02241209375
0 0.844589869531 0.459609059722 0.0210937361111 0.027685528125
