0 0.0259989261719 0.484321942361 0.0350847402778 0.0317478773438
0 0.0521694714844 0.510254140972 0.0472881263889 0.0720762585937
0 0.0101249875 0.515593122222 0.0427118555556 0.018877115625
0 0.210479822266 0.50491515625 0.0396610041667 0.0609215976563
0 0.331464970312 0.50720329375 0.0289830458333 0.0609216015625
0 0.42499249375 0.520169393056 0.0396610111111 0.031747875
0 0.579012591406 0.523220239583 0.0335593152778 0.0257415203125
0 0.489775319922 0.537711761111 0.102203366667 0.0652118507813
0 0.460172573438 0.516355835417 0.0350847402778 0.0128707640625
0 0.562709627734 0.519406680556 0.0381355861111 0.0154449101562
0 0.545119589453 0.514830410417 0.0198305041667 0.0197351664063
0 0.529245653516 0.511016853472 0.0213559319444 0.0137288148437
0 0.244349441016 0.50029121875 0.0442372791667 0.0420444835937
