0 0.54735460625 0.316270990278 0.279011666667 0.162792910938
0 0.856528166406 0.403787073611 0.322336461111 0.285937646875
0 0.463033726172 0.277278677778 0.0693196694444 0.0487403914062
1 0.310963703125 0.225288923611 0.124775402778 0.089682321875
0 0.213482917969 0.227888411111 0.0641206916667 0.0994304
1 0.176927624609 0.170699686111 0.102246511111 0.0867578992187
0 0.232979076172 0.183697121528 0.0277278680556 0.0253450039062
0 0.376275828906 0.221822940972 0.0450577847222 0.04289154375
1 0.472781805078 0.219223453472 0.0398588097222 0.0448411601563
0 0.722820017188 0.304140047917 0.0502567597222 0.0224205796875
