0 0.437201319141 0.396855105556 0.0242618861111 0.0126725023437
0 0.532245084375 0.402920576389 0.0363928277778 0.015596925
0 0.553203452344 0.416784509722 0.0779846277778 0.039967121875
0 0.561190409375 0.432381434722 0.067586675 0.0356909
0 0.574161821094 0.437580411111 0.0779846277778 0.0272946203125
0 0.617540769922 0.436713913889 0.121309422222 0.0887075132812
0 0.652146449219 0.455776824306 0.135173354167 0.101380017188
0 0.773510026172 0.494769136806 0.237419868056 0.234928691406
0 0.266122541797 0.408986047222 0.0207959 0.0175465414063
0 0.481555076172 0.440179899306 0.162901220833 0.109178477344
0 0.329485052344 0.441912890278 0.173299172222 0.116976940625
0 0.175465411328 0.453177335417 0.0918485597222 0.109178478906
0 0.91388235625 0.537227434722 0.363928261111 0.170591373438
0 0.0506900078125 0.649871897917 0.3327344125 0.101380015625
