0 0.0316406140625 0.530431808333 0.170570230556 0.063281228125
0 0.924562625781 0.562673742361 0.0852851152778 0.0456327359375
0 0.835052257813 0.567874055556 0.0790447416667 0.0842450515625
0 0.629119908203 0.566833992361 0.0769646152778 0.117007016406
0 0.418507279297 0.546032745139 0.0936056152778 0.154449261719
0 0.289214524609 0.512750747222 0.0312018722222 0.0222313320312
0 0.270493401953 0.510670623611 0.0228813722222 0.0152109132812
0 0.221935490625 0.515870935417 0.0374422486111 0.0093605609375
0 0.228955911719 0.511710686111 0.0416024944444 0.0140408421875
0 0.237146402734 0.511710686806 0.0332819958333 0.0117007023438
0 0.246506964063 0.513790811111 0.0291217472222 0.0070204203125
0 0.254112420313 0.511710686806 0.0332819958333 0.01053063125
0 0.306180542578 0.5054703125 0.0208012472222 0.00936056171875
0 0.314371033984 0.4992299375 0.0166409972222 0.00702042109375
0 0.321391454297 0.4950696875 0.0249614944444 0.00936056171875
0 0.187206965625 0.514687320139 0.0506249819444 0.0390234234375
0 0.0643359152344 0.5343748125 0.0637499777778 0.0421874851563
