0 0.362070670313 0.431249704167 0.0187499888889 0.02241209375
0 0.333725962891 0.435937201389 0.0187499888889 0.0105468679687
0 0.388437839453 0.433593451389 0.0281249805556 0.0329589617188
0 0.408872396094 0.432421577083 0.0257812319444 0.01054686875
0 0.422055979687 0.439452822222 0.0445312194444 0.0290038859375
0 0.458310838281 0.439452822917 0.0632812069444 0.0250488109375
0 0.474131139453 0.440624695833 0.07031245 0.0224120929687
0 0.520932865625 0.434765325694 0.124218665278 0.0764647921875
0 0.564438694141 0.4546871875 0.168749883333 0.0606444898438
0 0.91248533125 0.505077777778 0.353906005556 0.17402331875
0 0.288901775 0.460546558333 0.0914061861111 0.087011659375
0 0.230234823047 0.481640295139 0.0820311930556 0.0303222445313
0 0.186069813672 0.479296546528 0.105468679167 0.0659179226563
