0 0.224256501562 0.512673704861 0.0326283958333 0.0126180125
0 0.207050119531 0.514712977778 0.0407854972222 0.024088934375
0 0.251786710547 0.49432023125 0.0203927458333 0.0172063820313
0 0.132489135156 0.521850440278 0.0469033194444 0.01720638125
0 0.150842608594 0.523889716667 0.0632175194444 0.0286773015625
0 0.256948626172 0.505536243056 0.0265105722222 0.0137651039063
0 0.0217947503906 0.539184277083 0.0815709930556 0.0367069460938
0 0.0461833050781 0.512334729861 0.114406859722 0.0854840554688
1 0.540395083984 0.449456176389 0.261027191667 0.239742244531
0 0.111841478516 0.526948627778 0.0570996944444 0.0424424070313
0 0.180093454687 0.525928990278 0.0713746166667 0.0527662359375
0 0.240889336328 0.517771892361 0.0509818708333 0.0367069476563
0 0.00917673671875 0.556382146528 0.1162386625 0.0183534734375
0 0.351583722266 0.51403320625 0.0396978847222 0.0240889335937
0 0.307420676562 0.509614772222 0.0240634472222 0.0160592890625
0 0.318891595703 0.512469765278 0.026510575 0.0183534726562
