0 0.0365552941406 0.486104179167 0.154236263889 0.0711609726563
0 0.107716267578 0.457509817361 0.110911470833 0.102354824219
0 0.270021773828 0.449711353472 0.119576429167 0.105279246094
0 0.399671217187 0.454043833333 0.207959005556 0.130624251562
0 0.631675484375 0.442779386806 0.1854301125 0.144271560937
0 0.337283514453 0.415918013889 0.0623877027778 0.0311938507813
0 0.552716048828 0.438446908333 0.103979502778 0.0409419304688
0 0.805191280469 0.39685510625 0.0623877013889 0.093581553125
0 0.898285429297 0.384724163889 0.0831836027778 0.0906571304687
0 0.508849696484 0.410719040278 0.0450577833333 0.0350930820313
0 0.489840942578 0.408119551389 0.0329268416667 0.0107228867187
0 0.482042480469 0.40465356875 0.0259948763889 0.0068236546875
0 0.468882574219 0.397721601389 0.0294608583333 0.0233953875
0 0.453773052734 0.395122113889 0.0242618833333 0.00877327109375
1 0.283669083203 0.376059203472 0.0589217180556 0.0682365492187
1 0.37968765625 0.358729286111 0.0415918 0.0536144328125
