0 0.655746769531 0.504862931944 0.0169964166667 0.0122920515625
0 0.612041699609 0.510933082639 0.0194244763889 0.0150236179688
0 0.591554946875 0.510933080556 0.0242805944444 0.0204867515625
0 0.573116869922 0.5121471125 0.0218525361111 0.0163894007812
0 0.553995901953 0.514575170833 0.0267086527778 0.0191209679687
0 0.533509149219 0.5157892 0.0242805944444 0.01912096875
0 0.513022397266 0.517003228472 0.0218525347222 0.0136578351563
0 0.494584319922 0.519431288889 0.0218525361111 0.0177551851562
0 0.473414676172 0.520645318056 0.0242805944444 0.0163894007812
0 0.454976599219 0.519431288889 0.0218525361111 0.0150236171875
0 0.622285073828 0.537641736806 0.0291367125 0.0136578351563
0 0.606578564844 0.543711884028 0.0267086541667 0.0232183203125
0 0.591554947266 0.544925913194 0.0291367125 0.0177551851562
0 0.543069633594 0.549782032639 0.0291367125 0.01912096875
0 0.526680232031 0.537641736111 0.0194244777778 0.01092626875
0 0.508242154688 0.542497854167 0.0242805944444 0.009560484375
0 0.519851314453 0.549782033333 0.0242805944444 0.0191209679687
0 0.495267212109 0.553424122222 0.05098925 0.0273156695313
0 0.474780459766 0.565564420139 0.0704137263889 0.0382419367188
0 0.444733223437 0.588630984722 0.160251927778 0.05736290625
0 0.067776984375 0.634764115972 0.1116907375 0.133846779688
0 0.570385303125 0.548568004167 0.0412770138889 0.043705071875
0 0.299960173047 0.654188592361 0.446762948611 0.300472364844
