0 0.384677083984 0.45115485625 0.0429671291667 0.0249486554688
0 0.421710245312 0.441452602778 0.0152464 0.010135390625
0 0.406117335547 0.4456107125 0.0235626194444 0.0179318460937
0 0.255255933203 0.441452600694 0.0928644375 0.0639309304688
0 0.484081892187 0.444917691667 0.0332648722222 0.0085761015625
0 0.455235001172 0.466401258333 0.079004075 0.0522362476562
0 0.328542608984 0.46778729375 0.134445531944 0.106031786719
0 0.0459211195312 0.453233911111 0.191273027778 0.091218521875
0 0.499905903516 0.441056593056 0.0124743277778 0.0109150367188
0 0.784791154688 0.434799627778 0.0291067638889 0.0311858203125
0 0.844044211719 0.417474171528 0.0554414569444 0.056134475
