0 0.313888126172 0.575353252083 0.263414740278 0.245651577344
0 0.454747860156 0.44624536875 0.0225288902778 0.016571734375
0 0.440613146094 0.449711351389 0.0225288916667 0.017546540625
0 0.423066604297 0.451444344444 0.0294608583333 0.0194961570312
0 0.406007468359 0.454043831944 0.0311938527778 0.0185213492188
0 0.38456169375 0.457509818056 0.0346598361111 0.0263198125
0 0.531107817969 0.432670275694 0.0207958986111 0.0126725
0 0.480606321094 0.44618675625 0.0187211236111 0.012870771875
0 0.51278325 0.429545757639 0.0104006236111 0.0093605625
0 0.502252619531 0.428505697917 0.0124807486111 0.0093605625
