0 0.0778433996094 0.297083638889 0.0742697638889 0.128957089844
0 0.390410542188 0.311938510417 0.0346598347222 0.034118275
0 0.430377664062 0.316270990278 0.0433247944444 0.032168659375
0 0.486916519531 0.343132360417 0.124775404167 0.0750602046875
0 0.702349053125 0.40465356875 0.230487901389 0.184238682812
0 0.400158621094 0.301540559722 0.0346598333333 0.024370196875
0 0.449873820313 0.301540559722 0.0346598333333 0.0165717328125
0 0.368964769141 0.299807570139 0.0138639347222 0.0224205804688
0 0.919243798828 0.382991172222 0.0589217166667 0.126725019531
0 0.867578983594 0.361328776389 0.0571887277778 0.070186165625
