0 0.355037978906 0.347748872222 0.0594915111111 0.0317478734375
0 0.624894920313 0.3096132875 0.07474575 0.048050840625
0 0.965541040625 0.452240379861 0.219660973611 0.066927953125
0 0.809375817188 0.31876583125 0.227288093056 0.175042340625
0 0.652781567188 0.319528539583 0.0823728680556 0.0677860046875
0 0.525790065234 0.322579388889 0.0640677861111 0.0437605851563
0 0.401801742188 0.34164718125 0.102203370833 0.07036015625
0 0.241346264063 0.380545479167 0.106779641667 0.101249982813
0 0.318999850781 0.355375993056 0.0777965944444 0.0712182078125
0 0.464868466016 0.349274296528 0.0167796569444 0.0265995710937
