0 0.255437424219 0.451868452778 0.0112126166667 0.018921290625
0 0.211918455469 0.447383405556 0.0291528027778 0.0277512265625
0 0.158308131641 0.447383405556 0.0112126166667 0.0138756132812
0 0.142540389844 0.449625929167 0.0112126166667 0.0151370328125
0 0.119834841016 0.445140882639 0.0201827097222 0.0227055492188
0 0.0908221953125 0.446262144444 0.0179401861111 0.0227055484375
0 0.0744237433594 0.449625929167 0.0201827111111 0.0151370320312
0 0.369217448047 0.466444854167 0.0448504666667 0.0391040007812
0 0.848178381641 0.486627563889 0.0493355138889 0.0681166460937
0 0.80339799375 0.454110976389 0.03363785 0.0592867109375
0 0.690500959375 0.467566115972 0.0515780375 0.050456775
0 0.86243244375 0.456353499306 0.0201827097222 0.044149678125
0 0.905320702344 0.483263779167 0.0515780361111 0.0416268390625
0 0.939379025391 0.469808638889 0.0515780361111 0.0391040007812
0 0.497419701563 0.5800660375 0.475414947222 0.280035101562
0 0.0094606453125 0.478778732639 0.0470929902778 0.0151370328125
