0 0.919960977344 0.495440419444 0.0542244027778 0.0262941609375
0 0.550790963281 0.454304665278 0.0691828583333 0.047329490625
0 0.518712085156 0.448695244444 0.046745175 0.0315529921875
0 0.493995575 0.444020727083 0.0373961402778 0.0199835625
0 0.476641428906 0.438411306944 0.0224376833333 0.012621196875
0 0.449295501172 0.446825436806 0.0542244013889 0.0336565257812
0 0.412483676953 0.43841130625 0.0411357541667 0.0420706585937
0 0.378827151953 0.43841130625 0.0448753680556 0.0378635929688
0 0.341489442969 0.444020726389 0.0523545944444 0.0347082921875
0 0.311514098828 0.435606596528 0.0430055652778 0.0252423929687
0 0.120092608984 0.42345285 0.123407258333 0.105176642969
0 0.192664492187 0.436541499306 0.0635734375 0.054691853125
0 0.264710492969 0.431866981944 0.0579640166667 0.026294159375
0 0.582869838281 0.444955629167 0.0579640138889 0.04207065625
