0 0.125522923828 0.836472982639 0.3201744125 0.247927266406
0 0.219860027734 0.763706070139 0.0277207263889 0.0140336179688
1 0.220377520313 0.730430436806 0.0375496680556 0.02754293125
0 0.239351165234 0.759547960417 0.0249486541667 0.00779645546875
0 0.252994961719 0.742222507639 0.0318788375 0.0241690109375
0 0.923879904688 0.801822072222 0.0762320027778 0.040541565625
0 0.872813125391 0.801822072222 0.0956365138889 0.0834220664062
0 0.818237941406 0.781031526389 0.0762320055556 0.045999084375
0 0.772628680859 0.780338507639 0.0720738930556 0.0686088039063
0 0.724680483203 0.777566434028 0.0498973097222 0.0350840476562
0 0.702460585937 0.763013054167 0.0623716388889 0.05301589375
0 0.661139375391 0.763013054167 0.0512833472222 0.0249486554688
0 0.635800896875 0.762320034028 0.0388090208333 0.030406175
0 0.617479227344 0.756082872222 0.0374229833333 0.043660146875
0 0.608903127344 0.747766651389 0.0512833472222 0.0343044015625
0 0.969792518359 0.797121609722 0.12444195 0.0575208242188
0 0.44825038125 0.748964651389 0.0398189833333 0.026416396875
0 0.491654441406 0.749885302778 0.0442739694444 0.0321413859375
