0 0.442758200781 0.33705125625 0.0246677569444 0.0176598703125
0 0.456633814844 0.348263873611 0.0246677583333 0.0252283875
0 0.493845686328 0.340415040972 0.0627906541667 0.0214441289063
0 0.5720536875 0.352748919444 0.10091355 0.056763871875
0 0.421314072266 0.3449000875 0.0358803722222 0.0201827101562
0 0.385994329297 0.343778825694 0.0291528041667 0.0151370320313
0 0.358873813281 0.339293779167 0.03363785 0.02396696875
0 0.348151747656 0.348263873611 0.0426079444444 0.027751225
0 0.274989424219 0.3617190125 0.0381228972222 0.0227055484375
0 0.517812654297 0.341536302778 0.0740032694444 0.0643323882813
0 0.406177039453 0.349385134722 0.0448504666667 0.0277512257813
1 0.748111791797 0.276310910417 0.0695182236111 0.124880517969
0 0.637947086719 0.355888446528 0.132308876389 0.131187614062
