0 0.610663848828 0.501562324306 0.0243749902778 0.0295312398437
0 0.588515418359 0.504374823611 0.0224999916667 0.0232031164062
0 0.552656055859 0.521249817361 0.0524999819444 0.0801562226562
0 0.494120920312 0.51656231875 0.0243749902778 0.023203115625
0 0.234140542578 0.547031058333 0.0843749694444 0.0717187242187
0 0.366503777344 0.528281067361 0.0393749875 0.0337499875
0 0.4271482875 0.507656071528 0.0168749958333 0.0137109328125
0 0.469863116406 0.529218565972 0.0524999819444 0.042187484375
0 0.417128759375 0.503906072917 0.0131249930556 0.0105468703125
0 0.390234238281 0.52078106875 0.0243749902778 0.01582030625
0 0.406581889062 0.501093574306 0.0187499930556 0.0147656203125
0 0.400781109375 0.514218570139 0.0187499930556 0.0094921828125
