0 0.400646024609 0.566688294444 0.0173299166667 0.0136473101563
0 0.367502557422 0.568421286111 0.0173299166667 0.0175465398437
0 0.651171641016 0.576219749306 0.0467907763889 0.0662869335937
0 0.732080692188 0.574486757639 0.0363928263889 0.0428915453125
0 0.770098198047 0.577952740278 0.0814506111111 0.0623877023438
0 0.957261304688 0.572753765972 0.0502567597222 0.0467907765625
0 0.902672065234 0.561489319444 0.0762516361111 0.0818838585937
0 0.383586887109 0.575353253472 0.0346598347222 0.0263198117187
0 0.430865067969 0.570154277778 0.0589217194444 0.0389923140625
0 0.558564896484 0.584018211806 0.1386393375 0.138422716406
0 0.296341585156 0.589217186111 0.155969252778 0.105279246875
0 0.093581553125 0.575353253472 0.0381258180556 0.0506900078125
0 0.0667743375 0.577952740972 0.0398588097222 0.0419167375
0 0.0394797175781 0.571020774306 0.0398588097222 0.0594632789062
0 0.0258324078125 0.580552228472 0.0519897513889 0.051664815625
0 0.354830055859 0.564955302083 0.0346598319444 0.0214457726562
