0 0.0155969253906 0.454910328472 0.0398588097222 0.0311938507812
0 0.946051014063 0.382991171528 0.0381258180556 0.04581596875
0 0.152557427734 0.424582972917 0.0173299180556 0.0263198117187
0 0.253450039844 0.429781947917 0.0277278680556 0.0428915453125
0 0.277332832422 0.421116989583 0.0242618847222 0.0243701960937
0 0.327048032422 0.424582973611 0.0138639361111 0.00877327109375
0 0.345081976953 0.417651005556 0.0138639333333 0.0155969242188
0 0.3835868875 0.416784509722 0.0121309416667 0.0087732703125
0 0.396259389453 0.414185022222 0.0173299166667 0.0165717335938
0 0.444024973828 0.410719039583 0.0381258180556 0.0126725023437
0 0.457184879687 0.414185022222 0.0207959 0.013647309375
0 0.487403923437 0.408986047222 0.0138639333333 0.0077984640625
0 0.538093930859 0.403787072222 0.0173299166667 0.0214457726563
0 0.497152001563 0.411585534722 0.015596925 0.0077984625
0 0.473269208984 0.413318527083 0.0294608597222 0.0165717335937
1 0.423066604688 0.412452030556 0.0589217194444 0.037042696875
