0 0.564354632812 0.456577679167 0.0231350833333 0.0099514875
0 0.510017304687 0.466813560417 0.0271592986111 0.02676625625
0 0.338149650391 0.494682525 0.0449092833333 0.0352129585937
0 0.581168505078 0.450226872222 0.0376512138889 0.0176606960937
1 0.271497008594 0.488558530556 0.14425405 0.122479854687
0 0.545162940234 0.460206709028 0.0612399263889 0.0375094570313
0 0.467476380469 0.477938195833 0.122479852778 0.0834394
0 0.0897025792969 0.549384779861 0.363356904167 0.177595788281
0 0.732791401562 0.506516827778 0.547076680556 0.391935532813
1 0.503650986719 0.44353165625 0.0304928013889 0.0280672390625
