1 0.273327397266 0.466013981944 0.429766533333 0.252669941406
0 0.474780459375 0.5607083 0.118974913889 0.0737523078125
0 0.386004533984 0.564350390278 0.0825540222222 0.0109262679688
0 0.393516343359 0.554638152083 0.0776979041667 0.0204867523438
0 0.410588636719 0.543711884722 0.05098925 0.032778803125
0 0.631162667188 0.525501438889 0.0339928361111 0.058728690625
0 0.712426784375 0.524287406944 0.0364208888889 0.0600944734375
0 0.808714519531 0.514575170139 0.0267086541667 0.0833127921875
0 0.857882725 0.514575170139 0.0315647736111 0.0314130203125
0 0.883832610547 0.515789202083 0.0145683625 0.0204867523437
0 0.941878406641 0.510933080556 0.0339928333333 0.0792154414062
1 0.506876371484 0.526715466667 0.0461331277778 0.0177551851562
