1 0.424528817969 0.371726725694 0.109178479167 0.0497152
0 0.447924204297 0.401187585417 0.0190629069444 0.0126725023438
0 0.464008534375 0.40205408125 0.0207958986111 0.01169769375
0 0.489353538672 0.405520063889 0.0207959 0.00779846328125
0 0.499589021094 0.406386561111 0.0294608583333 0.0087732703125
1 0.491303154297 0.388190146528 0.0485237680556 0.0194961570313
1 0.515673350391 0.402054080556 0.0623877027778 0.0350930820313
0 0.811040127734 0.499101615972 0.256482773611 0.257349271094
0 0.272458792969 0.426705823611 0.221043222222 0.15304483125
0 0.134523482812 0.5051670875 0.341399369444 0.269046965625
0 0.926554857812 0.563222310417 0.370860229167 0.14524636875
