0 0.979993890625 0.433469295833 0.0881632472222 0.03719386875
0 0.262423414063 0.459183578472 0.0165306097222 0.01239795625
0 0.216447657812 0.472959081944 0.0330612166667 0.029961728125
0 0.219030565625 0.4812243875 0.0312244805556 0.0247959125
0 0.205599446094 0.486734588889 0.0348979527778 0.0227295859375
0 0.179253788672 0.492244793056 0.0606122305556 0.0506249882813
0 0.152391548047 0.504183565278 0.0661224361111 0.0506249882812
0 0.149808641016 0.509693771528 0.0697959041667 0.0454591742187
0 0.121396657422 0.527142745139 0.0936734513889 0.0671555976562
0 0.290318815234 0.475714183333 0.0697959027778 0.0227295867187
0 0.246925969141 0.477550919444 0.0477550916667 0.0309948914062
0 0.4342728625 0.589591711111 0.481224386111 0.332678501563
