1 0.397767773437 0.332908090972 0.0404081541667 0.03409438125
0 0.387952723828 0.347142783333 0.0348979527778 0.0258290757812
1 0.3771045125 0.350816252778 0.0385714222222 0.03512754375
0 0.371938696875 0.359999922917 0.0642856986111 0.039260196875
0 0.430312408203 0.344387683333 0.014693875 0.0113647929687
0 0.442005944922 0.339738446528 0.0238775458333 0.0185969335938
0 0.470417929297 0.33973845 0.0348979527778 0.0258290773438
0 0.701846451953 0.370962930556 0.078979575 0.0857525320312
0 0.605762288281 0.370044563194 0.0808163097222 0.0816198796875
0 0.563418242188 0.348673395139 0.0495918263889 0.03719386875
0 0.494265202734 0.344204011111 0.0220408111111 0.0132244898438
0 0.506043263281 0.346040745139 0.0257142791667 0.0144642828125
0 0.51740805625 0.3469591125 0.0275510138889 0.016530609375
0 0.353153925 0.391167009722 0.0826530444444 0.064056109375
