0 0.121850980859 0.495635634028 0.0277278680556 0.0136473101563
0 0.104791842969 0.507766577083 0.0658536847222 0.0360678890625
0 0.0867578984375 0.520764014583 0.0675866791667 0.040941928125
0 0.043866353125 0.507766574306 0.0762516319444 0.0643373171875
0 0.0433789484375 0.545025897917 0.1126444625 0.0575136625
0 0.019008753125 0.551957864583 0.157702245833 0.036067890625
0 0.160843294531 0.513832046528 0.116110445833 0.07993424375
1 0.270996580859 0.473973236806 0.109178479167 0.0584884695313
0 0.392847562109 0.509499566667 0.0693196638889 0.0331434679687
0 0.32214390625 0.495711583333 0.0586956694444 0.0496550265625
0 0.432814683984 0.513832047222 0.0918485611111 0.0760350132812
0 0.506900079297 0.513832045833 0.147304294444 0.128674635156
0 0.648247217578 0.553690857639 0.168100198611 0.208608878906
0 0.8656743625 0.600050974306 0.349192654167 0.265237725
0 0.339967959375 0.517055461111 0.0871541722222 0.082040534375
