0 0.579686420313 0.436660189583 0.0124505986111 0.0100049421875
0 0.568180737109 0.436660189583 0.0124505986111 0.00900444921875
0 0.5656795 0.440217502778 0.00889328611111 0.01000494375
0 0.573183208203 0.441996158333 0.0124505972222 0.0110054367187
0 0.558676039062 0.444664143056 0.0142292527778 0.0080039546875
0 0.554173815234 0.444664143056 0.0142292527778 0.0110054367187
0 0.642717563672 0.456225413889 0.02667985 0.0220108757813
0 0.460627596484 0.458004069444 0.0302371611111 0.0140069210937
0 0.445620180469 0.458004069444 0.0302371611111 0.0180088984375
0 0.428611778125 0.459782725694 0.0373517875 0.0200098875
0 0.410602879687 0.467786677778 0.0391304444444 0.0300148296875
0 0.353074456641 0.473122647917 0.0498023847222 0.0490242210938
0 0.331063582031 0.466008022917 0.0213438791667 0.015007415625
0 0.310553446484 0.464229365972 0.0249011930556 0.0160079085937
0 0.593193095312 0.444664143056 0.0177865666667 0.0130064265625
0 0.92625765 0.553162193056 0.206324161111 0.146072171875
