0 0.255915425 0.495708808333 0.0191338638889 0.011958665625
0 0.2104725 0.486496203472 0.0233858319444 0.011958665625
1 0.240169852734 0.485433209722 0.0510236361111 0.0251131945312
0 0.223029097266 0.498189120139 0.0340157569444 0.0275049289062
0 0.262891316406 0.487204870833 0.0276378027778 0.01315453125
0 0.10164865 0.328464663194 0.421653673611 0.2032973
0 0.318698414453 0.525826922222 0.208346516667 0.125565978906
0 0.505054286719 0.515905665278 0.221102422222 0.174596504687
0 0.655693608203 0.567850555556 0.248740227778 0.259503025781
0 0.0689616292969 0.531850536111 0.180708713889 0.131545311719
0 0.869875760156 0.66125215 0.402378061111 0.25767434375
