0 0.412683229687 0.450141923611 0.0221032861111 0.0105203140625
0 0.405032092188 0.446741418056 0.0255037916667 0.0086075296875
0 0.397380954688 0.452692302778 0.03060455 0.0105203140625
0 0.390208013281 0.456942934722 0.0493073305556 0.015302275
0 0.372036561719 0.456942935417 0.0663098597222 0.036342903125
0 0.356734287109 0.462043693056 0.0663098583333 0.0439940414062
0 0.297597370312 0.471536775694 0.171158790278 0.08065574375
0 0.203711536719 0.498457448611 0.270340191667 0.206580714063
0 0.43850581875 0.446599739583 0.0170025291667 0.0105203140625
0 0.447591544531 0.450850370833 0.0289042972222 0.013389490625
0 0.455720878125 0.454250877083 0.0323048041667 0.0124330984375
0 0.462415623828 0.457651381944 0.0357053083333 0.0143458835937
0 0.469588564453 0.461902013889 0.0408060666667 0.0133894898438
0 0.480108878906 0.464452393056 0.0493073305556 0.021040628125
0 0.497323938281 0.468703025 0.0612091 0.032517334375
0 0.504975075391 0.474653909722 0.0561083416667 0.0325173335937
0 0.527450292187 0.4763541625 0.0833123861111 0.0353865109375
0 0.556142057813 0.487405805556 0.105415672222 0.0621654921875
0 0.625002294922 0.496757195833 0.154723002778 0.125287375781
0 0.425275732031 0.444899486111 0.0442065722222 0.01912784375
0 0.731640024219 0.559383165278 0.197229325 0.215188242188
0 0.08033694375 0.515176592361 0.4964738125 0.1606738875
