0 0.542165572656 0.3285852 0.020377375 0.00859670625
0 0.531419689844 0.3285852 0.0254717222222 0.0157606265625
0 0.478406670313 0.327311615278 0.0331132361111 0.0214917640625
0 0.456198514453 0.341321059722 0.04075475 0.0401179601563
0 0.641027689844 0.338773888194 0.0356604069444 0.0229245484375
0 0.658937492969 0.351509752083 0.0356604097222 0.027222903125
0 0.674698121484 0.354056922222 0.0356604083333 0.0300884710937
0 0.711377407422 0.369339952778 0.0764151638889 0.0702064304688
0 0.503193842969 0.357877679861 0.0789623347222 0.060176940625
0 0.299165367578 0.361698438889 0.101886883333 0.103160471094
0 0.937327509375 0.476321184722 0.280188933333 0.123219448438
0 0.157606273828 0.385896573611 0.160471841667 0.203455371094
