0 0.484712826562 0.539237186111 0.0137288111111 0.0094385578125
0 0.477848421094 0.540762608333 0.0167796555556 0.0094385578125
0 0.494151383594 0.539237186111 0.0167796583333 0.00943855625
0 0.498441636328 0.559067690278 0.0350847388889 0.0145868617187
0 0.485141852344 0.54991515 0.0167796583333 0.0120127109375
0 0.513028498047 0.559830402083 0.0396610097222 0.0300317742187
0 0.449913513281 0.56745751875 0.0610169375 0.0858050671875
0 0.285516364844 0.621610051389 0.0762711722222 0.0583474453125
0 0.210865955859 0.665084619444 0.154067766667 0.163029630469
0 0.581114826172 0.60483039375 0.155593190278 0.0677860039062
0 0.652762057812 0.630762592361 0.2074575875 0.14930081875
0 0.0782345542969 0.741355791667 0.268474525 0.155307174219
0 0.830888016797 0.756610027083 0.414915179167 0.334639764844
0 0.388804203516 0.754757735417 0.385932129167 0.273718167969
