0 0.362924976172 0.529465916667 0.110882913889 0.0849813585938
0 0.114218064453 0.532237986806 0.0970225486111 0.100574267969
0 0.773018501953 0.559265699306 0.148305901389 0.119285760156
0 0.548090778906 0.525307805556 0.033264875 0.015592909375
0 0.535616451172 0.523228750694 0.0263346930556 0.0109150367188
0 0.523921769141 0.521149697222 0.0166324388889 0.0124743273437
0 0.410483349609 0.521842714583 0.0318788375 0.0163725554687
0 0.611242064453 0.523228752083 0.0568274930556 0.0343044023437
0 0.456482433984 0.517684603472 0.0346509097222 0.0101353914062
0 0.218690558984 0.560651735417 0.242556373611 0.209724636719
0 0.5732112 0.533624023611 0.0582135305556 0.0386387453125
0 0.441669169531 0.526000822917 0.0429671291667 0.0335247546875
0 0.488447899219 0.519763660417 0.0194045125 0.0085761
0 0.497803644141 0.519070640972 0.0180184736111 0.0116946820313
0 0.507549214844 0.523228750694 0.0180184736111 0.009355746875
0 0.630343378125 0.541940243056 0.0498973111111 0.035084046875
0 0.0183216691406 0.535010060417 0.1136549875 0.0366433382812
0 0.894249112109 0.585531018056 0.226062680556 0.210495755469
