0 0.362228367969 0.464647035417 0.0280471041667 0.0168282640625
0 0.3512899875 0.474930974306 0.0224376847222 0.0168282625
0 0.339194673047 0.483345105556 0.0243074916667 0.0178800289063
0 0.330254658984 0.488019622222 0.0261772972222 0.0231388617187
0 0.305012264453 0.502043175 0.0430055583333 0.0441741898437
0 0.436483067969 0.47025645625 0.0168282625 0.0147247296875
0 0.447000732422 0.473061167361 0.0224376847222 0.0147247304687
0 0.456466630078 0.473061167361 0.0261772986111 0.0231388617187
0 0.467510177734 0.482410201389 0.0261772972222 0.0241906273438
0 0.478553725391 0.489889429861 0.0299169125 0.0294494601563
0 0.493804338281 0.496433754861 0.0280471041667 0.0347082921875
0 0.514313783984 0.511392209722 0.0467451722222 0.0504847882812
0 0.402300658984 0.467451745833 0.0186980694444 0.0157764960937
