0 0.149633004297 0.788511234722 0.419383997222 0.297316392969
0 0.297803796875 0.651604888889 0.311938511111 0.273921004687
0 0.439638338672 0.563222311111 0.155969255556 0.103329632031
0 0.487891326953 0.552824361111 0.0866495861111 0.0243701960937
0 0.498614213281 0.54849188125 0.0537227430556 0.016571734375
0 0.511286714844 0.54589239375 0.0415918013889 0.0224205796875
0 0.522984408984 0.534627947917 0.0329268430556 0.0146221164063
0 0.533219891406 0.533761451389 0.0207959 0.005848846875
0 0.535656911328 0.532028459722 0.0173299166667 0.00877327109375
0 0.918756394922 0.680199252083 0.285943634722 0.160843294531
0 0.735979923437 0.56928778125 0.150770279167 0.128674635937
0 0.673592221094 0.559756328472 0.0866495875 0.029244234375
0 0.654096064453 0.558889831944 0.0745186444444 0.0350930820312
0 0.628263656641 0.54329290625 0.0606547097222 0.0399671210938
0 0.605355672266 0.536360939583 0.0398588097222 0.00974807890625
0 0.597557209766 0.53549444375 0.0311938513889 0.00974807890625
0 0.590246151172 0.534627946528 0.0225288902778 0.00877327109375
0 0.583422495703 0.533761451389 0.0207959 0.00877327109375
0 0.551253836719 0.532894955556 0.015596925 0.0126725015625
