0 0.508475343359 0.499178152778 0.0133114166667 0.00436780859375
0 0.512843151172 0.499178153472 0.0155299875 0.00686369921875
0 0.519706850391 0.502506007639 0.0199671263889 0.00935958984375
0 0.438590400781 0.505833861806 0.0332785430556 0.019343153125
0 0.376193131641 0.508052431944 0.0266228361111 0.0218390445312
0 0.346866415625 0.506943146528 0.0377156819444 0.033070553125
0 0.324403398437 0.498068867361 0.0377156819444 0.024334934375
1 0.369329433203 0.483093523611 0.02551355 0.0268308257813
1 0.0972773429687 0.44704176875 0.170829856944 0.194055507812
1 0.241727021094 0.475328529167 0.0388249666667 0.06614110625
0 0.410919443359 0.535388389583 0.0942892069444 0.0717568601563
0 0.489506576172 0.502228686806 0.0144207041667 0.00998356328125
0 0.532560691797 0.499455474306 0.0266228347222 0.0149753445312
