0 0.430484887109 0.509234918056 0.0168367416667 0.0120535773438
0 0.416709371094 0.510000224306 0.0214285819444 0.0137755171875
0 0.40465579375 0.506938998611 0.0306122583333 0.0103316375
0 0.380979124609 0.508469611111 0.0275510333333 0.0146364851562
0 0.366773123828 0.509234918056 0.0321428722222 0.0154974554688
0 0.478699194531 0.506173691667 0.0229591944444 0.0086096984375
0 0.495488105078 0.497755320833 0.0397959361111 0.0249681226563
0 0.168319591016 0.530051263194 0.142347004167 0.117952858594
0 0.0632812785156 0.571377811806 0.169898034722 0.126562557031
0 0.854512501563 0.568316586111 0.378061394444 0.286702935938
0 0.326307544531 0.514745134028 0.0505102263889 0.039604609375
0 0.352997607031 0.515510440278 0.0367347111111 0.0154974546875
0 0.456744465234 0.495612472222 0.0704081944444 0.0404655789062
0 0.5251915625 0.500969617361 0.0535714513889 0.034438790625
2 0.681027091406 0.554541070833 0.114795972222 0.0774872796875
