0 0.0397320242188 0.396562220833 0.0890624388889 0.0791015078125
0 0.340509762891 0.410006070139 0.0244860986111 0.0486661148437
0 0.403867534375 0.411638475694 0.0179564680556 0.015609884375
0 0.387339421484 0.41653569375 0.0212212819444 0.0137734289063
0 0.176146845312 0.407557459028 0.0261185013889 0.0156098859375
0 0.209203073438 0.408373663194 0.0244860986111 0.022955715625
0 0.947611899219 0.433675961111 0.0522370055556 0.0514208
0 0.442433135156 0.432859757639 0.0734582875 0.059684859375
0 0.498148160547 0.413026151389 0.0282403666667 0.0308953820313
0 0.553997908984 0.412454677778 0.0163240638889 0.0110187429687
