0 0.0748172761719 0.668598831944 0.167860983333 0.149634552344
0 0.349280653125 0.614541904861 0.130874665278 0.103223835937
0 0.485312064453 0.582534514583 0.0469441736111 0.0328075757813
0 0.181641943359 0.627344861806 0.1251844625 0.107224760156
0 0.26766180625 0.599605122917 0.0924657958333 0.0840194015625
0 0.111625775781 0.588935992361 0.0341412180556 0.048811271875
0 0.618142736719 0.603872774306 0.112381504167 0.0664153359375
0 0.580934144922 0.606006600694 0.0768177375 0.0224051742188
0 0.560929525 0.585379615972 0.0611696819444 0.057613303125
0 0.657751882812 0.629478686806 0.135142315278 0.11202586875
0 0.398492016406 0.588224717361 0.0355637680556 0.0112025859375
0 0.407294049219 0.583957065278 0.0440990722222 0.0160036953125
0 0.418496635938 0.581823238889 0.0369863194444 0.0096022171875
0 0.428098853516 0.582534513889 0.0327186666667 0.00960221796875
0 0.436500793359 0.5789781375 0.0312961166667 0.0120027710938
0 0.446503102734 0.576844311111 0.0270284638889 0.00800184765625
0 0.455705227734 0.575421760417 0.0241833625 0.00720166328125
0 0.52812195 0.572576659722 0.0327186666667 0.0160036953125
0 0.517719547656 0.570442834028 0.0284510152778 0.0096022171875
0 0.511318069141 0.570442832639 0.0256059125 0.00800184765625
