0 0.266722833594 0.555116170833 0.251954227778 0.199924179687
0 0.67569284375 0.573079448611 0.237814561111 0.19914734375
0 0.509736723437 0.520331105556 0.071523175 0.0402317859375
0 0.387798860547 0.508942789583 0.0630511763889 0.0527747398437
0 0.432793432031 0.508708589583 0.0482781430556 0.0331912234375
0 0.561335035156 0.53814341875 0.0749623708333 0.0589416578125
0 0.522812055078 0.37817879375 0.0447019875 0.0201158929688
0 0.486100548438 0.509602629167 0.0500662222222 0.0231332765625
0 0.458441196094 0.507553617361 0.0423920430556 0.0261506609375
0 0.343780604297 0.501556272222 0.0625827777778 0.0241390726562
