0 0.0628717207031 0.714613211806 0.448474493056 0.125275399219
0 0.244778465234 0.510969184028 0.138813534722 0.159597427344
0 0.438697921484 0.5185963 0.0991525222222 0.0875211710937
0 0.661390625781 0.488789245139 0.0671186291667 0.0386693859375
0 0.500105648828 0.488789246528 0.0457627013889 0.0300317742187
0 0.601171763672 0.469394584028 0.0427118569444 0.0274576210938
0 0.691021926953 0.493038645139 0.0411864347222 0.0205932164063
0 0.624952024609 0.4691766625 0.0335593166667 0.0188771148437
0 0.567033602344 0.471464797917 0.0289830458333 0.0197351640625
1 0.407252292188 0.462094334722 0.114406755556 0.0806567640625
