0 0.428835457422 0.450298503472 0.0161140597222 0.0161140617187
0 0.389557430469 0.454774632639 0.0322281236111 0.0201425765625
0 0.223884733984 0.477155274306 0.112798434722 0.0594206039063
0 0.109072044141 0.4959550125 0.168302422222 0.178261808594
0 0.490270317969 0.455669859028 0.0232758652778 0.0181283203125
0 0.512427152734 0.464622113889 0.037599475 0.0161140632812
0 0.530555472266 0.464622115278 0.0626657972222 0.0362566382813
0 0.548180226562 0.467307790972 0.0572944402778 0.039278025
0 0.576883398047 0.4619364375 0.0859416638889 0.0483421867187
0 0.635296873047 0.467307790972 0.139655204167 0.120855463281
0 0.693710347266 0.52102133125 0.207692354167 0.199411514844
0 0.872789019531 0.598905964583 0.546087651389 0.253415940625
