0 0.648266439063 0.5524342125 0.0603947361111 0.03796875
0 0.618291108203 0.542664476389 0.0266447361111 0.0199835539062
0 0.605301800781 0.546217108333 0.0301973694444 0.0159868421875
0 0.585318247266 0.54177631875 0.0497368430556 0.0359703960938
0 0.569830992578 0.555986845139 0.0461842097222 0.0289761523437
0 0.542353610547 0.560427634722 0.0621710527778 0.0459621710938
0 0.498389794531 0.566644741667 0.113684211111 0.059950659375
0 0.449929676953 0.586184214583 0.152763156944 0.0929235195312
0 0.340519726563 0.604835529167 0.204276316667 0.199835526563
0 0.14827795625 0.698980266667 0.431644738889 0.2965559125
0 0.773163643359 0.564868425 0.0568421027778 0.0539555929688
