0 0.182289067578 0.434980921528 0.0311938486111 0.0175465398437
0 0.159868488281 0.434980924306 0.0381258180556 0.0233953890625
0 0.12818723125 0.441046392361 0.0398588097222 0.0302190421875
0 0.105766651953 0.443645884028 0.0381258180556 0.0185213476562
0 0.0887075132812 0.445378873611 0.0381258166667 0.019496159375
0 0.0233953882813 0.453177335417 0.0363928291667 0.0350930828125
0 0.0555640445313 0.446245367361 0.0467907736111 0.05069000625
0 0.248576000391 0.430648445139 0.0363928291667 0.0155969242188
0 0.238827921094 0.435847420139 0.0259948791667 0.0136473078125
0 0.224693208203 0.437580407639 0.0329268402778 0.0204709648437
0 0.500076425 0.413318525 0.0467907777778 0.019496159375
0 0.205197051563 0.443645884028 0.0381258180556 0.0360678890625
0 0.346446717188 0.527522685417 0.3951221125 0.228105035938
0 0.0175465410156 0.487837172917 0.0745186430556 0.0350930820313
