0 0.351542150391 0.50035915 0.0582135305556 0.0257283007813
0 0.330881546094 0.495508020833 0.0457392 0.0280672375
0 0.375711161328 0.512140457639 0.0762319986111 0.0428805023438
0 0.473166848437 0.509368386111 0.048511275 0.0194911359375
0 0.196392699609 0.52253573125 0.1136549875 0.0927778148437
0 0.238883376953 0.481647658333 0.0235626194444 0.0202707804687
0 0.289170512109 0.469173329861 0.0180184736111 0.0475583742188
0 0.130512655078 0.500359150694 0.0970225513889 0.0639309304687
0 0.0517684609375 0.518377620833 0.116427055556 0.102913204688
0 0.0411750210937 0.674306742361 0.3867041625 0.0823500421875
0 0.283108754688 0.530158954167 0.120585166667 0.122404339062
0 0.426006648437 0.532931029167 0.200975286111 0.11148930625
1 0.299399095703 0.444944763194 0.0665297486111 0.0639309304688
