1 0.785676183594 0.346001441667 0.688602377778 0.427507309375
0 0.557030134766 0.483357572917 0.0204030319444 0.00956392265625
0 0.570897820703 0.481657320139 0.0238035375 0.0143458820312
0 0.387748716797 0.480807193056 0.0119017666667 0.0133894898438
0 0.357622363281 0.481657320833 0.0204030333333 0.0066947453125
0 0.370055461719 0.479106941667 0.0221032861111 0.0200842359375
0 0.345667460547 0.482507447222 0.015302275 0.0133894898437
0 0.242855300781 0.484207701389 0.0255037944444 0.0124330984375
0 0.137652160547 0.48760820625 0.0323048041667 0.0392120804688
0 0.186428162109 0.505460859722 0.102015166667 0.119549024219
0 0.0601843921875 0.491008711111 0.0527078388889 0.0659910609375
0 0.264374124609 0.485057825 0.0340050527778 0.0306045492188
0 0.296891458984 0.481657320833 0.0204030333333 0.0153022742187
0 0.325583225391 0.485057825694 0.0238035375 0.0267789820313
0 0.31028095 0.483357573611 0.0238035388889 0.01147670625
0 0.478605974219 0.483357574306 0.0136020236111 0.0133894890625
0 0.502037583594 0.4842077 0.0119017694444 0.0105203140625
0 0.491517269531 0.485057826389 0.0136020222222 0.0105203140625
0 0.542684251562 0.482507446528 0.0187027791667 0.013389490625
0 0.516861662109 0.489308458333 0.0119017694444 0.00956392109375
0 0.449914209766 0.496109470139 0.0731108708333 0.0497323945313
