0 0.492011546875 0.4971426875 0.0412499833333 0.0137109328125
0 0.512577945703 0.500892684028 0.0899999708333 0.0379687367188
0 0.536835749219 0.50651768125 0.0937499680556 0.059062478125
0 0.543691215625 0.525267677083 0.134999954167 0.0580077921875
0 0.419238133984 0.499017686806 0.0449999819444 0.0263671773438
0 0.401835796875 0.504642683333 0.0524999833333 0.0316406140625
0 0.373886587891 0.504642683333 0.0524999833333 0.0432421726563
0 0.333808477344 0.531830172917 0.0731249763889 0.064335915625
0 0.239941322266 0.552455166667 0.174374938889 0.157148382031
0 0.455624840625 0.495267685417 0.0224999930556 0.0464062328125
0 0.45682454375 0.495374826389 0.0562499805556 0.027421865625
0 0.608172146875 0.569437300694 0.200624929167 0.163476504688
0 0.085502165625 0.641624775694 0.2549999125 0.17100433125
