0 0.0607499921875 0.491721835417 0.0715231736111 0.121499984375
0 0.235657677344 0.503344353472 0.0482781430556 0.0774461890625
0 0.185870841406 0.502450313889 0.0357615888889 0.032185428125
0 0.127031853906 0.503344353472 0.0375496680556 0.0191100984375
1 0.262814133594 0.471158922917 0.0876158902778 0.125724332813
0 0.402619592187 0.507814550694 0.0143046347222 0.0191100984375
0 0.387029775 0.506920511111 0.0125165555556 0.010057946875
0 0.415192025391 0.50781455 0.0178807916667 0.00804635703125
0 0.478054191016 0.513178788194 0.0178807930556 0.0130753304687
0 0.345792192578 0.547152298611 0.125165558333 0.108625824219
0 0.466990450391 0.522119186111 0.0393377472222 0.0251448664063
0 0.504707749609 0.515860908333 0.0268211916667 0.0181043023437
