0 0.492221699219 0.428505697222 0.016641 0.0117007015625
0 0.502752330078 0.428505697222 0.016641 0.00936056015625
0 0.509187716016 0.427465633333 0.0187211222222 0.00819048984375
0 0.513867996484 0.427465633333 0.0187211222222 0.00819049140625
0 0.52088841875 0.427465633333 0.0187211222222 0.0152109125
0 0.525568699609 0.445146695833 0.0332819944444 0.0222313335938
0 0.546629961719 0.439946383333 0.0270416194444 0.012870771875
0 0.560670803516 0.443066570833 0.0332819944444 0.0269116132813
0 0.629704943359 0.46178769375 0.0748844902778 0.0549932976562
0 0.664222013281 0.461787693056 0.0832049916667 0.05616336875
0 0.686453346875 0.409784573611 0.0291217444444 0.0444626671875
0 0.727405802344 0.460747628472 0.139368356944 0.112326735937
0 0.832712117578 0.487789251389 0.160169605556 0.182530946094
0 0.482276103125 0.447226819444 0.0249614972222 0.0152109109375
0 0.471160435938 0.440986445139 0.0166409986111 0.0117007015625
0 0.453609382813 0.443066570833 0.0291217444444 0.02574154375
0 0.432548119922 0.446186756944 0.0228813722222 0.0234014023438
0 0.372874542578 0.45138706875 0.0416024958333 0.0351021054687
0 0.353568385156 0.464907879861 0.0312018708333 0.0198911921875
0 0.331922085547 0.468028066667 0.0499229944444 0.0327619648438
0 0.119554351563 0.472188316667 0.0540832444444 0.0783947
0 0.16694219375 0.470108191667 0.0416024944444 0.0351021046875
0 0.2043844375 0.465947940972 0.0416024930556 0.0397823859375
0 0.25294235 0.461787693056 0.0540832444444 0.06201371875
