0 0.337348519141 0.554811597917 0.1821044625 0.125652082031
0 0.389248291016 0.495324140278 0.0582734277778 0.0300472367187
0 0.452074330078 0.479541752778 0.0461331305556 0.0273156695312
0 0.463683489844 0.479541753472 0.0315647736111 0.0122920515625
0 0.471195298828 0.47711369375 0.0267086541667 0.0109262679688
0 0.477341323828 0.480755784722 0.0242805972222 0.00956048359375
0 0.484853134375 0.474685634028 0.0267086541667 0.013657834375
0 0.497145186328 0.47711369375 0.0412770125 0.0300472398437
0 0.488950483984 0.517176675694 0.0534173097222 0.0273156695313
0 0.426397595312 0.50260831875 0.0728417847222 0.0546313359375
0 0.526782682031 0.525674884028 0.109262679167 0.0641918234375
0 0.557512810156 0.506250407639 0.0558453680556 0.0163894015625
0 0.577316670313 0.512320558333 0.0728417888889 0.047802421875
0 0.60121788125 0.537815178472 0.0898381958333 0.05736290625
0 0.648047863281 0.57084476875 0.125757526389 0.10458623125
0 0.475565801953 0.45161906875 0.0145683569444 0.0109262679688
2 0.679067560547 0.590018461111 0.140827452778 0.0983364101563
0 0.145455940234 0.662860246528 0.466187426389 0.290911880469
