0 0.198424219141 0.439321952083 0.0747457513889 0.0720762570313
0 0.238752602734 0.440847374306 0.0289830458333 0.0171610148438
0 0.264494124609 0.431694833333 0.0320338916667 0.0205932164063
0 0.300103226953 0.43550839375 0.0457627041667 0.0300317742188
0 0.319838392578 0.42101686875 0.0198305041667 0.0128707601562
0 0.473000439844 0.411864327778 0.0167796555556 0.00858050625
0 0.538212290625 0.408050771528 0.0122033902778 0.0051483046875
0 0.636030070313 0.414915175 0.0167796583333 0.0137288109375
0 0.65018790625 0.416440598611 0.0167796555556 0.011154659375
0 0.77546330625 0.404999923611 0.0152542361111 0.0223093171875
0 0.792624319531 0.407288059028 0.0106779652778 0.0102966078125
0 0.807211180859 0.404999923611 0.0213559277778 0.0137288101563
0 0.991692078906 0.401186364583 0.0289830458333 0.0137288109375
1 0.925622175391 0.371440607639 0.125084720833 0.116694892969
0 0.750579837109 0.404999923611 0.0122033888889 0.0154449132813
0 0.731273696094 0.404999923611 0.0152542361111 0.0145868625
0 0.835526853516 0.394321960417 0.0213559291667 0.0205932148437
