0 0.447886991016 0.561917110417 0.0209844569444 0.00655764296875
0 0.459034983594 0.559585504167 0.0163212444444 0.010492228125
0 0.426902534766 0.553756488194 0.0419689125 0.0301651554688
0 0.417721835156 0.563082913194 0.0512953375 0.03016515625
1 0.484609789844 0.550259079167 0.0536269444444 0.0249190421875
0 0.365260694141 0.593393794444 0.137564769444 0.0485265554687
0 0.300340032422 0.591062188194 0.235492231944 0.131152852344
0 0.600680064453 0.600388613889 0.165544044444 0.104922282031
0 0.679371775781 0.635945609028 0.220336793056 0.18623705
0 0.407885371094 0.577072550694 0.0396373069444 0.031476684375
0 0.507561539063 0.561042757639 0.0635362708333 0.0472150265625
0 0.786261350781 0.630699495139 0.314766845833 0.19541775
0 0.147546958984 0.617875660417 0.345077726389 0.295093917969
2 0.0485265554687 0.688989651389 0.230829019444 0.0970531109375
0 0.362637637109 0.3858808375 0.0373057 0.00655764296875
0 0.842984959375 0.613795349306 0.293782390278 0.312143789062
