0 0.183247958594 0.651548299306 0.691314156944 0.366495917188
0 0.824207158984 0.817749195833 0.354833816667 0.350967169531
0 0.587693518359 0.70151053125 0.0774924430556 0.0367069460937
0 0.689784713281 0.705589080556 0.0570996944444 0.0252360265625
0 0.706417548047 0.70966763125 0.0611782458333 0.0263831179688
0 0.6393126625 0.725981829167 0.150906336111 0.1032382875
0 0.48407285625 0.683157057639 0.0795317152778 0.0447365921875
0 0.539706822266 0.709667630556 0.120317213889 0.0940615507812
0 0.356172089453 0.632175188889 0.0591389694444 0.112415022656
0 0.294229117187 0.651548299306 0.0774924430556 0.0504720515625
0 0.405497048828 0.734138928472 0.242673701389 0.190417285156
