0 0.347855533203 0.446371025 0.0130645194444 0.00979838828125
0 0.323359561328 0.446371025 0.0217741944444 0.0122479851562
0 0.341731539453 0.460524253472 0.0195967763889 0.0171471804687
0 0.318460367578 0.457258122917 0.0174193569444 0.0171471789063
0 0.357653920703 0.455080703472 0.0130645180556 0.0122479851563
0 0.380312694141 0.45943554375 0.0304838763889 0.0183719789062
0 0.392560678906 0.459435543056 0.0217741972222 0.0110231875
0 0.405421064453 0.460524253472 0.0326612958333 0.0195967789063
0 0.454413005469 0.45943554375 0.0304838763889 0.029395165625
0 0.534682103516 0.461842295139 0.0190629097222 0.0243701960937
0 0.517622966016 0.455776823611 0.0207959 0.0136473101563
