0 0.601172012109 0.45788120625 0.0128816791667 0.0130427039062
0 0.587042416016 0.460457543056 0.0154580194444 0.0152164882812
0 0.571463632031 0.459813460417 0.0167461875 0.01449189375
0 0.440311996875 0.471406972222 0.0244751972222 0.027534596875
0 0.346114690234 0.483644572917 0.0618320791667 0.0565183851563
0 0.201558053516 0.495882170139 0.0708492541667 0.0775316320312
0 0.171849672266 0.498458507639 0.0605439097222 0.0499970320312
0 0.272206033984 0.484932740278 0.0875954444444 0.0941973070312
0 0.0439587132812 0.50811976875 0.0824427708333 0.060865953125
0 0.64464769375 0.482356404167 0.100477127778 0.0797054140625
0 0.496105785547 0.495882172222 0.122375991667 0.105790821094
1 0.946340326563 0.457278497917 0.3000604625 0.106313326562
