0 0.502096128125 0.489080545139 0.0242805958333 0.013657834375
0 0.49458431875 0.500006813889 0.0364208944444 0.0150236171875
0 0.481609376953 0.502434871528 0.0364208958333 0.0136578351563
0 0.473414675781 0.508505019444 0.0485611916667 0.01912096875
0 0.458391057422 0.515789197917 0.0631295486111 0.0300472351563
0 0.439270089062 0.530357558333 0.0631295472222 0.032778803125
0 0.384638751172 0.544925915278 0.0922662611111 0.0846785757813
0 0.521899988672 0.504862932639 0.0267086569444 0.0150236164063
0 0.530094689453 0.508505019444 0.0291367138889 0.00956048359375
0 0.540338067187 0.512147109722 0.0364208944444 0.0163894015625
0 0.555361684766 0.515789199306 0.0485611902778 0.0300472351562
0 0.581311569141 0.525501438889 0.0534173083333 0.0327788023437
0 0.590189162891 0.541283825 0.0558453694444 0.0314130195312
0 0.638674476562 0.549782034028 0.0922662597222 0.081947009375
