0 0.217051237891 0.55664024375 0.138281154167 0.101513602344
0 0.312658780469 0.543398984722 0.116486136111 0.0738811796875
0 0.712921034766 0.669374528472 0.312187298611 0.314753650781
0 0.454913680469 0.635404056944 0.267683833333 0.20699219375
1 0.150984185547 0.478472269444 0.134263994444 0.0676899804687
1 0.198904673047 0.479381523611 0.0371134083333 0.0243556757812
0 0.282989736719 0.515464002778 0.0309278416667 0.013917528125
0 0.269072208594 0.510309361111 0.0164948444444 0.013917528125
0 0.256894372266 0.502061938889 0.01649485 0.00811855859375
0 0.247616020312 0.485567090972 0.0206185625 0.012757734375
