0 0.248576000391 0.554557352083 0.0277278680556 0.0175465398437
0 0.290005333984 0.550224872917 0.0363928263889 0.0204709648437
0 0.311451106641 0.560622822917 0.0329268430556 0.0204709648437
0 0.450361225 0.613479071528 0.0554557375 0.0506900078125
0 0.496177193359 0.614345566667 0.0710526611111 0.0643373179688
0 0.0794468394531 0.560622822917 0.129974379167 0.0711609726562
0 0.219331765625 0.569287781944 0.0641206944444 0.0506900078125
0 0.271483984766 0.572753765972 0.0433247930556 0.0243701960937
0 0.346544189062 0.606547102778 0.117843433333 0.0906571296875
0 0.55369085625 0.639473947222 0.100513519444 0.097480784375
1 0.0389923136719 0.574486756944 0.2304879 0.0779846273438
0 0.894873602734 0.89162424375 0.213157984722 0.206659263281
1 0.113565114062 0.519897518056 0.187163105556 0.104304439063
0 0.171566180469 0.54069341875 0.0485237680556 0.0389923125
