0 0.860365050781 0.641470875694 0.423156856944 0.276994060938
0 0.0224861523437 0.584575371528 0.0900181013889 0.0449723046875
0 0.160329348828 0.603952879861 0.184391068056 0.205117194531
0 0.569708689844 0.601504490972 0.245224593056 0.15926958125
0 0.241748470312 0.549016572222 0.0328651527778 0.0142204984375
0 0.25739101875 0.547752527083 0.0303370625 0.0170645984375
0 0.272322541016 0.552808706944 0.0303370638889 0.0184866476563
0 0.288676114844 0.547752527083 0.0303370625 0.0170645984375
0 0.487763090625 0.583145770139 0.121348254167 0.0398173953125
0 0.463588242969 0.578089592361 0.0960673652778 0.028440996875
0 0.444390571094 0.561657017361 0.0834269263889 0.027018946875
0 0.430881097266 0.545224439583 0.0455055930556 0.0255968960937
0 0.378265253906 0.5397469125 0.0328651527778 0.019908696875
1 0.333470683594 0.526685127083 0.121348251389 0.0668363421875
