0 0.283331741406 0.33416916875 0.0135951652778 0.0099414640625
0 0.267272453516 0.339879131944 0.0190332305556 0.0160592882812
0 0.245477705078 0.33851961875 0.0190332347222 0.0122356492188
0 0.281419921875 0.351435021528 0.0203927486111 0.013765103125
0 0.217947494922 0.342938044444 0.0244712972222 0.0214123851562
0 0.169769627734 0.3463368375 0.0339879111111 0.0260007539063
0 0.194240924219 0.354493934722 0.0394259805556 0.035177490625
0 0.110694384375 0.353134417361 0.0367069458333 0.0198829296875
0 0.1332538625 0.359932001389 0.0584592111111 0.0527662359375
0 0.0498985054687 0.357212967361 0.0910876069444 0.077237534375
0 0.436404810547 0.377039255556 0.135951652778 0.0703549804688
0 0.353964803125 0.435311788889 0.225679744444 0.141474689062
1 0.630031628125 0.303129701389 0.575075494444 0.344892351563
