1 0.472967282031 0.376596132639 0.0237463458333 0.0190397203125
1 0.522854299609 0.383090301389 0.0367346833333 0.0320280554687
1 0.546617049609 0.393192342361 0.0202040763889 0.0382270335938
1 0.419291997266 0.374999923611 0.0165306083333 0.0134311195312
1 0.405860878125 0.374999923611 0.0165306083333 0.01136479375
0 0.415331545312 0.396734609722 0.0312244833333 0.0206632609375
0 0.399317517188 0.386632570139 0.0220408125 0.00929846875
0 0.409649148047 0.420612156944 0.0569387638889 0.0237627507813
0 0.434961641406 0.399489711806 0.0183673430556 0.0082653046875
0 0.443226947266 0.410510116667 0.0440816222222 0.0206632617188
0 0.458724392188 0.425203993056 0.0624489666667 0.03512754375
0 0.485070049609 0.395816242361 0.0183673430556 0.0216964226563
0 0.501084075391 0.396734611111 0.0165306111111 0.0185969335938
0 0.472672093359 0.439897866667 0.0697959055556 0.0464923351563
0 0.637289400391 0.45612235625 0.102857118056 0.0650892726562
0 0.833245996875 0.444489704167 0.0624489666667 0.041326521875
0 0.876122263281 0.457346840972 0.0844897791667 0.100216815625
0 0.923705146484 0.465580253472 0.0918367152778 0.137410683594
0 0.352120760547 0.444538978472 0.181999040278 0.109515283594
0 0.114493260156 0.439109945833 0.167142822222 0.15497445625
0 0.552037810938 0.514416054861 0.233265259722 0.170471903125
