0 0.347951262109 0.324244691667 0.0271903305556 0.0137651054687
0 0.318126868359 0.326963725 0.0190332277778 0.0137651054688
0 0.180475819531 0.33648034375 0.0489425958333 0.032118578125
0 0.119297574609 0.329682758333 0.0489425916667 0.0627076992187
0 0.0680607964844 0.328323242361 0.0625377597222 0.0535309632812
0 0.419835700391 0.326283967361 0.0258308125 0.0122356507812
0 0.435130260938 0.325604210417 0.0380664652778 0.0244712984375
0 0.439718629687 0.341918409028 0.0326283958333 0.0214123875
0 0.454248460938 0.318806628472 0.0135951652778 0.019882928125
0 0.466484111328 0.352794541667 0.0625377611111 0.0458836835938
0 0.494014321094 0.3453172 0.0611782444444 0.021412384375
0 0.510073610156 0.345317200694 0.0666163097222 0.032118578125
0 0.525368171484 0.354833818056 0.0666163138889 0.0443542289063
0 0.550604197266 0.366389706944 0.0706948583333 0.0550604195312
0 0.392687853906 0.363670671528 0.106042290278 0.0726491640625
1 0.817894573438 0.401110482639 0.486706918056 0.362481095313
0 0.00784742460938 0.333814415972 0.0557401791667 0.0156948492188
