0 0.204968799609 0.493290376389 0.0263346916667 0.0226097195312
0 0.2459001875 0.490518304861 0.0374229847222 0.0233893640625
0 0.368694352344 0.484974158333 0.0457392027778 0.0226097203125
0 0.385846552734 0.489825285417 0.0554414569444 0.0163725554688
0 0.482132778125 0.505071686111 0.0720738944444 0.026507946875
0 0.500844269922 0.510615831944 0.0803901138889 0.0452194382813
0 0.527742039063 0.514080923611 0.0900923694444 0.0522362484375
0 0.595571190234 0.529327323611 0.117813097222 0.0880999273437
0 0.723043222266 0.543187688194 0.153850043056 0.166844135156
0 0.946879447656 0.574373508333 0.210677538889 0.105252142187
0 0.425394082031 0.505111272222 0.130287425 0.0904388765625
0 0.308113114453 0.539762181944 0.188500952778 0.148132642969
0 0.154857073437 0.502537207639 0.0443531652778 0.038982275
0 0.120552671875 0.510160407639 0.0457392013889 0.0218300734375
0 0.0609097917969 0.524020772222 0.103952733333 0.120845050781
