0 0.666221685156 0.459374838889 0.0374999888889 0.01687499375
0 0.749541969531 0.478124834028 0.0487499819444 0.0147656203125
0 0.587120150781 0.442499845833 0.0224999944444 0.0147656203125
0 0.571299844531 0.433124848611 0.0187499944444 0.0126562453125
0 0.562862346094 0.438749845833 0.0224999944444 0.0084374984375
0 0.556534224219 0.452812342361 0.0468749847222 0.0168749953125
0 0.480069406641 0.434999847222 0.0299999916667 0.0179296820313
0 0.460557695313 0.432187349306 0.0318749902778 0.0232031171875
0 0.4304991125 0.436874847222 0.0412499861111 0.034804675
0 0.416260835937 0.42374985 0.0224999916667 0.0210937421875
0 0.396221779687 0.417187352083 0.0356249875 0.0232031171875
0 0.361944448438 0.412499854167 0.0449999833333 0.043242171875
0 0.32028430625 0.418124852778 0.0412499861111 0.0337499890625
1 0.243819489453 0.388124864583 0.142499948611 0.114960897656
0 0.206378096094 0.434999847917 0.134999951389 0.156093696875
0 0.0676839917969 0.42656235 0.0993749638889 0.129732008594
0 0.519092829688 0.458905997222 0.119062277778 0.0685546640625
0 0.609268580859 0.457499840278 0.0674999777778 0.0379687367187
0 0.647237316406 0.462187336806 0.0431249847222 0.029531240625
0 0.71407238125 0.465468430556 0.117187419444 0.0698729984375
1 0.882822265234 0.415077879861 0.353905926389 0.233349449219
0 0.909327069922 0.666562266667 0.373124869444 0.180351499219
