0 0.382589029687 0.345948704861 0.0195652236111 0.0240118640625
0 0.590291651172 0.339723405556 0.0142292527778 0.0120059320313
0 0.62680969375 0.355731315972 0.0284585069444 0.0250123578125
0 0.599796347656 0.354841986806 0.0266798486111 0.0190093921875
0 0.528761250781 0.327272810417 0.0213438791667 0.0110054390625
0 0.521757790234 0.334387436111 0.0249011916667 0.0150074148437
0 0.515754824219 0.340612734722 0.0302371611111 0.02101038125
0 0.513253588672 0.353952657639 0.0284585069444 0.0180088992187
0 0.491742960156 0.377075194444 0.0711462638889 0.049024221875
0 0.149698963281 0.415316311111 0.320158186111 0.299397926563
0 0.458026289453 0.363735269444 0.033794475 0.0320158179687
