0 0.272248507812 0.457627444444 0.0832049888889 0.07722463125
0 0.3254867 0.447226820139 0.0624037402778 0.036272175
0 0.346547963281 0.444106631944 0.0603236166667 0.0292517546875
0 0.375799717187 0.442026506944 0.0436826194444 0.036272175
0 0.415667426562 0.440986445139 0.0436826208333 0.0327619640625
0 0.453694707031 0.429545759028 0.0291217458333 0.0222313328125
0 0.468320584375 0.422265322222 0.0228813722222 0.0117007015625
0 0.477681145312 0.417065010417 0.0291217458333 0.01638098125
0 0.583572495312 0.426425571528 0.0353621208333 0.024571475
0 0.571286758984 0.420185196528 0.0187211208333 0.0163809820312
0 0.563096268359 0.423305384722 0.0166409972222 0.0140408414062
0 0.554320741797 0.423305386111 0.0208012472222 0.0152109132812
0 0.544960180469 0.423305384722 0.0166409972222 0.0152109125
0 0.506383214062 0.424539475694 0.0248684208333 0.0139884875
