0 0.103817035547 0.418517501389 0.0225288916667 0.0282694273437
0 0.122825789062 0.415051518056 0.0190629083333 0.0116976953125
0 0.137935310937 0.419383996528 0.0138639347222 0.0185213484375
0 0.159381083594 0.414185021528 0.0242618847222 0.0204709640625
0 0.185213491016 0.419383996528 0.0138639347222 0.00779846328125
0 0.197885992187 0.418517503472 0.0155969263889 0.013647309375
0 0.227617632031 0.408119552083 0.0190629069444 0.0126725015625
0 0.240290134375 0.413318525694 0.0190629069444 0.0107228875
0 0.264660330469 0.415051518056 0.0190629083333 0.0146221171875
0 0.277332832422 0.414185022222 0.01039795 0.0146221179688
0 0.290980141797 0.408986047917 0.0207958986111 0.0165717335937
0 0.300728221094 0.412452030556 0.0138639333333 0.016571734375
0 0.315350337891 0.415051518056 0.0190629083333 0.0204709648437
0 0.344594573437 0.413318527083 0.0155969263889 0.0243701953125
0 0.976414940625 0.422307570833 0.0474389444444 0.0398173953125
0 0.900235046484 0.425449470139 0.0294608597222 0.0224205804687
0 0.877814464844 0.425449470139 0.0294608597222 0.0243701953125
0 0.84710801875 0.426315963194 0.0277278680556 0.0292442359375
0 0.547354605469 0.419383996528 0.110911470833 0.0965059765625
0 0.725257038281 0.462708790972 0.305006543056 0.224205804687
0 0.463521130078 0.540693416667 0.353530311111 0.268072157031
