0 0.451954279297 0.431841091667 0.270154605556 0.147974877344
0 0.887849265625 0.489425952778 0.416012061111 0.223682954687
0 0.216800403906 0.348715990972 0.0469033208333 0.055060421875
0 0.262684085938 0.347696352778 0.0367069444444 0.0390011296875
0 0.301685216016 0.346676716667 0.0346676722222 0.0412953148438
0 0.043015953125 0.363194847222 0.0428247722222 0.058501696875
0 0.889036816797 0.387682136806 0.0459183569444 0.0361607070313
0 0.838928408984 0.363804590278 0.0422448888889 0.0185969351563
0 0.861657996094 0.368396426389 0.0440816222222 0.0227295875
0 0.876638860547 0.376661730556 0.0459183583333 0.0216964242188
0 0.400424477344 0.343338116667 0.0348979527778 0.028928565625
