0 0.517848023828 0.623711440972 0.0185567041667 0.0150773226563
0 0.545451142188 0.6216495875 0.0268041277778 0.017396909375
0 0.563427949609 0.622680514583 0.0247422736111 0.0115979414063
0 0.582564532813 0.630515572222 0.0371134083333 0.02899485
0 0.628956293359 0.661443407639 0.0742268152778 0.0568299054688
0 0.736817152734 0.662474343056 0.200000033333 0.170489719531
0 0.925470470313 0.745979510417 0.317525823611 0.146507625
0 0.421585121484 0.626391861806 0.0371134069444 0.0266752632813
0 0.330541290625 0.631958868056 0.0845360972222 0.0626288765625
0 0.269072208984 0.638144434722 0.105154658333 0.0858247554687
