0 0.406195300391 0.348357158333 0.0110882916667 0.00623716484375
0 0.39644973125 0.347664140972 0.0207905486111 0.0132539734375
0 0.385144871484 0.351129232639 0.0110882930556 0.00779645390625
0 0.378517885156 0.351129232639 0.0110882930556 0.0085761
0 0.364874089063 0.347664140278 0.0263346916667 0.0218300734375
0 0.356687811328 0.354594322222 0.0235626194444 0.0101353914062
0 0.335247560156 0.349743194444 0.0415810916667 0.032745109375
0 0.30795996875 0.349050177083 0.0457392013889 0.021830075
0 0.285350249219 0.355980359722 0.0623716416667 0.0358636921875
0 0.232594239844 0.357366395139 0.0928644402778 0.082642421875
0 0.425296614063 0.351360234722 0.0152464027778 0.0054575171875
0 0.415810935938 0.350667215972 0.0194045097222 0.01403361875
0 0.431403844922 0.334034779167 0.0249486555556 0.0140336179688
0 0.433352959766 0.359676452083 0.0291067652778 0.00857610078125
0 0.442318882422 0.349281179861 0.0415810930556 0.0109150367187
0 0.455572855469 0.349281178472 0.0471252375 0.01403361875
0 0.467657360937 0.352746270833 0.0595995666667 0.0148132640625
0 0.500792294141 0.36314154375 0.0776180402778 0.0561344757812
0 0.0371712191406 0.391786297917 0.2106775375 0.0717273851562
0 0.861386446484 0.410035780556 0.447689766667 0.275214858594
