0 0.533707295313 0.412452030556 0.0138639333333 0.0087732703125
0 0.541993162891 0.409852543056 0.0294608583333 0.0116976945312
0 0.552716048828 0.413318527083 0.0294608597222 0.0175465414062
0 0.56441374375 0.415051520139 0.0467907763889 0.0253450046875
0 0.574649225 0.415918014583 0.0623877041667 0.016571734375
0 0.601943844922 0.414185022222 0.0866495861111 0.0575136632812
0 0.637036926953 0.429781948611 0.0901155722222 0.0672617414063
0 0.706735689453 0.446245369444 0.143838313889 0.120876174219
0 0.746702809375 0.374326214583 0.0311938513889 0.0389923140625
0 0.723794825 0.369993734722 0.0225288916667 0.0321686578125
0 0.507387483984 0.405520063889 0.0207959 0.0146221179688
0 0.498126808984 0.41245203125 0.0277278680556 0.0175465414062
0 0.493252769141 0.418517502083 0.0294608597222 0.0155969257813
0 0.478143248828 0.414185021528 0.0554557347222 0.0282694289063
0 0.464983342578 0.42284998125 0.0554557347222 0.0350930820312
0 0.433302088281 0.436713915278 0.0623877027778 0.043866353125
0 0.288543122266 0.445378872222 0.0693196694444 0.0682365492187
0 0.265729471094 0.455289413889 0.0787428 0.0651234609375
0 0.370914386328 0.45144434375 0.1542362625 0.112102902344
0 0.145246369141 0.542426410417 0.509499568056 0.290492738281
0 0.876839657422 0.464441781944 0.485237683333 0.242727153906
