0 0.491169862109 0.549782033333 0.0145683583333 0.0163894023437
0 0.477512025391 0.553424121528 0.0169964152778 0.0109262679688
0 0.465902867187 0.549782031944 0.0194244777778 0.0122920515625
0 0.452927925 0.549782031944 0.0194244777778 0.0163894015625
0 0.438587198437 0.554638153472 0.0145683569444 0.0122920515625
0 0.422880687891 0.559494272222 0.0194244777778 0.0191209695313
0 0.394199233594 0.552210091667 0.0437050722222 0.0409735046875
0 0.653698094922 0.567992479861 0.0412770097222 0.0737523085937
0 0.728816184375 0.547353975 0.0291367138889 0.0300472359375
0 0.701500516406 0.548568002778 0.0267086527778 0.02731566875
