0 0.644820501953 0.541082960417 0.194993381944 0.148870397656
0 0.222793408203 0.518617113194 0.101178793056 0.0696549554687
0 0.358688864063 0.515789200694 0.0728417847222 0.0355103703125
0 0.387370317578 0.509247190278 0.0470768527778 0.0300472351563
0 0.416734661719 0.5000068125 0.0218525333333 0.009560484375
0 0.405125503125 0.5000068125 0.0218525333333 0.0109262671875
0 0.430392495703 0.491949132639 0.0312018486111 0.0150236179688
0 0.444733223438 0.491508605556 0.0242805944444 0.01092626875
0 0.454976599609 0.496364724306 0.0339928319444 0.0122920523437
0 0.465902866797 0.501220841667 0.0339928333333 0.0150236179688
0 0.484105670313 0.507327918056 0.0462069861111 0.0305177828125
0 0.302691741797 0.523073377083 0.194244759722 0.128383646094
