0 0.618705653906 0.517111297222 0.0233123944444 0.0178816671875
0 0.638971541797 0.519230606944 0.0317896305556 0.0178816664063
0 0.659237430469 0.519230605556 0.0402668638889 0.0226501109375
0 0.523336766797 0.514991988194 0.0233123930556 0.0226501117187
0 0.489957655859 0.526648186111 0.0254317027778 0.0154974429687
0 0.463135156641 0.521349915972 0.0402668625 0.0214579992187
0 0.432736323828 0.523469222222 0.0572213305556 0.0417238882812
0 0.390416380078 0.531946457639 0.0656985680556 0.0500686664063
0 0.281934272266 0.551020234028 0.0868916513889 0.122787442969
0 0.685463874609 0.526648186111 0.0423861722222 0.0441081101562
0 0.567444877734 0.505455098611 0.0169544694444 0.0107290007812
