0 0.677004049219 0.745186440278 0.246084825 0.20568445625
0 0.417705162109 0.683665236111 0.171566180556 0.116002133594
0 0.301703027734 0.625610013194 0.135173354167 0.0926067460937
0 0.536631719922 0.659403352083 0.129974379167 0.0965059773437
0 0.485454307812 0.6256100125 0.0450577833333 0.0389923140625
0 0.464008535156 0.612612574306 0.0155969263889 0.013647309375
0 0.379687655859 0.618678046528 0.0381258180556 0.0224205804688
0 0.354342651562 0.617811549306 0.0571887263889 0.028269428125
1 0.466445554297 0.583151715278 0.0433247916667 0.0302190429688
0 0.0453285648438 0.576219749306 0.0363928263889 0.067261740625
0 0.107716267578 0.58228521875 0.0277278680556 0.0360678898437
0 0.180826854688 0.582285219444 0.0311938527778 0.067261740625
0 0.221768785156 0.586617699306 0.0225288930556 0.0263198125
0 0.255887059375 0.588350690972 0.0225288930556 0.0243701953125
